image,category,shelf_name,x1,y1,x2,y2,w,h,train
C4_P08_N1_S5_2.JPG,9,C4_P08,1016,1800,1152,2012,136,212,False
C3_P03_N2_S4_1.JPG,9,C3_P03,1192,2040,1376,2324,184,284,True
C3_P01_N4_S3_1.JPG,9,C3_P01,2080,1776,2328,2156,248,380,True
C3_P04_N2_S4_1.JPG,9,C3_P04,456,1860,660,2156,204,296,True
C3_P04_N4_S2_1.JPG,9,C3_P04,1624,1716,2024,2276,400,560,True
C1_P09_N2_S4_1.JPG,9,C1_P09,648,1244,844,1516,196,272,False
C3_P04_N4_S2_2.JPG,9,C3_P04,1400,1396,1684,1780,284,384,True
C3_P07_N4_S2_1.JPG,9,C3_P07,2804,584,3152,1056,348,472,True
C3_P07_N1_S5_1.JPG,9,C3_P07,1952,1664,2120,1904,168,240,True
C4_P08_N3_S3_2.JPG,9,C4_P08,1644,1644,1876,1980,232,336,False
C3_P04_N4_S2_2.JPG,9,C3_P04,768,1348,1084,1772,316,424,True
C3_P04_N4_S2_1.JPG,9,C3_P04,784,1648,1168,2264,384,616,True
C2_P06_N2_S4_2.JPG,9,C2_P06,960,1360,1116,1556,156,196,False
C2_P05_N1_S5_1.JPG,9,C2_P05,688,1584,812,1752,124,168,True
C4_P04_N5_S2_1.JPG,9,C4_P04,212,180,456,552,244,372,True
C4_P04_N1_S5_1.JPG,9,C4_P04,584,1716,756,1976,172,260,True
C2_P06_N3_S3_1.JPG,9,C2_P06,964,1052,1128,1288,164,236,False
C3_P03_N2_S4_1.JPG,9,C3_P03,920,2052,1104,2336,184,284,True
C2_P06_N2_S4_1.JPG,9,C2_P06,988,1532,1144,1764,156,232,False
C3_P07_N1_S4_1.JPG,9,C3_P07,1708,2004,1904,2268,196,264,True
C2_P05_N2_S5_1.JPG,9,C2_P05,640,1044,748,1188,108,144,True
C3_P07_N3_S2_1.JPG,9,C3_P07,2436,1500,2748,1936,312,436,True
C3_P03_N4_S2_1.JPG,9,C3_P03,1416,1288,1716,1704,300,416,True
C2_P02_N1_S5_1.JPG,9,C2_P02,816,1784,924,1928,108,144,True
C3_P04_N1_S5_1.JPG,9,C3_P04,584,2044,740,2260,156,216,True
C3_P07_N4_S2_1.JPG,9,C3_P07,2484,580,2820,1052,336,472,True
C1_P09_N3_S3_1.JPG,9,C1_P09,296,836,488,1092,192,256,False
C4_P08_N1_S5_1.JPG,9,C4_P08,1000,1784,1132,1972,132,188,False
C3_P07_N2_S3_1.JPG,9,C3_P07,2676,1932,2936,2268,260,336,True
C3_P04_N4_S2_2.JPG,9,C3_P04,1104,1388,1392,1780,288,392,True
C4_P08_N1_S5_1.JPG,9,C4_P08,1128,1792,1260,1980,132,188,False
C1_P09_N4_S4_1.JPG,9,C1_P09,512,528,708,804,196,276,False
C1_P09_N2_S6_1.JPG,9,C1_P09,644,1212,836,1460,192,248,False
C2_P05_N3_S3_1.JPG,9,C2_P05,1084,1220,1288,1524,204,304,True
C4_P08_N3_S3_1.JPG,9,C4_P08,1656,1552,1864,1852,208,300,False
C3_P04_N4_S2_1.JPG,9,C3_P04,1212,1716,1612,2276,400,560,True
C2_P05_N3_S3_2.JPG,9,C2_P05,920,1196,1080,1440,160,244,True
C3_P03_N4_S2_1.JPG,9,C3_P03,1856,1300,2140,1700,284,400,True
C3_P04_N1_S5_1.JPG,9,C3_P04,396,2020,552,2272,156,252,True
C1_P09_N3_S4_1.JPG,9,C1_P09,644,892,860,1164,216,272,False
C1_P09_N1_S5_1.JPG,9,C1_P09,648,2076,836,2348,188,272,False
C3_P03_N3_S3_1.JPG,9,C3_P03,1148,1840,1396,2224,248,384,True
C3_P04_N2_S4_1.JPG,9,C3_P04,876,1884,1080,2140,204,256,True
C4_P08_N2_S4_1.JPG,9,C4_P08,1444,1744,1652,2052,208,308,False
C3_P07_N3_S3_1.JPG,9,C3_P07,2332,1164,2604,1564,272,400,True
C2_P02_N1_S5_1.JPG,9,C2_P02,716,1784,824,1928,108,144,True
C4_P08_N2_S4_1.JPG,9,C4_P08,1640,1736,1848,2044,208,308,False
C3_P03_N3_S3_1.JPG,9,C3_P03,1532,1840,1760,2200,228,360,True
C1_P09_N3_S4_2.JPG,9,C1_P09,188,788,360,1044,172,256,False
C1_P09_N1_S5_2.JPG,9,C1_P09,732,2048,912,2276,180,228,False
C3_P03_N1_S5_1.JPG,9,C3_P03,1052,2160,1204,2408,152,248,True
C2_P06_N3_S3_1.JPG,9,C2_P06,804,1052,968,1288,164,236,False
C4_P08_N3_S3_1.JPG,9,C4_P08,1440,1556,1648,1856,208,300,False
C1_P09_N4_S3_1.JPG,9,C1_P09,172,468,360,708,188,240,False
C4_P04_N4_S2_1.JPG,9,C4_P04,176,696,404,1052,228,356,True
C3_P07_N1_S5_1.JPG,9,C3_P07,2120,1680,2288,1920,168,240,True
C3_P07_N3_S3_1.JPG,9,C3_P07,2636,1168,2908,1568,272,400,True
C4_P04_N2_S4_1.JPG,9,C4_P04,392,1448,604,1748,212,300,True
C3_P07_N1_S6_1.JPG,9,C3_P07,1592,1848,1760,2076,168,228,True
C3_P07_N1_S6_1.JPG,9,C3_P07,1416,1848,1584,2076,168,228,True
C2_P06_N1_S5_1.JPG,9,C2_P06,912,1496,1036,1668,124,172,False
C2_P06_N3_S4_1.JPG,9,C2_P06,800,1096,960,1340,160,244,False
C3_P03_N1_S5_1.JPG,9,C3_P03,812,2180,964,2428,152,248,True
C2_P06_N1_S5_1.JPG,9,C2_P06,808,1504,932,1676,124,172,False
C3_P07_N2_S4_1.JPG,9,C3_P07,2124,1472,2320,1728,196,256,True
C2_P06_N2_S4_2.JPG,9,C2_P06,848,1368,1004,1564,156,196,False
C3_P04_N1_S5_1.JPG,9,C3_P04,756,2048,912,2264,156,216,True
C3_P04_N2_S4_1.JPG,9,C3_P04,664,1896,868,2152,204,256,True
C2_P06_N3_S4_1.JPG,9,C2_P06,940,1084,1100,1328,160,244,False
C4_P04_N3_S3_1.JPG,9,C4_P04,292,1104,528,1440,236,336,True
C3_P07_N2_S4_1.JPG,9,C3_P07,2328,1472,2524,1728,196,256,True
C3_P07_N1_S4_1.JPG,9,C3_P07,1904,2004,2100,2268,196,264,True
C2_P06_N3_S4_1.JPG,9,C2_P06,804,1100,964,1344,160,244,False
C4_P08_N3_S3_2.JPG,9,C4_P08,1432,1636,1664,1972,232,336,False
C2_P05_N2_S4_1.JPG,9,C2_P05,796,1472,952,1688,156,216,True
C2_P06_N2_S4_1.JPG,9,C2_P06,824,1544,980,1776,156,232,False
C3_P07_N2_S3_1.JPG,9,C3_P07,2404,1912,2664,2268,260,356,True
C3_P07_N3_S2_1.JPG,9,C3_P07,2768,1504,3080,1940,312,436,True
C4_P04_N3_S3_1.JPG,0,C4_P04,556,108,780,472,224,364,True
C1_P12_N3_S4_1.JPG,0,C1_P12,92,2004,308,2336,216,332,True
C4_P06_N1_S4_1.JPG,0,C4_P06,2316,764,2532,1076,216,312,True
C3_P01_N2_S2_1.JPG,0,C3_P01,2472,1524,2824,2108,352,584,True
C2_P07_N2_S2_1.JPG,0,C2_P07,468,996,712,1384,244,388,False
C4_P05_N1_S2_1.JPG,0,C4_P05,2080,1012,2304,1332,224,320,True
C1_P03_N2_S2_1.JPG,0,C1_P03,40,416,248,760,208,344,False
C4_P04_N1_S3_1.JPG,0,C4_P04,1664,896,1860,1260,196,364,True
C4_P05_N2_S4_1.JPG,0,C4_P05,424,1644,608,1940,184,296,True
C1_P05_N1_S4_1.JPG,0,C1_P05,2296,848,2512,1164,216,316,True
C2_P07_N1_S3_1.JPG,0,C2_P07,520,1128,704,1428,184,300,False
C1_P01_N1_S3_2.JPG,0,C1_P01,1240,96,1508,500,268,404,True
C4_P03_N1_S4_1.JPG,0,C4_P03,2016,112,2184,340,168,228,True
C2_P02_N1_S5_1.JPG,0,C2_P02,504,584,620,784,116,200,True
C1_P10_N2_S3_1.JPG,0,C1_P10,1636,208,1864,532,228,324,True
C2_P05_N3_S3_2.JPG,0,C2_P05,272,1176,412,1388,140,212,True
C1_P08_N4_S3_1.JPG,0,C1_P08,2792,944,2992,1264,200,320,True
C1_P10_N1_S2_1.JPG,0,C1_P10,2060,396,2292,836,232,440,True
C1_P02_N2_S4_1.JPG,0,C1_P02,1880,768,2064,1144,184,376,True
C2_P06_N1_S3_2.JPG,0,C2_P06,256,1152,444,1404,188,252,False
C1_P09_N3_S4_1.JPG,0,C1_P09,2292,128,2496,416,204,288,False
C2_P06_N1_S4_1.JPG,0,C2_P06,1264,1324,1412,1576,148,252,False
C3_P03_N1_S4_1.JPG,0,C3_P03,1556,1508,1760,1792,204,284,True
C4_P02_N1_S3_2.JPG,0,C4_P02,2220,888,2408,1132,188,244,True
C3_P04_N1_S3_1.JPG,0,C3_P04,1124,1072,1436,1592,312,520,True
C4_P04_N2_S3_1.JPG,0,C4_P04,1440,236,1676,552,236,316,True
C1_P04_N1_S5_1.JPG,0,C1_P04,2300,2120,2472,2400,172,280,True
C3_P07_N1_S6_1.JPG,0,C3_P07,1368,160,1544,420,176,260,True
C1_P02_N1_S4_1.JPG,0,C1_P02,2280,764,2456,1120,176,356,True
C2_P01_N1_S4_1.JPG,0,C2_P01,1156,172,1276,348,120,176,True
C2_P01_N2_S4_1.JPG,0,C2_P01,744,700,864,876,120,176,True
C1_P08_N2_S4_1.JPG,0,C1_P08,1700,1940,1904,2312,204,372,True
C1_P02_N1_S5_1.JPG,0,C1_P02,1340,628,1488,932,148,304,True
C4_P03_N2_S4_1.JPG,0,C4_P03,1768,1780,1912,2028,144,248,True
C3_P01_N1_S5_2.JPG,0,C3_P01,176,1236,340,1508,164,272,True
C4_P05_N1_S3_1.JPG,0,C4_P05,1128,348,1328,616,200,268,True
C3_P06_N3_S4_2.JPG,0,C3_P06,1324,852,1532,1220,208,368,True
C3_P06_N3_S4_2.JPG,0,C3_P06,556,1956,768,2236,212,280,True
C1_P11_N1_S5_1.JPG,0,C1_P11,1356,776,1548,1032,192,256,True
C2_P04_N2_S2_1.JPG,0,C2_P04,180,660,356,932,176,272,False
C1_P05_N1_S4_2.JPG,0,C1_P05,144,1900,360,2268,216,368,True
C1_P11_N1_S4_1.JPG,0,C1_P11,2480,2024,2724,2376,244,352,True
C2_P04_N2_S2_1.JPG,0,C2_P04,344,204,528,464,184,260,False
C1_P05_N3_S4_1.JPG,0,C1_P05,2700,1928,2908,2276,208,348,True
C3_P07_N1_S6_1.JPG,0,C3_P07,168,796,344,1044,176,248,True
C1_P11_N2_S4_3.JPG,0,C1_P11,2604,264,2804,540,200,276,True
C3_P06_N1_S5_1.JPG,0,C3_P06,2272,92,2452,376,180,284,True
C2_P03_N1_S5_1.JPG,0,C2_P03,600,1216,744,1444,144,228,True
C1_P06_N1_S3_1.JPG,0,C1_P06,1976,1136,2192,1440,216,304,True
C4_P05_N2_S3_1.JPG,0,C4_P05,340,396,548,728,208,332,True
C2_P05_N2_S5_1.JPG,0,C2_P05,536,1308,644,1464,108,156,True
C1_P05_N1_S5_1.JPG,0,C1_P05,2400,160,2580,436,180,276,True
C4_P08_N1_S5_2.JPG,0,C4_P08,648,1436,784,1636,136,200,False
C2_P06_N3_S4_1.JPG,0,C2_P06,2104,76,2276,364,172,288,False
C4_P08_N3_S3_2.JPG,0,C4_P08,108,420,340,740,232,320,False
C2_P07_N3_S2_1.JPG,0,C2_P07,536,920,784,1292,248,372,False
C4_P08_N1_S2_1.JPG,0,C4_P08,568,1296,824,1640,256,344,False
C3_P03_N2_S2_1.JPG,0,C3_P03,1552,1484,1856,2020,304,536,True
C1_P03_N1_S4_1.JPG,0,C1_P03,984,1456,1152,1692,168,236,False
C1_P04_N2_S4_1.JPG,0,C1_P04,248,212,472,532,224,320,True
C2_P05_N1_S4_1.JPG,0,C2_P05,360,660,516,880,156,220,True
C1_P06_N1_S5_1.JPG,0,C1_P06,1936,2056,2080,2332,144,276,True
C3_P06_N3_S4_1.JPG,0,C3_P06,2144,1860,2332,2212,188,352,True
C2_P01_N1_S5_1.JPG,0,C2_P01,624,248,736,396,112,148,True
C1_P10_N1_S5_1.JPG,0,C1_P10,1456,2040,1612,2320,156,280,True
C2_P04_N1_S3_1.JPG,0,C2_P04,1660,220,1820,500,160,280,False
C1_P08_N1_S4_1.JPG,0,C1_P08,3008,804,3200,1172,192,368,True
C1_P08_N2_S3_1.JPG,0,C1_P08,2604,376,2816,724,212,348,True
C1_P08_N2_S3_1.JPG,0,C1_P08,1812,300,2024,696,212,396,True
C3_P03_N1_S5_1.JPG,0,C3_P03,1844,1664,1996,1900,152,236,True
C2_P06_N1_S4_1.JPG,0,C2_P06,200,936,364,1156,164,220,False
C1_P12_N3_S3_1.JPG,0,C1_P12,1096,324,1360,712,264,388,True
C1_P05_N2_S4_2.JPG,0,C1_P05,2848,852,3060,1192,212,340,True
C2_P02_N4_S2_1.JPG,0,C2_P02,84,888,312,1220,228,332,True
C4_P05_N5_S2_1.JPG,0,C4_P05,148,752,332,1096,184,344,True
C4_P05_N1_S3_1.JPG,0,C4_P05,2128,916,2344,1228,216,312,True
C3_P02_N1_S2_2.JPG,0,C3_P02,2908,508,3160,860,252,352,True
C4_P05_N1_S4_1.JPG,0,C4_P05,1836,1676,2052,1984,216,308,True
C1_P09_N4_S4_1.JPG,0,C1_P09,916,904,1096,1172,180,268,False
C1_P02_N3_S2_1.JPG,0,C1_P02,476,1592,840,2144,364,552,True
C1_P09_N3_S4_1.JPG,0,C1_P09,2272,520,2480,784,208,264,False
C4_P07_N3_S3_1.JPG,0,C4_P07,688,1380,876,1696,188,316,True
C1_P08_N4_S3_1.JPG,0,C1_P08,2744,1516,2964,1860,220,344,True
C2_P05_N1_S5_1.JPG,0,C2_P05,684,148,816,336,132,188,True
C1_P03_N2_S3_1.JPG,0,C1_P03,28,388,200,696,172,308,False
C1_P03_N1_S3_2.JPG,0,C1_P03,1080,1532,1256,1756,176,224,False
C4_P02_N2_S3_1.JPG,0,C4_P02,192,344,348,572,156,228,True
C2_P09_N1_S7_2.JPG,0,C2_P09,1340,1100,1436,1236,96,136,False
C2_P08_N1_S6_1.JPG,0,C2_P08,256,652,368,828,112,176,False
C1_P08_N4_S4_1.JPG,0,C1_P08,2472,1560,2688,1912,216,352,True
C4_P07_N1_S4_1.JPG,0,C4_P07,2120,604,2312,908,192,304,True
C1_P05_N1_S4_3.JPG,0,C1_P05,400,1436,616,1836,216,400,True
C4_P03_N3_S3_1.JPG,0,C4_P03,320,1524,532,1812,212,288,True
C4_P02_N1_S3_1.JPG,0,C4_P02,1688,1512,1860,1768,172,256,True
C1_P04_N1_S5_1.JPG,0,C1_P04,1328,1144,1492,1392,164,248,True
C4_P07_N1_S4_2.JPG,0,C4_P07,992,172,1168,420,176,248,True
C2_P04_N2_S4_1.JPG,0,C2_P04,520,632,680,892,160,260,False
C4_P05_N2_S2_1.JPG,0,C4_P05,496,792,716,1144,220,352,True
C1_P04_N1_S5_1.JPG,0,C1_P04,2464,1124,2600,1380,136,256,True
C1_P08_N3_S4_1.JPG,0,C1_P08,784,1376,1044,1792,260,416,True
C1_P09_N3_S4_1.JPG,0,C1_P09,1920,1252,2108,1544,188,292,False
C4_P01_N3_S3_1.JPG,0,C4_P01,856,976,1044,1296,188,320,True
C1_P01_N3_S3_1.JPG,0,C1_P01,988,1836,1260,2284,272,448,True
C3_P06_N3_S4_1.JPG,0,C3_P06,436,32,704,464,268,432,True
C3_P07_N1_S4_1.JPG,0,C3_P07,1116,2004,1312,2268,196,264,True
C1_P10_N2_S3_1.JPG,0,C1_P10,2080,980,2340,1324,260,344,True
C2_P06_N1_S3_2.JPG,0,C2_P06,1188,1156,1376,1408,188,252,False
C1_P09_N3_S4_1.JPG,0,C1_P09,1748,1256,1936,1548,188,292,False
C2_P06_N1_S2_1.JPG,0,C2_P06,2236,144,2420,400,184,256,False
C2_P01_N2_S4_1.JPG,0,C2_P01,1000,1120,1132,1292,132,172,True
C3_P06_N2_S3_2.JPG,0,C3_P06,1220,1040,1468,1456,248,416,True
C4_P07_N1_S4_2.JPG,0,C4_P07,480,1124,644,1428,164,304,True
C1_P04_N2_S4_1.JPG,0,C1_P04,836,212,1060,532,224,320,True
C3_P05_N1_S2_1.JPG,0,C3_P05,804,456,1076,808,272,352,True
C1_P12_N1_S2_1.JPG,0,C1_P12,2256,1372,2552,1908,296,536,True
C3_P04_N4_S2_1.JPG,0,C3_P04,2464,340,2864,960,400,620,True
C2_P01_N2_S3_2.JPG,0,C2_P01,188,768,344,972,156,204,True
C2_P04_N2_S3_1.JPG,0,C2_P04,1144,636,1328,896,184,260,False
C3_P01_N1_S5_1.JPG,0,C3_P01,1072,1328,1232,1580,160,252,True
C3_P02_N3_S3_1.JPG,0,C3_P02,1980,1092,2236,1516,256,424,True
C1_P06_N2_S3_2.JPG,0,C1_P06,2864,92,3092,404,228,312,True
C4_P04_N1_S4_1.JPG,0,C4_P04,2048,1160,2248,1476,200,316,True
C3_P07_N1_S6_1.JPG,0,C3_P07,168,1324,344,1580,176,256,True
C1_P08_N2_S4_2.JPG,0,C1_P08,1344,2004,1524,2360,180,356,True
C1_P08_N1_S4_1.JPG,0,C1_P08,940,88,1168,460,228,372,True
C2_P05_N2_S3_2.JPG,0,C2_P05,1388,1324,1564,1564,176,240,True
C4_P05_N1_S5_1.JPG,0,C4_P05,2172,512,2352,760,180,248,True
C4_P05_N1_S5_1.JPG,0,C4_P05,1500,948,1664,1196,164,248,True
C2_P01_N2_S4_1.JPG,0,C2_P01,264,704,384,880,120,176,True
C2_P09_N1_S7_1.JPG,0,C2_P09,2128,1196,2232,1348,104,152,False
C3_P05_N2_S4_1.JPG,0,C3_P05,532,684,764,1068,232,384,True
C2_P06_N1_S4_1.JPG,0,C2_P06,352,1364,500,1572,148,208,False
C1_P05_N3_S4_1.JPG,0,C1_P05,980,740,1200,1080,220,340,True
C4_P07_N1_S3_1.JPG,0,C4_P07,472,1500,664,1844,192,344,True
C4_P08_N1_S4_1.JPG,0,C4_P08,268,1200,468,1484,200,284,False
C1_P10_N1_S3_1.JPG,0,C1_P10,1016,192,1248,604,232,412,True
C4_P04_N1_S3_1.JPG,0,C4_P04,772,1396,996,1740,224,344,True
C2_P01_N4_S2_1.JPG,0,C2_P01,1344,864,1520,1112,176,248,True
C2_P05_N2_S3_2.JPG,0,C2_P05,404,1292,584,1548,180,256,True
C4_P02_N2_S4_1.JPG,0,C4_P02,1368,32,1528,256,160,224,True
C4_P02_N4_S2_1.JPG,0,C4_P02,908,320,1136,644,228,324,True
C2_P01_N1_S4_1.JPG,0,C2_P01,624,592,744,752,120,160,True
C1_P04_N1_S5_1.JPG,0,C1_P04,2300,620,2456,876,156,256,True
C1_P05_N2_S4_1.JPG,0,C1_P05,2108,32,2328,368,220,336,True
C1_P04_N4_S2_1.JPG,0,C1_P04,1892,1052,2156,1460,264,408,True
C3_P01_N2_S4_1.JPG,0,C3_P01,1500,1428,1688,1732,188,304,True
C2_P03_N1_S3_1.JPG,0,C2_P03,1676,788,1892,1212,216,424,True
C1_P12_N2_S3_1.JPG,0,C1_P12,1468,424,1724,820,256,396,True
C2_P06_N2_S4_2.JPG,0,C2_P06,808,964,964,1172,156,208,False
C2_P07_N1_S3_1.JPG,0,C2_P07,1084,1144,1268,1444,184,300,False
C1_P04_N1_S5_2.JPG,0,C1_P04,1328,2088,1456,2288,128,200,True
C2_P05_N2_S4_1.JPG,0,C2_P05,1544,644,1712,872,168,228,True
C4_P04_N2_S4_1.JPG,0,C4_P04,1396,1400,1612,1712,216,312,True
C1_P04_N1_S4_1.JPG,0,C1_P04,12,100,208,416,196,316,True
C2_P07_N3_S3_1.JPG,0,C2_P07,1068,1232,1260,1508,192,276,False
C2_P08_N2_S4_1.JPG,0,C2_P08,536,1304,684,1524,148,220,False
C3_P05_N2_S2_1.JPG,0,C3_P05,3516,1128,3744,1548,228,420,True
C2_P02_N1_S5_1.JPG,0,C2_P02,1068,1468,1172,1660,104,192,True
C1_P08_N3_S4_2.JPG,0,C1_P08,740,1488,948,1816,208,328,True
C4_P02_N2_S3_1.JPG,0,C4_P02,52,1556,208,1776,156,220,True
C3_P01_N1_S5_2.JPG,0,C3_P01,956,248,1136,504,180,256,True
C1_P06_N1_S3_1.JPG,0,C1_P06,2604,1136,2820,1440,216,304,True
C4_P07_N1_S4_1.JPG,0,C4_P07,700,68,868,344,168,276,True
C3_P05_N1_S4_1.JPG,0,C3_P05,652,992,840,1264,188,272,True
C2_P04_N1_S4_1.JPG,0,C2_P04,1444,164,1604,444,160,280,False
C1_P12_N2_S5_1.JPG,0,C1_P12,896,1232,1064,1488,168,256,True
C2_P03_N2_S3_1.JPG,0,C2_P03,1764,160,1972,584,208,424,True
C1_P06_N2_S3_3.JPG,0,C1_P06,696,1084,916,1404,220,320,True
C2_P04_N3_S4_1.JPG,0,C2_P04,788,1056,968,1280,180,224,False
C1_P05_N1_S4_2.JPG,0,C1_P05,2724,124,2936,456,212,332,True
C4_P04_N1_S4_1.JPG,0,C4_P04,1036,288,1212,620,176,332,True
C2_P08_N1_S6_1.JPG,0,C2_P08,132,56,252,236,120,180,False
C1_P04_N1_S5_2.JPG,0,C1_P04,1720,1656,1856,1888,136,232,True
C4_P04_N3_S3_1.JPG,0,C4_P04,988,560,1224,952,236,392,True
C2_P07_N2_S3_1.JPG,0,C2_P07,904,1176,1096,1456,192,280,False
C1_P10_N1_S4_1.JPG,0,C1_P10,544,216,704,480,160,264,True
C1_P09_N3_S4_2.JPG,0,C1_P09,988,744,1160,1000,172,256,False
C2_P02_N2_S4_1.JPG,0,C2_P02,1260,276,1412,512,152,236,True
C2_P08_N2_S3_2.JPG,0,C2_P08,648,1252,804,1588,156,336,False
C1_P05_N2_S3_1.JPG,0,C1_P05,2532,292,2764,668,232,376,True
C3_P01_N1_S5_2.JPG,0,C3_P01,920,704,1052,1020,132,316,True
C3_P07_N4_S2_1.JPG,0,C3_P07,492,1532,868,1960,376,428,True
C3_P01_N1_S3_1.JPG,0,C3_P01,1748,360,1984,708,236,348,True
C4_P02_N2_S4_1.JPG,0,C4_P02,292,60,436,256,144,196,True
C1_P12_N1_S5_1.JPG,0,C1_P12,576,1200,748,1480,172,280,True
C3_P03_N1_S3_1.JPG,0,C3_P03,3776,1864,4040,2344,264,480,True
C1_P04_N2_S4_1.JPG,0,C1_P04,676,2040,888,2356,212,316,True
C4_P01_N3_S3_1.JPG,0,C4_P01,1576,388,1772,684,196,296,True
C3_P02_N3_S2_1.JPG,0,C3_P02,1616,1380,1912,1860,296,480,True
C1_P06_N3_S3_1.JPG,0,C1_P06,1644,1448,1856,1852,212,404,True
C2_P09_N1_S7_2.JPG,0,C2_P09,1060,1344,1156,1480,96,136,False
C4_P07_N2_S4_1.JPG,0,C4_P07,1152,1224,1320,1492,168,268,True
C2_P08_N1_S3_2.JPG,0,C2_P08,1440,288,1648,608,208,320,False
C2_P04_N1_S2_1.JPG,0,C2_P04,376,816,552,1092,176,276,False
C3_P07_N1_S6_1.JPG,0,C3_P07,324,788,500,1036,176,248,True
C1_P05_N3_S4_1.JPG,0,C1_P05,2280,740,2500,1080,220,340,True
C1_P08_N3_S4_2.JPG,0,C1_P08,2232,1972,2436,2284,204,312,True
C1_P09_N1_S5_1.JPG,0,C1_P09,1760,892,1924,1172,164,280,False
C4_P03_N2_S3_2.JPG,0,C4_P03,1336,1444,1528,1776,192,332,True
C1_P12_N1_S2_1.JPG,0,C1_P12,580,552,876,1008,296,456,True
C2_P01_N2_S3_1.JPG,0,C2_P01,192,960,368,1216,176,256,True
C2_P08_N1_S6_2.JPG,0,C2_P08,580,140,696,308,116,168,False
C4_P05_N1_S3_1.JPG,0,C4_P05,716,1444,900,1772,184,328,True
C2_P01_N1_S3_1.JPG,0,C2_P01,356,760,492,932,136,172,True
C1_P02_N3_S3_1.JPG,0,C1_P02,704,1936,1040,2432,336,496,True
C3_P03_N3_S2_1.JPG,0,C3_P03,2728,556,3024,980,296,424,True
C1_P04_N1_S4_1.JPG,0,C1_P04,1404,1972,1616,2320,212,348,True
C2_P09_N1_S7_2.JPG,0,C2_P09,1468,100,1572,264,104,164,False
C1_P05_N1_S4_3.JPG,0,C1_P05,812,2068,1048,2404,236,336,True
C3_P01_N2_S3_2.JPG,0,C3_P01,2236,320,2464,800,228,480,True
C2_P02_N1_S5_1.JPG,0,C2_P02,1064,904,1184,1072,120,168,True
C2_P03_N3_S3_1.JPG,0,C2_P03,1916,192,2176,580,260,388,True
C3_P05_N3_S3_1.JPG,0,C3_P05,2388,1160,2632,1504,244,344,True
C1_P09_N1_S5_1.JPG,0,C1_P09,1912,2060,2084,2340,172,280,False
C3_P06_N3_S4_2.JPG,0,C3_P06,2912,1968,3100,2320,188,352,True
C3_P07_N2_S3_1.JPG,0,C3_P07,3080,152,3392,604,312,452,True
C1_P02_N2_S3_1.JPG,0,C1_P02,636,124,960,648,324,524,True
C1_P08_N2_S3_1.JPG,0,C1_P08,2192,944,2408,1308,216,364,True
C2_P05_N1_S2_1.JPG,0,C2_P05,272,848,484,1136,212,288,True
C1_P04_N1_S4_1.JPG,0,C1_P04,1204,1372,1408,1696,204,324,True
C1_P02_N1_S2_1.JPG,0,C1_P02,404,1392,768,2040,364,648,True
C2_P05_N1_S2_1.JPG,0,C2_P05,4,228,220,540,216,312,True
C2_P04_N3_S3_1.JPG,0,C2_P04,1940,232,2136,524,196,292,False
C2_P08_N2_S3_1.JPG,0,C2_P08,1212,1424,1432,1768,220,344,False
C3_P01_N2_S3_2.JPG,0,C3_P01,2120,1984,2360,2360,240,376,True
C1_P04_N2_S3_1.JPG,0,C1_P04,1528,404,1732,752,204,348,True
C2_P05_N2_S4_1.JPG,0,C2_P05,924,1460,1080,1676,156,216,True
C1_P05_N1_S5_1.JPG,0,C1_P05,1024,1632,1212,1912,188,280,True
C1_P08_N4_S3_1.JPG,0,C1_P08,564,296,812,692,248,396,True
C2_P01_N1_S2_1.JPG,0,C2_P01,624,812,792,1036,168,224,True
C1_P08_N3_S4_2.JPG,0,C1_P08,2820,920,3020,1260,200,340,True
C1_P06_N1_S5_1.JPG,0,C1_P06,1780,2068,1924,2344,144,276,True
C1_P04_N1_S4_1.JPG,0,C1_P04,1192,36,1388,404,196,368,True
C3_P04_N2_S4_1.JPG,0,C3_P04,852,1184,1052,1528,200,344,True
C3_P07_N2_S4_1.JPG,0,C3_P07,1044,132,1272,468,228,336,True
C2_P08_N3_S3_2.JPG,0,C2_P08,960,724,1140,1004,180,280,False
C2_P01_N2_S3_2.JPG,0,C2_P01,1340,284,1500,472,160,188,True
C3_P06_N3_S4_2.JPG,0,C3_P06,2060,852,2236,1228,176,376,True
C4_P03_N2_S3_2.JPG,0,C4_P03,2460,1436,2652,1752,192,316,True
C2_P07_N1_S4_1.JPG,0,C2_P07,136,544,292,832,156,288,False
C1_P10_N1_S3_1.JPG,0,C1_P10,1472,192,1704,604,232,412,True
C4_P02_N4_S3_1.JPG,0,C4_P02,788,1456,936,1716,148,260,True
C2_P09_N1_S7_1.JPG,0,C2_P09,2324,172,2436,332,112,160,False
C1_P09_N3_S4_1.JPG,0,C1_P09,2092,860,2280,1152,188,292,False
C3_P04_N1_S3_1.JPG,0,C3_P04,2356,1892,2616,2300,260,408,True
C3_P06_N1_S4_1.JPG,0,C3_P06,996,788,1196,1124,200,336,True
C3_P07_N1_S5_1.JPG,0,C3_P07,716,624,892,896,176,272,True
C2_P04_N2_S2_1.JPG,0,C2_P04,1624,708,1796,972,172,264,False
C3_P07_N1_S4_1.JPG,0,C3_P07,1932,1400,2136,1708,204,308,True
C3_P05_N2_S2_1.JPG,0,C3_P05,3572,472,3844,864,272,392,True
C1_P08_N1_S4_1.JPG,0,C1_P08,2872,220,3072,572,200,352,True
C4_P07_N3_S3_2.JPG,0,C4_P07,224,1304,396,1628,172,324,True
C3_P01_N2_S3_2.JPG,0,C3_P01,512,1204,796,1632,284,428,True
C1_P06_N2_S3_1.JPG,0,C1_P06,2952,1100,3176,1436,224,336,True
C2_P05_N2_S3_2.JPG,0,C2_P05,1888,1344,2052,1588,164,244,True
C1_P03_N1_S4_2.JPG,0,C1_P03,356,1604,488,1812,132,208,False
C4_P05_N1_S5_1.JPG,0,C4_P05,696,1760,864,2048,168,288,True
C2_P05_N2_S4_1.JPG,0,C2_P05,1360,1048,1540,1292,180,244,True
C2_P01_N1_S3_1.JPG,0,C2_P01,628,756,764,928,136,172,True
C3_P02_N2_S2_1.JPG,0,C3_P02,324,416,592,772,268,356,True
C3_P01_N3_S2_1.JPG,0,C3_P01,2700,1488,3068,2088,368,600,True
C4_P06_N2_S3_1.JPG,0,C4_P06,716,1336,908,1672,192,336,True
C4_P03_N3_S3_1.JPG,0,C4_P03,1796,896,2008,1204,212,308,True
C4_P03_N1_S4_1.JPG,0,C4_P03,2148,648,2316,888,168,240,True
C2_P06_N1_S5_1.JPG,0,C2_P06,932,812,1060,976,128,164,False
C2_P09_N1_S7_2.JPG,0,C2_P09,1332,892,1428,1028,96,136,False
C3_P05_N1_S3_1.JPG,0,C3_P05,2904,1660,3092,1992,188,332,True
C1_P05_N2_S4_2.JPG,0,C1_P05,352,812,580,1184,228,372,True
C3_P05_N3_S2_1.JPG,0,C3_P05,1800,460,2056,872,256,412,True
C1_P06_N3_S3_2.JPG,0,C1_P06,2596,508,2828,840,232,332,True
C1_P08_N4_S4_1.JPG,0,C1_P08,1048,1560,1272,1892,224,332,True
C2_P06_N1_S2_1.JPG,0,C2_P06,388,108,572,364,184,256,False
C2_P09_N1_S7_2.JPG,0,C2_P09,2072,1552,2164,1684,92,132,False
C1_P08_N4_S4_1.JPG,0,C1_P08,588,940,816,1292,228,352,True
C2_P06_N3_S3_1.JPG,0,C2_P06,1820,1060,1984,1272,164,212,False
C1_P11_N1_S4_1.JPG,0,C1_P11,2504,1432,2740,1800,236,368,True
C4_P06_N1_S3_1.JPG,0,C4_P06,924,392,1108,680,184,288,True
C4_P07_N2_S4_1.JPG,0,C4_P07,296,164,472,492,176,328,True
C4_P05_N1_S4_1.JPG,0,C4_P05,240,660,448,984,208,324,True
C1_P04_N1_S5_2.JPG,0,C1_P04,1984,2064,2116,2276,132,212,True
C2_P07_N1_S4_1.JPG,0,C2_P07,452,548,608,836,156,288,False
C4_P03_N3_S3_1.JPG,0,C4_P03,512,1468,724,1808,212,340,True
C2_P03_N1_S4_1.JPG,0,C2_P03,496,1056,676,1332,180,276,True
C1_P08_N2_S3_1.JPG,0,C1_P08,452,276,704,620,252,344,True
C3_P03_N1_S4_1.JPG,0,C3_P03,1124,2132,1344,2420,220,288,True
C1_P05_N1_S4_1.JPG,0,C1_P05,1676,2036,1900,2396,224,360,True
C2_P07_N1_S3_1.JPG,0,C2_P07,160,88,356,428,196,340,False
C4_P07_N3_S3_1.JPG,0,C4_P07,876,1416,1064,1716,188,300,True
C4_P04_N2_S3_1.JPG,0,C4_P04,748,712,988,1020,240,308,True
C1_P03_N1_S3_2.JPG,0,C1_P03,2576,868,2752,1140,176,272,False
C1_P06_N3_S3_2.JPG,0,C1_P06,888,1852,1120,2224,232,372,True
C3_P03_N2_S4_1.JPG,0,C3_P03,952,224,1128,496,176,272,True
C4_P07_N1_S3_1.JPG,0,C4_P07,1816,920,1996,1256,180,336,True
C2_P05_N2_S3_1.JPG,0,C2_P05,2096,708,2316,1008,220,300,True
C3_P06_N4_S3_1.JPG,0,C3_P06,1280,1852,1568,2280,288,428,True
C2_P04_N1_S3_1.JPG,0,C2_P04,1064,236,1212,476,148,240,False
C3_P02_N2_S4_1.JPG,0,C3_P02,476,1476,700,1780,224,304,True
C1_P11_N2_S4_2.JPG,0,C1_P11,464,1312,684,1656,220,344,True
C1_P12_N2_S5_1.JPG,0,C1_P12,900,264,1080,524,180,260,True
C4_P08_N1_S5_1.JPG,0,C4_P08,492,1048,624,1244,132,196,False
C2_P04_N2_S4_1.JPG,0,C2_P04,1300,656,1468,912,168,256,False
C1_P11_N1_S4_1.JPG,0,C1_P11,1472,1432,1708,1800,236,368,True
C3_P04_N1_S3_2.JPG,0,C3_P04,2352,1892,2644,2324,292,432,True
C1_P09_N1_S5_1.JPG,0,C1_P09,1408,508,1584,804,176,296,False
C1_P06_N3_S3_1.JPG,0,C1_P06,916,1504,1160,1844,244,340,True
C2_P06_N1_S3_2.JPG,0,C2_P06,1696,660,1884,912,188,252,False
C2_P09_N1_S7_1.JPG,0,C2_P09,1192,664,1280,828,88,164,False
C4_P08_N2_S4_1.JPG,0,C4_P08,2584,20,2804,332,220,312,False
C1_P03_N1_S4_2.JPG,0,C1_P03,1220,192,1344,368,124,176,False
C3_P01_N1_S5_1.JPG,0,C3_P01,916,1320,1076,1572,160,252,True
C1_P09_N2_S6_1.JPG,0,C1_P09,1156,460,1332,752,176,292,False
C1_P11_N2_S3_1.JPG,0,C1_P11,2756,1380,2988,1688,232,308,True
C4_P05_N4_S2_1.JPG,0,C4_P05,1488,712,1704,1060,216,348,True
C2_P07_N1_S4_1.JPG,0,C2_P07,304,976,460,1228,156,252,False
C2_P05_N3_S3_1.JPG,0,C2_P05,1472,708,1648,996,176,288,True
C1_P08_N2_S5_1.JPG,0,C1_P08,2592,1592,2752,1836,160,244,True
C2_P01_N4_S2_1.JPG,0,C2_P01,356,856,532,1104,176,248,True
C4_P08_N2_S4_1.JPG,0,C4_P08,2100,1148,2308,1480,208,332,False
C4_P02_N1_S3_1.JPG,0,C4_P02,492,248,644,460,152,212,True
C2_P09_N1_S7_2.JPG,0,C2_P09,832,1100,936,1240,104,140,False
C3_P04_N1_S5_1.JPG,0,C3_P04,1676,620,1848,876,172,256,True
C3_P06_N1_S5_1.JPG,0,C3_P06,784,612,960,916,176,304,True
C2_P01_N1_S5_1.JPG,0,C2_P01,1064,616,1176,764,112,148,True
C1_P11_N1_S3_2.JPG,0,C1_P11,1516,1048,1744,1384,228,336,True
C1_P06_N2_S3_3.JPG,0,C1_P06,2352,412,2572,740,220,328,True
C2_P09_N1_S7_2.JPG,0,C2_P09,732,864,836,1028,104,164,False
C2_P03_N1_S4_1.JPG,0,C2_P03,1120,1508,1300,1784,180,276,True
C1_P05_N3_S3_1.JPG,0,C1_P05,2964,312,3200,676,236,364,True
C1_P12_N4_S2_1.JPG,0,C1_P12,1464,1392,1784,1928,320,536,True
C4_P06_N1_S4_1.JPG,0,C4_P06,464,772,660,1072,196,300,True
C3_P06_N2_S3_1.JPG,0,C3_P06,1368,1120,1588,1508,220,388,True
C3_P01_N1_S5_1.JPG,0,C3_P01,864,1772,1024,2024,160,252,True
C2_P04_N2_S2_1.JPG,0,C2_P04,1772,708,1944,972,172,264,False
C3_P02_N1_S5_1.JPG,0,C3_P02,1104,1620,1264,1860,160,240,True
C4_P08_N1_S5_1.JPG,0,C4_P08,1688,1072,1820,1268,132,196,False
C4_P05_N1_S5_1.JPG,0,C4_P05,2012,516,2192,764,180,248,True
C4_P04_N1_S2_1.JPG,0,C4_P04,964,500,1156,864,192,364,True
C1_P12_N2_S2_1.JPG,0,C1_P12,1632,436,1980,948,348,512,True
C3_P04_N2_S3_1.JPG,0,C3_P04,708,1000,1032,1532,324,532,True
C2_P04_N3_S2_1.JPG,0,C2_P04,2052,244,2240,520,188,276,False
C4_P07_N1_S3_1.JPG,0,C4_P07,2508,396,2700,684,192,288,True
C3_P06_N2_S3_1.JPG,0,C3_P06,2604,448,2840,908,236,460,True
C3_P01_N2_S3_2.JPG,0,C3_P01,204,332,488,768,284,436,True
C3_P07_N3_S2_1.JPG,0,C3_P07,3812,392,4292,1004,480,612,True
C1_P06_N1_S4_2.JPG,0,C1_P06,2636,2064,2844,2372,208,308,True
C2_P01_N2_S3_2.JPG,0,C2_P01,1888,292,2048,480,160,188,True
C4_P04_N1_S5_1.JPG,0,C4_P04,1820,160,1976,440,156,280,True
C1_P03_N2_S3_1.JPG,0,C1_P03,1808,488,2004,756,196,268,False
C1_P08_N4_S3_1.JPG,0,C1_P08,3008,272,3220,688,212,416,True
C3_P07_N1_S5_1.JPG,0,C3_P07,2624,2120,2792,2376,168,256,True
C2_P01_N1_S5_2.JPG,0,C2_P01,1324,1636,1424,1792,100,156,True
C4_P07_N3_S3_2.JPG,0,C4_P07,740,276,928,572,188,296,True
C1_P09_N2_S6_1.JPG,0,C1_P09,1164,1872,1332,2132,168,260,False
C2_P01_N2_S3_2.JPG,0,C2_P01,260,1240,416,1460,156,220,True
C4_P01_N2_S4_1.JPG,0,C4_P01,2312,1764,2492,2024,180,260,True
C2_P08_N1_S4_1.JPG,0,C2_P08,1232,1328,1392,1564,160,236,False
C2_P01_N3_S2_1.JPG,0,C2_P01,2168,264,2340,532,172,268,True
C3_P03_N1_S4_1.JPG,0,C3_P03,56,1480,256,1760,200,280,True
C2_P08_N1_S6_2.JPG,0,C2_P08,476,432,584,596,108,164,False
C1_P04_N1_S5_1.JPG,0,C1_P04,2452,1620,2604,1880,152,260,True
C1_P02_N3_S2_1.JPG,0,C1_P02,1164,1580,1528,2132,364,552,True
C2_P06_N2_S4_2.JPG,0,C2_P06,612,72,780,304,168,232,False
C2_P09_N1_S7_1.JPG,0,C2_P09,1632,1656,1732,1788,100,132,False
C3_P02_N2_S2_2.JPG,0,C3_P02,2768,1280,3044,1720,276,440,True
C2_P09_N1_S7_1.JPG,0,C2_P09,1276,1176,1376,1316,100,140,False
C4_P02_N1_S3_1.JPG,0,C4_P02,1324,232,1504,456,180,224,True
C4_P02_N1_S3_1.JPG,0,C4_P02,652,240,808,464,156,224,True
C1_P07_N2_S3_2.JPG,0,C1_P07,140,1732,360,2028,220,296,False
C1_P10_N1_S2_1.JPG,0,C1_P10,1572,1292,1816,1664,244,372,True
C1_P03_N1_S3_1.JPG,0,C1_P03,100,904,268,1220,168,316,False
C4_P06_N2_S3_1.JPG,0,C4_P06,1508,1372,1700,1688,192,316,True
C1_P10_N2_S3_1.JPG,0,C1_P10,916,240,1144,564,228,324,True
C4_P04_N5_S2_1.JPG,0,C4_P04,2380,640,2616,1064,236,424,True
C3_P07_N5_S2_1.JPG,0,C3_P07,3720,424,4144,996,424,572,True
C1_P12_N2_S5_1.JPG,0,C1_P12,536,272,716,532,180,260,True
C2_P05_N2_S5_1.JPG,0,C2_P05,204,720,316,884,112,164,True
C2_P06_N2_S4_2.JPG,0,C2_P06,636,964,792,1172,156,208,False
C1_P04_N2_S4_1.JPG,0,C1_P04,2648,836,2848,1160,200,324,True
C1_P02_N1_S3_1.JPG,0,C1_P02,2056,1768,2312,2280,256,512,True
C1_P03_N2_S3_1.JPG,0,C1_P03,1860,1200,2056,1456,196,256,False
C1_P01_N3_S3_1.JPG,0,C1_P01,984,1084,1308,1576,324,492,True
C3_P02_N1_S4_1.JPG,0,C3_P02,76,888,276,1176,200,288,True
C2_P07_N2_S3_1.JPG,0,C2_P07,544,1180,736,1460,192,280,False
C2_P05_N1_S4_1.JPG,0,C2_P05,520,1540,672,1732,152,192,True
C3_P04_N4_S2_2.JPG,0,C3_P04,2920,1416,3172,1796,252,380,True
C1_P11_N2_S4_2.JPG,0,C1_P11,2884,1276,3096,1584,212,308,True
C3_P06_N4_S3_1.JPG,0,C3_P06,236,1864,536,2276,300,412,True
C3_P02_N3_S3_1.JPG,0,C3_P02,2200,1168,2472,1516,272,348,True
C2_P01_N1_S2_1.JPG,0,C2_P01,1104,816,1272,1040,168,224,True
C3_P01_N4_S3_1.JPG,0,C3_P01,1456,1780,1704,2160,248,380,True
C2_P06_N3_S4_1.JPG,0,C2_P06,1928,1496,2088,1740,160,244,False
C1_P06_N1_S5_1.JPG,0,C1_P06,2060,1580,2204,1816,144,236,True
C1_P02_N2_S4_1.JPG,0,C1_P02,2072,768,2256,1144,184,376,True
C4_P05_N3_S3_1.JPG,0,C4_P05,1940,244,2136,556,196,312,True
C4_P08_N3_S3_2.JPG,0,C4_P08,784,412,1016,732,232,320,False
C4_P05_N4_S2_1.JPG,0,C4_P05,2316,212,2528,544,212,332,True
C1_P04_N1_S3_1.JPG,0,C1_P04,3068,1964,3256,2332,188,368,True
C2_P06_N2_S4_2.JPG,0,C2_P06,196,548,344,760,148,212,False
C1_P10_N1_S5_1.JPG,0,C1_P10,140,1988,296,2220,156,232,True
C1_P05_N1_S4_3.JPG,0,C1_P05,1448,872,1664,1204,216,332,True
C3_P02_N2_S2_1.JPG,0,C3_P02,2828,424,3096,780,268,356,True
C1_P01_N1_S2_2.JPG,0,C1_P01,896,1560,1396,2308,500,748,True
C1_P06_N3_S3_2.JPG,0,C1_P06,2424,1804,2656,2188,232,384,True
C1_P03_N2_S3_1.JPG,0,C1_P03,256,1812,464,2076,208,264,False
C1_P04_N3_S2_1.JPG,0,C1_P04,1756,472,2016,884,260,412,True
C4_P04_N2_S4_1.JPG,0,C4_P04,1016,968,1224,1308,208,340,True
C3_P04_N2_S2_1.JPG,0,C3_P04,1184,1532,1576,2080,392,548,True
C2_P06_N3_S4_1.JPG,0,C2_P06,1400,1092,1560,1336,160,244,False
C2_P02_N1_S3_1.JPG,0,C2_P02,1940,384,2152,720,212,336,True
C1_P04_N2_S4_1.JPG,0,C1_P04,1828,836,2036,1168,208,332,True
C3_P07_N1_S6_1.JPG,0,C3_P07,2140,720,2316,976,176,256,True
C4_P02_N1_S3_1.JPG,0,C4_P02,2200,236,2376,464,176,228,True
C3_P07_N1_S6_1.JPG,0,C3_P07,2144,1236,2360,1560,216,324,True
C4_P07_N2_S3_2.JPG,0,C4_P07,540,280,724,628,184,348,True
C4_P03_N1_S4_1.JPG,0,C4_P03,836,1732,1000,1988,164,256,True
C3_P06_N4_S3_1.JPG,0,C3_P06,3984,356,4232,876,248,520,True
C2_P03_N2_S3_1.JPG,0,C2_P03,644,796,876,1188,232,392,True
C1_P06_N3_S3_1.JPG,0,C1_P06,428,812,648,1120,220,308,True
C1_P10_N1_S2_1.JPG,0,C1_P10,56,1316,288,1688,232,372,True
C3_P06_N1_S5_1.JPG,0,C3_P06,2316,564,2464,892,148,328,True
C2_P06_N3_S4_1.JPG,0,C2_P06,1180,76,1352,324,172,248,False
C4_P03_N2_S4_1.JPG,0,C4_P03,2472,48,2648,320,176,272,True
C1_P04_N4_S2_1.JPG,0,C1_P04,2148,268,2404,692,256,424,True
C1_P09_N1_S2_1.JPG,0,C1_P09,240,220,408,500,168,280,False
C2_P04_N3_S3_1.JPG,0,C2_P04,516,192,700,468,184,276,False
C2_P07_N2_S4_1.JPG,0,C2_P07,732,936,888,1160,156,224,False
C1_P08_N4_S4_1.JPG,0,C1_P08,2144,388,2344,752,200,364,True
C1_P01_N2_S2_1.JPG,0,C1_P01,1080,1296,1540,1972,460,676,True
C2_P05_N2_S4_1.JPG,0,C2_P05,344,612,512,840,168,228,True
C2_P03_N1_S5_1.JPG,0,C2_P03,936,904,1088,1132,152,228,True
C1_P05_N1_S4_1.JPG,0,C1_P05,384,848,624,1164,240,316,True
C1_P11_N1_S4_2.JPG,0,C1_P11,1508,896,1728,1180,220,284,True
C3_P01_N2_S3_2.JPG,0,C3_P01,768,332,1052,768,284,436,True
C4_P07_N3_S3_1.JPG,0,C4_P07,132,1384,312,1704,180,320,True
C2_P06_N1_S3_1.JPG,0,C2_P06,1904,712,2080,956,176,244,False
C2_P02_N1_S3_1.JPG,0,C2_P02,1176,296,1388,676,212,380,True
C1_P12_N2_S3_1.JPG,0,C1_P12,932,1144,1188,1548,256,404,True
C2_P01_N2_S3_2.JPG,0,C2_P01,452,772,608,976,156,204,True
C2_P09_N1_S7_1.JPG,0,C2_P09,2300,1192,2404,1356,104,164,False
C3_P03_N2_S4_1.JPG,0,C3_P03,152,2016,336,2316,184,300,True
C4_P07_N3_S3_1.JPG,0,C4_P07,128,260,308,588,180,328,True
C2_P04_N1_S3_1.JPG,0,C2_P04,452,200,612,448,160,248,False
C3_P02_N2_S3_1.JPG,0,C3_P02,1360,1788,1628,2140,268,352,True
C1_P09_N2_S4_1.JPG,0,C1_P09,888,32,1072,336,184,304,False
C3_P01_N3_S2_1.JPG,0,C3_P01,2156,484,2500,1024,344,540,True
C3_P07_N5_S2_1.JPG,0,C3_P07,3608,1416,4016,1912,408,496,True
C1_P09_N2_S4_1.JPG,0,C1_P09,2256,1236,2460,1496,204,260,False
C1_P09_N1_S5_2.JPG,0,C1_P09,1224,1352,1388,1612,164,260,False
C1_P05_N1_S4_1.JPG,0,C1_P05,1452,2052,1676,2412,224,360,True
C2_P02_N1_S3_1.JPG,0,C2_P02,1548,304,1760,684,212,380,True
C1_P02_N3_S3_1.JPG,0,C1_P02,2208,1896,2508,2404,300,508,True
C3_P05_N1_S2_1.JPG,0,C3_P05,1220,1276,1452,1624,232,348,True
C1_P11_N2_S4_2.JPG,0,C1_P11,528,1896,764,2240,236,344,True
C1_P08_N2_S5_1.JPG,0,C1_P08,2448,1560,2608,1816,160,256,True
C1_P06_N1_S5_1.JPG,0,C1_P06,668,2116,812,2360,144,244,True
C3_P03_N3_S3_1.JPG,0,C3_P03,3248,1796,3476,2132,228,336,True
C1_P09_N1_S5_1.JPG,0,C1_P09,1608,1276,1792,1560,184,284,False
C1_P04_N1_S3_2.JPG,0,C1_P04,1036,948,1244,1312,208,364,True
C1_P02_N1_S2_1.JPG,0,C1_P02,504,404,856,1012,352,608,True
C3_P02_N2_S2_1.JPG,0,C3_P02,300,1184,568,1540,268,356,True
C1_P08_N2_S5_1.JPG,0,C1_P08,1904,288,2064,572,160,284,True
C2_P06_N2_S3_1.JPG,0,C2_P06,424,1144,596,1396,172,252,False
C1_P07_N2_S3_3.JPG,0,C1_P07,1988,1028,2200,1312,212,284,False
C1_P07_N2_S3_1.JPG,0,C1_P07,1780,428,1984,724,204,296,False
C4_P02_N1_S3_1.JPG,0,C4_P02,340,244,492,456,152,212,True
C1_P04_N1_S5_1.JPG,0,C1_P04,1004,612,1156,868,152,256,True
C3_P01_N1_S5_2.JPG,0,C3_P01,652,2036,800,2296,148,260,True
C3_P04_N1_S3_1.JPG,0,C3_P04,2420,392,2708,832,288,440,True
C2_P06_N2_S3_1.JPG,0,C2_P06,1008,1188,1180,1412,172,224,False
C1_P08_N3_S4_1.JPG,0,C1_P08,156,2060,368,2420,212,360,True
C2_P07_N3_S2_1.JPG,0,C2_P07,280,244,520,616,240,372,False
C1_P03_N1_S3_2.JPG,0,C1_P03,2684,236,2816,504,132,268,False
C3_P01_N2_S3_2.JPG,0,C3_P01,1332,316,1560,796,228,480,True
C3_P05_N1_S3_1.JPG,0,C3_P05,1316,1128,1516,1436,200,308,True
C2_P08_N1_S3_1.JPG,0,C2_P08,1472,1456,1692,1840,220,384,False
C3_P04_N3_S2_1.JPG,0,C3_P04,1632,1532,2008,2168,376,636,True
C4_P04_N1_S3_1.JPG,0,C4_P04,568,424,804,784,236,360,True
C2_P05_N3_S3_1.JPG,0,C2_P05,2116,116,2324,420,208,304,True
C2_P05_N2_S4_1.JPG,0,C2_P05,1632,1472,1788,1688,156,216,True
C4_P06_N1_S3_1.JPG,0,C4_P06,1324,368,1508,656,184,288,True
C3_P02_N4_S2_1.JPG,0,C3_P02,1004,528,1348,968,344,440,True
C2_P04_N3_S3_1.JPG,0,C2_P04,1576,224,1772,516,196,292,False
C4_P08_N1_S5_2.JPG,0,C4_P08,1580,1056,1716,1260,136,204,False
C3_P04_N2_S2_1.JPG,0,C3_P04,2012,1528,2400,2052,388,524,True
C1_P03_N2_S2_1.JPG,0,C1_P03,2556,1172,2792,1544,236,372,False
C1_P07_N1_S3_2.JPG,0,C1_P07,2252,748,2456,1028,204,280,False
C1_P07_N1_S3_1.JPG,0,C1_P07,2348,984,2552,1316,204,332,False
C1_P09_N4_S4_1.JPG,0,C1_P09,1800,904,1984,1184,184,280,False
C1_P01_N2_S2_1.JPG,0,C1_P01,2328,1348,2788,2024,460,676,True
C3_P04_N1_S4_1.JPG,0,C3_P04,1444,700,1652,1028,208,328,True
C4_P07_N3_S3_2.JPG,0,C4_P07,2296,1296,2480,1592,184,296,True
C4_P07_N1_S4_1.JPG,0,C4_P07,1436,56,1620,372,184,316,True
C1_P03_N1_S3_2.JPG,0,C1_P03,1876,904,2040,1132,164,228,False
C3_P04_N1_S3_2.JPG,0,C3_P04,3032,312,3352,780,320,468,True
C3_P03_N1_S2_1.JPG,0,C3_P03,3824,480,4108,892,284,412,True
C4_P02_N2_S3_1.JPG,0,C4_P02,504,320,668,560,164,240,True
C4_P07_N1_S3_2.JPG,0,C4_P07,1556,912,1760,1216,204,304,True
C3_P04_N1_S3_2.JPG,0,C3_P04,700,1820,1016,2352,316,532,True
C1_P06_N2_S3_3.JPG,0,C1_P06,452,1084,672,1404,220,320,True
C3_P06_N2_S3_2.JPG,0,C3_P06,720,1052,976,1456,256,404,True
C1_P09_N1_S5_2.JPG,0,C1_P09,2132,1060,2296,1280,164,220,False
C3_P04_N2_S2_1.JPG,0,C3_P04,3264,1532,3652,2072,388,540,True
C1_P08_N2_S5_1.JPG,0,C1_P08,2644,324,2804,580,160,256,True
C1_P01_N1_S3_2.JPG,0,C1_P01,1484,804,1752,1208,268,404,True
C3_P06_N3_S4_1.JPG,0,C3_P06,3100,1908,3340,2296,240,388,True
C2_P01_N1_S5_2.JPG,0,C2_P01,56,232,152,376,96,144,True
C1_P02_N1_S3_1.JPG,0,C1_P02,1876,976,2120,1444,244,468,True
C4_P04_N1_S2_1.JPG,0,C4_P04,1864,992,2092,1388,228,396,True
C4_P07_N1_S3_1.JPG,0,C4_P07,1416,956,1616,1272,200,316,True
C4_P05_N4_S2_1.JPG,0,C4_P05,1696,744,1920,1092,224,348,True
C1_P09_N1_S2_1.JPG,0,C1_P09,1516,584,1672,836,156,252,False
C2_P04_N2_S3_1.JPG,0,C2_P04,1028,216,1216,480,188,264,False
C1_P06_N3_S3_1.JPG,0,C1_P06,2908,128,3128,436,220,308,True
C1_P09_N1_S5_2.JPG,0,C1_P09,1836,1352,1992,1596,156,244,False
C3_P05_N1_S4_1.JPG,0,C3_P05,2444,1460,2628,1808,184,348,True
C1_P09_N4_S4_1.JPG,0,C1_P09,876,1228,1060,1516,184,288,False
C3_P03_N3_S3_1.JPG,0,C3_P03,2768,1816,2996,2152,228,336,True
C2_P06_N2_S4_1.JPG,0,C2_P06,2044,88,2224,332,180,244,False
C2_P05_N2_S3_2.JPG,0,C2_P05,1792,312,1972,568,180,256,True
C4_P01_N2_S4_1.JPG,0,C4_P01,1616,1740,1796,2040,180,300,True
C2_P04_N3_S2_1.JPG,0,C2_P04,1716,236,1904,512,188,276,False
C3_P04_N2_S4_1.JPG,0,C3_P04,628,1236,824,1528,196,292,True
C3_P06_N2_S3_2.JPG,0,C3_P06,2272,1032,2528,1452,256,420,True
C4_P05_N2_S4_1.JPG,0,C4_P05,276,176,448,500,172,324,True
C2_P07_N1_S6_2.JPG,0,C2_P07,8,4,100,196,92,192,False
C4_P08_N1_S5_1.JPG,0,C4_P08,1064,676,1196,888,132,212,False
C4_P08_N2_S2_1.JPG,0,C4_P08,808,284,1056,632,248,348,False
C2_P03_N4_S2_1.JPG,0,C2_P03,268,1008,572,1564,304,556,True
C3_P03_N1_S2_2.JPG,0,C3_P03,3820,1392,4168,1840,348,448,True
C1_P05_N1_S4_1.JPG,0,C1_P05,592,2048,816,2408,224,360,True
C4_P05_N1_S5_1.JPG,0,C4_P05,1008,1776,1176,2064,168,288,True
C3_P02_N2_S4_1.JPG,0,C3_P02,928,812,1140,1176,212,364,True
C1_P12_N1_S4_1.JPG,0,C1_P12,736,776,952,1088,216,312,True
C3_P03_N3_S2_1.JPG,0,C3_P03,1204,1520,1508,1944,304,424,True
C4_P03_N2_S3_2.JPG,0,C4_P03,2384,292,2576,556,192,264,True
C1_P12_N3_S4_1.JPG,0,C1_P12,1420,320,1648,672,228,352,True
C2_P01_N2_S2_1.JPG,0,C2_P01,1160,976,1332,1220,172,244,True
C1_P11_N1_S5_1.JPG,0,C1_P11,2204,788,2372,1024,168,236,True
C4_P01_N1_S2_1.JPG,0,C4_P01,2072,1124,2272,1424,200,300,True
C1_P06_N1_S4_1.JPG,0,C1_P06,1956,800,2160,1060,204,260,True
C1_P02_N1_S5_1.JPG,0,C1_P02,1476,652,1604,936,128,284,True
C1_P04_N1_S5_2.JPG,0,C1_P04,1044,1244,1176,1460,132,216,True
C2_P08_N2_S3_2.JPG,0,C2_P08,1372,748,1568,1052,196,304,False
C3_P06_N1_S4_1.JPG,0,C3_P06,3280,160,3508,508,228,348,True
C3_P02_N2_S2_1.JPG,0,C3_P02,1996,1132,2264,1540,268,408,True
C2_P06_N1_S3_2.JPG,0,C2_P06,1372,1156,1560,1408,188,252,False
C1_P12_N2_S4_1.JPG,0,C1_P12,304,2024,528,2368,224,344,True
C4_P02_N4_S3_1.JPG,0,C4_P02,1852,996,2020,1228,168,232,True
C4_P04_N1_S3_1.JPG,0,C4_P04,356,1340,580,1728,224,388,True
C1_P04_N2_S3_1.JPG,0,C1_P04,656,392,864,728,208,336,True
C3_P03_N4_S2_1.JPG,0,C3_P03,1128,1208,1408,1712,280,504,True
C2_P02_N1_S2_1.JPG,0,C2_P02,2196,1036,2416,1380,220,344,True
C3_P06_N4_S3_1.JPG,0,C3_P06,924,472,1212,920,288,448,True
C3_P04_N1_S3_1.JPG,0,C3_P04,1120,356,1408,820,288,464,True
C1_P01_N2_S2_1.JPG,0,C1_P01,564,12,1024,732,460,720,True
C2_P02_N2_S2_1.JPG,0,C2_P02,1588,312,1824,644,236,332,True
C3_P03_N2_S4_1.JPG,0,C3_P03,984,1464,1176,1724,192,260,True
C2_P03_N3_S3_1.JPG,0,C2_P03,1980,700,2172,1112,192,412,True
C4_P07_N2_S4_1.JPG,0,C4_P07,2116,1684,2288,1968,172,284,True
C4_P06_N1_S4_1.JPG,0,C4_P06,1904,768,2120,1080,216,312,True
C2_P04_N1_S2_1.JPG,0,C2_P04,736,816,912,1092,176,276,False
C1_P04_N1_S4_1.JPG,0,C1_P04,2224,732,2424,1044,200,312,True
C4_P04_N3_S3_1.JPG,0,C4_P04,1228,556,1464,948,236,392,True
C4_P04_N1_S4_1.JPG,0,C4_P04,2252,1608,2452,1908,200,300,True
C2_P04_N1_S4_1.JPG,0,C2_P04,48,628,200,864,152,236,False
C2_P06_N2_S4_1.JPG,0,C2_P06,1004,592,1184,836,180,244,False
C2_P01_N2_S4_1.JPG,0,C2_P01,1336,1108,1464,1288,128,180,True
C4_P07_N2_S3_1.JPG,0,C4_P07,2160,244,2368,548,208,304,True
C3_P05_N2_S2_1.JPG,0,C3_P05,996,1168,1260,1544,264,376,True
C3_P06_N3_S3_1.JPG,0,C3_P06,600,1044,868,1456,268,412,True
C4_P04_N2_S3_1.JPG,0,C4_P04,552,704,776,1036,224,332,True
C3_P04_N2_S4_1.JPG,0,C3_P04,96,68,336,424,240,356,True
C1_P12_N1_S3_1.JPG,0,C1_P12,420,1016,696,1432,276,416,True
C3_P06_N1_S5_1.JPG,0,C3_P06,1720,2048,1884,2328,164,280,True
C4_P02_N1_S3_2.JPG,0,C4_P02,2124,248,2296,472,172,224,True
C3_P02_N2_S3_1.JPG,0,C3_P02,1384,1068,1640,1464,256,396,True
C3_P02_N1_S3_1.JPG,0,C3_P02,3156,1128,3416,1460,260,332,True
C4_P08_N1_S5_1.JPG,0,C4_P08,1460,684,1592,880,132,196,False
C1_P07_N1_S3_3.JPG,0,C1_P07,376,1588,580,1884,204,296,False
C2_P03_N1_S5_1.JPG,0,C2_P03,460,1240,604,1468,144,228,True
C3_P03_N3_S2_1.JPG,0,C3_P03,3584,1480,3836,1880,252,400,True
C1_P11_N1_S5_1.JPG,0,C1_P11,1172,352,1364,596,192,244,True
C4_P07_N1_S5_1.JPG,0,C4_P07,1076,1392,1224,1612,148,220,True
C3_P07_N5_S2_1.JPG,0,C3_P07,596,1164,996,1804,400,640,True
C3_P07_N5_S2_1.JPG,0,C3_P07,3044,1388,3356,1852,312,464,True
C2_P06_N3_S4_1.JPG,0,C2_P06,1832,1104,1992,1348,160,244,False
C3_P01_N3_S2_1.JPG,0,C3_P01,2380,1548,2724,2084,344,536,True
C4_P07_N1_S4_2.JPG,0,C4_P07,1816,624,1964,912,148,288,True
C1_P05_N2_S4_2.JPG,0,C1_P05,580,812,808,1184,228,372,True
C1_P02_N2_S3_1.JPG,0,C1_P02,2776,236,3012,744,236,508,True
C4_P08_N2_S4_1.JPG,0,C4_P08,1256,1732,1464,2040,208,308,False
C3_P02_N3_S2_2.JPG,0,C3_P02,1360,500,1688,1020,328,520,True
C4_P02_N2_S4_1.JPG,0,C4_P02,1332,1196,1484,1428,152,232,True
C1_P07_N2_S3_1.JPG,0,C1_P07,1256,1708,1460,2008,204,300,False
C4_P07_N1_S3_1.JPG,0,C4_P07,872,384,1064,684,192,300,True
C3_P06_N1_S5_1.JPG,0,C3_P06,2152,1548,2308,1876,156,328,True
C2_P07_N2_S3_1.JPG,0,C2_P07,744,1176,936,1456,192,280,False
C1_P03_N1_S2_1.JPG,0,C1_P03,448,372,664,664,216,292,False
C1_P03_N1_S4_2.JPG,0,C1_P03,1544,676,1676,856,132,180,False
C1_P05_N1_S4_1.JPG,0,C1_P05,1688,212,1896,560,208,348,True
C4_P07_N1_S4_2.JPG,0,C4_P07,1300,664,1468,932,168,268,True
C2_P09_N1_S7_1.JPG,0,C2_P09,740,1432,832,1572,92,140,False
C1_P08_N4_S3_1.JPG,0,C1_P08,876,1548,1100,1896,224,348,True
C3_P01_N2_S3_1.JPG,0,C3_P01,224,1752,488,2216,264,464,True
C1_P10_N1_S2_1.JPG,0,C1_P10,1528,372,1760,812,232,440,True
C1_P10_N2_S4_1.JPG,0,C1_P10,1884,1476,2072,1732,188,256,True
C3_P02_N1_S5_1.JPG,0,C3_P02,1532,2040,1684,2280,152,240,True
C1_P08_N3_S4_2.JPG,0,C1_P08,496,936,720,1260,224,324,True
C3_P06_N2_S3_2.JPG,0,C3_P06,3716,264,3952,716,236,452,True
C2_P01_N1_S5_2.JPG,0,C2_P01,368,964,468,1120,100,156,True
C1_P09_N3_S4_2.JPG,0,C1_P09,1132,1084,1304,1340,172,256,False
C1_P07_N2_S3_1.JPG,0,C1_P07,1036,1660,1240,1980,204,320,False
C4_P07_N3_S3_1.JPG,0,C4_P07,1992,852,2180,1128,188,276,True
C2_P08_N1_S4_1.JPG,0,C2_P08,520,136,696,376,176,240,False
C1_P11_N1_S4_1.JPG,0,C1_P11,2692,2032,2936,2384,244,352,True
C1_P04_N2_S4_1.JPG,0,C1_P04,2040,2064,2236,2388,196,324,True
C1_P12_N3_S3_1.JPG,0,C1_P12,852,1640,1084,2036,232,396,True
C2_P02_N2_S4_1.JPG,0,C2_P02,288,212,460,492,172,280,True
C2_P01_N2_S4_1.JPG,0,C2_P01,64,1504,192,1672,128,168,True
C2_P03_N3_S2_1.JPG,0,C2_P03,1468,280,1760,752,292,472,True
C3_P01_N1_S4_1.JPG,0,C3_P01,560,756,788,1088,228,332,True
C3_P02_N1_S4_1.JPG,0,C3_P02,1600,1496,1800,1844,200,348,True
C1_P11_N2_S4_2.JPG,0,C1_P11,1144,76,1352,420,208,344,True
C3_P02_N1_S5_1.JPG,0,C3_P02,948,1584,1108,1840,160,256,True
C4_P05_N2_S4_1.JPG,0,C4_P05,1140,684,1332,984,192,300,True
C3_P01_N1_S5_1.JPG,0,C3_P01,284,2116,444,2368,160,252,True
C1_P04_N1_S4_1.JPG,0,C1_P04,2004,1328,2208,1680,204,352,True
C3_P07_N1_S3_1.JPG,0,C3_P07,864,1116,1100,1468,236,352,True
C4_P07_N1_S3_2.JPG,0,C4_P07,1376,900,1580,1204,204,304,True
C1_P02_N2_S2_1.JPG,0,C1_P02,2832,672,3092,1256,260,584,True
C3_P03_N2_S4_1.JPG,0,C3_P03,1696,248,1872,508,176,260,True
C1_P11_N2_S3_2.JPG,0,C1_P11,1468,296,1712,660,244,364,True
C1_P08_N2_S4_2.JPG,0,C1_P08,548,2084,724,2412,176,328,True
C1_P05_N2_S4_2.JPG,0,C1_P05,1580,1416,1796,1764,216,348,True
C1_P12_N2_S2_1.JPG,0,C1_P12,952,452,1300,964,348,512,True
C4_P06_N1_S4_1.JPG,0,C4_P06,2264,1304,2472,1620,208,316,True
C4_P06_N2_S3_1.JPG,0,C4_P06,372,824,560,1148,188,324,True
C3_P07_N3_S3_1.JPG,0,C3_P07,3484,1096,3852,1588,368,492,True
C2_P01_N3_S2_1.JPG,0,C2_P01,180,276,368,520,188,244,True
C1_P02_N1_S3_1.JPG,0,C1_P02,2312,1000,2556,1468,244,468,True
C2_P08_N2_S4_1.JPG,0,C2_P08,680,1308,828,1528,148,220,False
C3_P02_N1_S5_1.JPG,0,C3_P02,928,636,1092,868,164,232,True
C2_P02_N2_S3_1.JPG,0,C2_P02,312,1336,540,1668,228,332,True
C1_P03_N2_S2_1.JPG,0,C1_P03,2088,1160,2324,1532,236,372,False
C2_P07_N2_S4_1.JPG,0,C2_P07,428,56,584,336,156,280,False
C4_P08_N1_S3_1.JPG,0,C4_P08,220,388,440,692,220,304,False
C3_P05_N1_S4_1.JPG,0,C3_P05,2108,1020,2292,1308,184,288,True
C3_P01_N1_S4_1.JPG,0,C3_P01,188,1392,400,1692,212,300,True
C1_P12_N2_S5_1.JPG,0,C1_P12,1088,220,1248,536,160,316,True
C2_P07_N1_S3_1.JPG,0,C2_P07,168,616,336,932,168,316,False
C1_P03_N2_S3_1.JPG,0,C1_P03,2144,1924,2336,2188,192,264,False
C1_P04_N1_S5_1.JPG,0,C1_P04,1972,104,2132,364,160,260,True
C3_P02_N2_S3_1.JPG,0,C3_P02,2344,1860,2592,2184,248,324,True
C3_P02_N2_S2_1.JPG,0,C3_P02,24,1180,292,1536,268,356,True
C2_P01_N1_S5_2.JPG,0,C2_P01,608,620,704,764,96,144,True
C2_P09_N1_S7_2.JPG,0,C2_P09,1836,1560,1916,1692,80,132,False
C4_P03_N3_S3_2.JPG,0,C4_P03,1176,940,1392,1304,216,364,True
C4_P07_N1_S3_1.JPG,0,C4_P07,2340,936,2528,1248,188,312,True
C2_P04_N2_S3_1.JPG,0,C2_P04,32,156,220,420,188,264,False
C2_P09_N1_S7_1.JPG,0,C2_P09,980,1428,1084,1576,104,148,False
C1_P05_N2_S4_1.JPG,0,C1_P05,1044,44,1316,380,272,336,True
C4_P07_N1_S3_2.JPG,0,C4_P07,1200,904,1404,1208,204,304,True
C1_P06_N1_S5_1.JPG,0,C1_P06,1644,2092,1788,2332,144,240,True
C1_P04_N1_S3_1.JPG,0,C1_P04,1660,1956,1892,2340,232,384,True
C3_P04_N1_S4_1.JPG,0,C3_P04,1872,1248,2068,1544,196,296,True
C3_P04_N2_S2_1.JPG,0,C3_P04,1596,1412,1984,2072,388,660,True
C4_P02_N3_S2_1.JPG,0,C4_P02,668,1028,840,1276,172,248,True
C3_P01_N4_S3_1.JPG,0,C3_P01,716,1732,964,2152,248,420,True
C2_P08_N2_S3_2.JPG,0,C2_P08,1364,1280,1552,1588,188,308,False
C2_P07_N3_S2_1.JPG,0,C2_P07,1032,920,1280,1292,248,372,False
C2_P07_N2_S3_1.JPG,0,C2_P07,552,124,728,464,176,340,False
C4_P08_N2_S4_1.JPG,0,C4_P08,248,44,468,356,220,312,False
C2_P08_N1_S6_1.JPG,0,C2_P08,772,944,884,1096,112,152,False
C3_P07_N1_S4_1.JPG,0,C3_P07,2196,48,2412,372,216,324,True
C1_P08_N2_S5_1.JPG,0,C1_P08,2312,748,2480,1004,168,256,True
C2_P02_N1_S5_1.JPG,0,C2_P02,292,920,412,1088,120,168,True
C3_P01_N1_S4_1.JPG,0,C3_P01,1004,1364,1176,1700,172,336,True
C2_P04_N3_S2_1.JPG,0,C2_P04,1880,240,2068,516,188,276,False
C2_P08_N1_S4_1.JPG,0,C2_P08,364,112,520,368,156,256,False
C1_P05_N3_S3_1.JPG,0,C1_P05,324,928,560,1312,236,384,True
C2_P07_N3_S2_1.JPG,0,C2_P07,2040,228,2280,600,240,372,False
C2_P02_N4_S2_1.JPG,0,C2_P02,968,880,1196,1212,228,332,True
C2_P05_N2_S5_1.JPG,0,C2_P05,528,736,640,900,112,164,True
C2_P06_N2_S3_1.JPG,0,C2_P06,1364,688,1560,928,196,240,False
C2_P08_N1_S4_1.JPG,0,C2_P08,668,1308,804,1560,136,252,False
C1_P09_N2_S4_1.JPG,0,C1_P09,708,408,900,720,192,312,False
C2_P06_N2_S4_1.JPG,0,C2_P06,1200,604,1380,848,180,244,False
C2_P05_N2_S3_1.JPG,0,C2_P05,1644,1228,1836,1552,192,324,True
C2_P06_N1_S5_1.JPG,0,C2_P06,668,60,796,224,128,164,False
C2_P02_N1_S4_1.JPG,0,C2_P02,96,632,260,892,164,260,True
C1_P08_N2_S3_1.JPG,0,C1_P08,692,292,924,640,232,348,True
C2_P01_N1_S5_1.JPG,0,C2_P01,1392,952,1504,1108,112,156,True
C1_P01_N3_S3_1.JPG,0,C1_P01,652,236,976,792,324,556,True
C2_P02_N1_S2_1.JPG,0,C2_P02,284,512,524,856,240,344,True
C2_P06_N1_S5_1.JPG,0,C2_P06,1668,1444,1792,1616,124,172,False
C2_P06_N2_S3_1.JPG,0,C2_P06,748,172,944,412,196,240,False
C1_P12_N1_S5_1.JPG,0,C1_P12,408,1196,580,1476,172,280,True
C3_P07_N1_S5_1.JPG,0,C3_P07,816,2172,984,2388,168,216,True
C3_P05_N1_S2_1.JPG,0,C3_P05,2344,412,2564,748,220,336,True
C1_P06_N3_S3_2.JPG,0,C1_P06,2640,1812,2872,2160,232,348,True
C1_P05_N2_S4_2.JPG,0,C1_P05,792,860,1004,1200,212,340,True
C1_P02_N2_S3_1.JPG,0,C1_P02,2508,1040,2756,1512,248,472,True
C1_P03_N2_S3_2.JPG,0,C1_P03,2668,1080,2872,1360,204,280,False
C3_P02_N1_S4_1.JPG,0,C3_P02,1792,1504,1992,1852,200,348,True
C2_P03_N3_S3_1.JPG,0,C2_P03,856,164,1116,552,260,388,True
C1_P03_N1_S3_2.JPG,0,C1_P03,596,280,772,500,176,220,False
C4_P05_N2_S3_1.JPG,0,C4_P05,2328,408,2544,724,216,316,True
C4_P02_N2_S3_1.JPG,0,C4_P02,1732,292,1912,540,180,248,True
C2_P01_N2_S4_1.JPG,0,C2_P01,1252,300,1372,460,120,160,True
C3_P06_N1_S3_2.JPG,0,C3_P06,3076,992,3276,1424,200,432,True
C2_P06_N2_S3_1.JPG,0,C2_P06,1936,1136,2104,1388,168,252,False
C3_P01_N4_S2_1.JPG,0,C3_P01,300,1264,652,1860,352,596,True
C1_P06_N3_S3_1.JPG,0,C1_P06,2504,1448,2716,1824,212,376,True
C1_P05_N1_S4_1.JPG,0,C1_P05,2936,1444,3152,1776,216,332,True
C3_P06_N1_S4_1.JPG,0,C3_P06,560,264,760,576,200,312,True
C3_P03_N1_S5_1.JPG,0,C3_P03,1624,152,1776,368,152,216,True
C2_P06_N2_S3_1.JPG,0,C2_P06,1624,1180,1784,1412,160,232,False
C4_P07_N2_S3_2.JPG,0,C4_P07,2332,320,2508,620,176,300,True
C3_P05_N3_S2_1.JPG,0,C3_P05,3680,1120,4012,1580,332,460,True
C1_P04_N1_S5_1.JPG,0,C1_P04,1332,1612,1496,1904,164,292,True
C1_P05_N3_S4_1.JPG,0,C1_P05,140,1908,348,2276,208,368,True
C3_P06_N1_S5_1.JPG,0,C3_P06,2296,1076,2484,1384,188,308,True
C1_P02_N4_S2_1.JPG,0,C1_P02,2200,1488,2508,2076,308,588,True
C2_P07_N3_S3_1.JPG,0,C2_P07,64,1180,220,1448,156,268,False
C1_P04_N1_S5_2.JPG,0,C1_P04,1844,1652,1980,1884,136,232,True
C2_P05_N3_S3_1.JPG,0,C2_P05,1652,668,1856,1004,204,336,True
C4_P07_N1_S4_1.JPG,0,C4_P07,312,568,508,920,196,352,True
C2_P04_N3_S4_1.JPG,0,C2_P04,456,1440,612,1648,156,208,False
C2_P08_N1_S6_2.JPG,0,C2_P08,240,128,368,296,128,168,False
C2_P08_N1_S6_1.JPG,0,C2_P08,360,64,480,244,120,180,False
C1_P11_N1_S4_1.JPG,0,C1_P11,1692,196,1912,524,220,328,True
C1_P02_N1_S4_1.JPG,0,C1_P02,2468,1352,2648,1736,180,384,True
C4_P08_N2_S3_2.JPG,0,C4_P08,1436,904,1648,1212,212,308,False
C1_P06_N2_S3_1.JPG,0,C1_P06,2632,428,2848,748,216,320,True
C1_P09_N1_S5_2.JPG,0,C1_P09,1052,1680,1228,1928,176,248,False
C4_P02_N3_S2_1.JPG,0,C4_P02,1880,364,2072,628,192,264,True
C3_P07_N5_S2_1.JPG,0,C3_P07,1272,1188,1604,1816,332,628,True
C1_P03_N1_S3_2.JPG,0,C1_P03,1608,280,1784,500,176,220,False
C2_P07_N2_S2_1.JPG,0,C2_P07,4,272,212,720,208,448,False
C3_P04_N1_S5_1.JPG,0,C3_P04,1456,2040,1612,2256,156,216,True
C2_P03_N3_S2_1.JPG,0,C2_P03,2164,872,2388,1376,224,504,True
C3_P02_N1_S4_1.JPG,0,C3_P02,2340,296,2540,584,200,288,True
C1_P02_N1_S4_1.JPG,0,C1_P02,2460,764,2636,1120,176,356,True
C4_P02_N2_S4_1.JPG,0,C4_P02,876,32,1032,256,156,224,True
C3_P07_N1_S3_1.JPG,0,C3_P07,3032,1800,3352,2204,320,404,True
C1_P08_N2_S4_2.JPG,0,C1_P08,1928,2008,2104,2328,176,320,True
C3_P01_N2_S2_2.JPG,0,C3_P01,1752,560,2080,1204,328,644,True
C2_P03_N1_S3_1.JPG,0,C2_P03,1488,788,1704,1212,216,424,True
C4_P02_N4_S3_1.JPG,0,C4_P02,1332,928,1500,1188,168,260,True
C2_P02_N1_S5_1.JPG,0,C2_P02,1280,584,1368,780,88,196,True
C2_P08_N1_S6_1.JPG,0,C2_P08,164,1464,268,1616,104,152,False
C4_P08_N3_S3_2.JPG,0,C4_P08,2356,412,2588,732,232,320,False
C2_P08_N3_S3_2.JPG,0,C2_P08,1136,1180,1316,1488,180,308,False
C3_P06_N1_S3_2.JPG,0,C3_P06,1988,1700,2236,2100,248,400,True
C1_P05_N1_S3_1.JPG,0,C1_P05,624,1848,848,2232,224,384,True
C2_P05_N2_S3_1.JPG,0,C2_P05,1472,1264,1644,1532,172,268,True
C2_P05_N1_S5_1.JPG,0,C2_P05,340,1228,468,1404,128,176,True
C4_P02_N3_S2_1.JPG,0,C4_P02,1500,364,1692,628,192,264,True
C1_P04_N1_S3_1.JPG,0,C1_P04,1220,1236,1456,1596,236,360,True
C2_P04_N2_S2_1.JPG,0,C2_P04,184,184,368,444,184,260,False
C1_P11_N1_S5_1.JPG,0,C1_P11,2212,1204,2380,1452,168,248,True
C2_P01_N2_S2_1.JPG,0,C2_P01,656,984,828,1228,172,244,True
C2_P05_N2_S5_1.JPG,0,C2_P05,1076,420,1188,584,112,164,True
C2_P01_N1_S2_1.JPG,0,C2_P01,1800,248,1968,472,168,224,True
C2_P08_N1_S3_1.JPG,0,C2_P08,344,1448,564,1832,220,384,False
C3_P04_N3_S2_1.JPG,0,C3_P04,3716,1676,4072,2172,356,496,True
C1_P11_N2_S4_2.JPG,0,C1_P11,2912,120,3120,464,208,344,True
C1_P04_N2_S4_1.JPG,0,C1_P04,2232,2064,2428,2388,196,324,True
C2_P05_N1_S5_1.JPG,0,C2_P05,80,524,208,700,128,176,True
C3_P01_N2_S2_2.JPG,0,C3_P01,2868,1732,3208,2280,340,548,True
C2_P09_N1_S7_2.JPG,0,C2_P09,1704,120,1800,280,96,160,False
C1_P12_N2_S3_1.JPG,0,C1_P12,1728,1160,1984,1564,256,404,True
C1_P01_N1_S3_2.JPG,0,C1_P01,740,796,1008,1200,268,404,True
C1_P06_N2_S3_1.JPG,0,C1_P06,2200,448,2416,768,216,320,True
C3_P07_N4_S2_1.JPG,0,C3_P07,1796,1564,2100,1992,304,428,True
C2_P04_N1_S4_1.JPG,0,C2_P04,1100,1512,1252,1736,152,224,False
C1_P10_N3_S2_1.JPG,0,C1_P10,412,1300,692,1708,280,408,True
C4_P07_N1_S5_1.JPG,0,C4_P07,1620,140,1760,356,140,216,True
C2_P07_N1_S3_1.JPG,0,C2_P07,528,624,696,940,168,316,False
C3_P07_N2_S2_1.JPG,0,C3_P07,3268,416,3628,920,360,504,True
C3_P07_N1_S5_1.JPG,0,C3_P07,2268,32,2444,304,176,272,True
C2_P05_N1_S4_1.JPG,0,C2_P05,968,228,1128,444,160,216,True
C1_P04_N1_S5_2.JPG,0,C1_P04,1592,1644,1728,1876,136,232,True
C4_P08_N2_S4_1.JPG,0,C4_P08,1084,20,1304,332,220,312,False
C1_P10_N1_S5_1.JPG,0,C1_P10,1152,2008,1308,2288,156,280,True
C3_P02_N2_S4_1.JPG,0,C3_P02,28,2044,256,2332,228,288,True
C4_P06_N1_S4_1.JPG,0,C4_P06,416,1780,624,2096,208,316,True
C2_P01_N1_S5_1.JPG,0,C2_P01,212,240,324,388,112,148,True
C1_P02_N1_S3_1.JPG,0,C1_P02,1288,976,1580,1444,292,468,True
C2_P03_N1_S4_1.JPG,0,C2_P03,688,1060,868,1336,180,276,True
C3_P01_N1_S2_1.JPG,0,C3_P01,2576,1600,2904,2240,328,640,True
C4_P02_N3_S2_1.JPG,0,C4_P02,412,360,576,624,164,264,True
C1_P04_N2_S4_1.JPG,0,C1_P04,2016,804,2224,1156,208,352,True
C2_P02_N1_S2_1.JPG,0,C2_P02,1588,1080,1824,1404,236,324,True
C1_P08_N2_S4_2.JPG,0,C1_P08,1344,396,1560,740,216,344,True
C3_P04_N1_S3_2.JPG,0,C3_P04,2380,1124,2684,1576,304,452,True
C2_P06_N3_S4_1.JPG,0,C2_P06,964,616,1144,840,180,224,False
C3_P05_N3_S3_1.JPG,0,C3_P05,3112,1176,3356,1520,244,344,True
C1_P03_N1_S4_2.JPG,0,C1_P03,1344,192,1468,368,124,176,False
C2_P04_N1_S2_1.JPG,0,C2_P04,1264,316,1456,612,192,296,False
C4_P06_N1_S4_1.JPG,0,C4_P06,1488,760,1704,1072,216,312,True
C3_P05_N2_S2_1.JPG,0,C3_P05,2012,1168,2256,1564,244,396,True
C1_P03_N1_S3_1.JPG,0,C1_P03,1480,1688,1664,1948,184,260,False
C4_P01_N3_S3_1.JPG,0,C4_P01,2084,1024,2276,1300,192,276,True
C1_P05_N1_S4_3.JPG,0,C1_P05,164,300,396,616,232,316,True
C2_P01_N1_S4_1.JPG,0,C2_P01,1064,1388,1184,1556,120,168,True
C2_P08_N1_S3_2.JPG,0,C2_P08,432,264,652,604,220,340,False
C3_P03_N1_S5_1.JPG,0,C3_P03,644,2140,796,2416,152,276,True
C1_P03_N1_S3_1.JPG,0,C1_P03,2092,300,2280,564,188,264,False
C1_P06_N1_S4_1.JPG,0,C1_P06,1464,1984,1672,2324,208,340,True
C3_P05_N1_S2_1.JPG,0,C3_P05,2596,420,2816,756,220,336,True
C3_P03_N2_S3_1.JPG,0,C3_P03,3340,1896,3572,2324,232,428,True
C3_P07_N1_S3_1.JPG,0,C3_P07,1112,1112,1348,1464,236,352,True
C3_P01_N1_S3_1.JPG,0,C3_P01,1836,1056,2040,1496,204,440,True
C4_P07_N1_S4_2.JPG,0,C4_P07,1956,1632,2128,1916,172,284,True
C3_P02_N2_S4_1.JPG,0,C3_P02,500,2028,696,2348,196,320,True
C3_P04_N4_S2_2.JPG,0,C3_P04,1000,388,1320,852,320,464,True
C1_P05_N2_S4_1.JPG,0,C1_P05,372,636,592,1020,220,384,True
C3_P06_N1_S5_1.JPG,0,C3_P06,1332,1104,1524,1396,192,292,True
C1_P02_N2_S3_1.JPG,0,C1_P02,2056,1040,2332,1512,276,472,True
C2_P04_N1_S2_1.JPG,0,C2_P04,1612,320,1804,616,192,296,False
C3_P02_N2_S3_1.JPG,0,C3_P02,3244,1796,3488,2180,244,384,True
C3_P06_N1_S5_1.JPG,0,C3_P06,1340,2056,1524,2332,184,276,True
C2_P02_N3_S3_1.JPG,0,C2_P02,1156,756,1384,1080,228,324,True
C4_P03_N2_S3_2.JPG,0,C4_P03,712,1504,904,1768,192,264,True
C4_P05_N1_S3_1.JPG,0,C4_P05,512,1428,716,1768,204,340,True
C3_P01_N2_S4_1.JPG,0,C3_P01,1276,1880,1464,2184,188,304,True
C1_P05_N1_S4_1.JPG,0,C1_P05,1464,216,1672,564,208,348,True
C4_P02_N4_S3_1.JPG,0,C4_P02,2336,332,2544,596,208,264,True
C1_P11_N2_S3_1.JPG,0,C1_P11,1644,872,1852,1208,208,336,True
C3_P01_N1_S2_2.JPG,0,C3_P01,1624,1616,1988,2184,364,568,True
C2_P06_N1_S5_1.JPG,0,C2_P06,380,60,508,224,128,164,False
C1_P05_N1_S5_1.JPG,0,C1_P05,2384,1608,2572,1888,188,280,True
C1_P10_N2_S4_1.JPG,0,C1_P10,1892,2032,2088,2328,196,296,True
C2_P04_N1_S5_1.JPG,0,C2_P04,12,236,128,428,116,192,False
C1_P09_N2_S4_1.JPG,0,C1_P09,1240,108,1404,336,164,228,False
C1_P04_N1_S3_2.JPG,0,C1_P04,2152,984,2368,1328,216,344,True
C1_P11_N1_S4_1.JPG,0,C1_P11,1044,804,1312,1152,268,348,True
C4_P08_N1_S4_1.JPG,0,C4_P08,324,120,516,396,192,276,False
C4_P01_N2_S4_1.JPG,0,C4_P01,1972,1728,2152,2028,180,300,True
C4_P08_N2_S2_1.JPG,0,C4_P08,2136,300,2384,648,248,348,False
C3_P04_N1_S4_1.JPG,0,C3_P04,1196,1252,1408,1568,212,316,True
C3_P05_N3_S2_1.JPG,0,C3_P05,3460,444,3724,860,264,416,True
C2_P06_N1_S3_2.JPG,0,C2_P06,80,1156,268,1408,188,252,False
C1_P06_N1_S5_1.JPG,0,C1_P06,964,1592,1120,1836,156,244,True
C4_P06_N2_S3_1.JPG,0,C4_P06,1328,840,1528,1152,200,312,True
C1_P04_N2_S3_1.JPG,0,C1_P04,1304,396,1508,744,204,348,True
C4_P02_N2_S4_1.JPG,0,C4_P02,264,1680,404,1876,140,196,True
C1_P11_N1_S5_1.JPG,0,C1_P11,1644,1616,1812,1868,168,252,True
C2_P05_N2_S3_1.JPG,0,C2_P05,300,632,520,932,220,300,True
C1_P03_N1_S3_1.JPG,0,C1_P03,1992,1016,2172,1260,180,244,False
C2_P01_N1_S3_1.JPG,0,C2_P01,1160,752,1296,924,136,172,True
C4_P07_N1_S4_1.JPG,0,C4_P07,880,80,1048,356,168,276,True
C4_P08_N1_S5_1.JPG,0,C4_P08,492,1780,624,1968,132,188,False
C2_P08_N2_S3_1.JPG,0,C2_P08,1432,1428,1652,1772,220,344,False
C2_P07_N1_S2_1.JPG,0,C2_P07,232,248,468,672,236,424,False
C2_P06_N2_S3_1.JPG,0,C2_P06,2056,176,2252,416,196,240,False
C1_P04_N1_S4_1.JPG,0,C1_P04,200,104,396,420,196,316,True
C3_P05_N1_S3_1.JPG,0,C3_P05,496,1600,720,1952,224,352,True
C2_P01_N1_S5_1.JPG,0,C2_P01,628,968,740,1124,112,156,True
C3_P04_N2_S4_1.JPG,0,C3_P04,1700,1872,1872,2128,172,256,True
C2_P05_N2_S3_2.JPG,0,C2_P05,208,800,388,1056,180,256,True
C1_P10_N1_S2_1.JPG,0,C1_P10,1788,372,2020,812,232,440,True
C2_P01_N2_S4_1.JPG,0,C2_P01,1480,296,1600,472,120,176,True
C1_P11_N2_S3_2.JPG,0,C1_P11,156,1516,400,1836,244,320,True
C4_P07_N2_S3_1.JPG,0,C4_P07,2164,1316,2360,1632,196,316,True
C1_P05_N3_S4_1.JPG,0,C1_P05,132,1316,352,1716,220,400,True
C3_P06_N2_S3_1.JPG,0,C3_P06,432,1100,692,1484,260,384,True
C2_P07_N1_S6_2.JPG,0,C2_P07,216,580,320,732,104,152,False
C4_P08_N1_S4_1.JPG,0,C4_P08,512,1748,712,2032,200,284,False
C2_P03_N2_S4_1.JPG,0,C2_P03,96,108,308,420,212,312,True
C2_P06_N1_S3_1.JPG,0,C2_P06,1912,1180,2088,1460,176,280,False
C2_P08_N1_S6_1.JPG,0,C2_P08,576,76,696,256,120,180,False
C4_P08_N2_S3_1.JPG,0,C4_P08,1456,1276,1688,1664,232,388,False
C2_P01_N3_S2_1.JPG,0,C2_P01,1396,852,1572,1092,176,240,True
C3_P06_N1_S3_1.JPG,0,C3_P06,1732,1136,1924,1520,192,384,True
C1_P09_N3_S3_1.JPG,0,C1_P09,1600,796,1792,1052,192,256,False
C3_P02_N3_S2_2.JPG,0,C3_P02,3964,1404,4272,1868,308,464,True
C1_P11_N2_S4_3.JPG,0,C1_P11,2780,272,2980,548,200,276,True
C1_P04_N4_S2_1.JPG,0,C1_P04,2136,1052,2400,1460,264,408,True
C2_P09_N1_S7_2.JPG,0,C2_P09,2048,1108,2140,1256,92,148,False
C4_P02_N4_S3_1.JPG,0,C4_P02,524,940,680,1164,156,224,True
C2_P02_N2_S4_1.JPG,0,C2_P02,796,1548,944,1824,148,276,True
C1_P10_N3_S2_1.JPG,0,C1_P10,2552,1400,2832,1808,280,408,True
C1_P02_N1_S4_1.JPG,0,C1_P02,580,1344,816,1728,236,384,True
C2_P03_N2_S2_1.JPG,0,C2_P03,2068,1124,2376,1604,308,480,True
C1_P01_N4_S2_1.JPG,0,C1_P01,624,1280,1016,1968,392,688,True
C2_P06_N1_S4_1.JPG,0,C2_P06,1624,500,1788,720,164,220,False
C3_P05_N1_S3_1.JPG,0,C3_P05,2736,1108,2936,1416,200,308,True
C3_P01_N1_S3_1.JPG,0,C3_P01,2024,344,2260,692,236,348,True
C2_P03_N1_S5_1.JPG,0,C2_P03,736,548,868,788,132,240,True
C3_P01_N3_S2_1.JPG,0,C3_P01,712,1488,1040,2008,328,520,True
C3_P02_N1_S3_1.JPG,0,C3_P02,2436,1800,2684,2212,248,412,True
C4_P04_N1_S2_1.JPG,0,C4_P04,264,1008,496,1344,232,336,True
C3_P06_N2_S3_1.JPG,0,C3_P06,1148,1124,1368,1512,220,388,True
C3_P07_N1_S4_1.JPG,0,C3_P07,1320,2004,1516,2268,196,264,True
C1_P12_N2_S5_1.JPG,0,C1_P12,1064,752,1232,1008,168,256,True
C3_P02_N2_S2_2.JPG,0,C3_P02,3336,544,3624,932,288,388,True
C1_P10_N2_S4_1.JPG,0,C1_P10,828,1976,1024,2280,196,304,True
C4_P04_N2_S4_1.JPG,0,C4_P04,404,952,596,1316,192,364,True
C2_P08_N2_S3_1.JPG,0,C2_P08,1208,824,1420,1180,212,356,False
C4_P05_N1_S5_1.JPG,0,C4_P05,552,504,732,792,180,288,True
C1_P05_N1_S4_3.JPG,0,C1_P05,636,1436,852,1836,216,400,True
C1_P09_N3_S4_2.JPG,0,C1_P09,1596,100,1768,348,172,248,False
C1_P03_N1_S4_1.JPG,0,C1_P03,2256,888,2420,1112,164,224,False
C3_P03_N1_S4_1.JPG,0,C3_P03,932,2128,1152,2416,220,288,True
C4_P04_N1_S4_1.JPG,0,C4_P04,1640,720,1836,1040,196,320,True
C2_P02_N1_S4_1.JPG,0,C2_P02,68,1548,248,1800,180,252,True
C3_P06_N1_S3_2.JPG,0,C3_P06,1728,1708,1976,2108,248,400,True
C4_P03_N3_S3_1.JPG,0,C4_P03,1176,856,1388,1224,212,368,True
C3_P06_N1_S3_1.JPG,0,C3_P06,2428,544,2640,872,212,328,True
C3_P05_N2_S4_1.JPG,0,C3_P05,736,748,968,1080,232,332,True
C1_P03_N1_S2_1.JPG,0,C1_P03,1820,392,2036,684,216,292,False
C3_P06_N3_S4_2.JPG,0,C3_P06,1612,856,1820,1224,208,368,True
C1_P06_N1_S4_2.JPG,0,C1_P06,1776,844,1972,1124,196,280,True
C4_P04_N2_S2_1.JPG,0,C4_P04,2304,220,2544,548,240,328,True
C2_P04_N3_S4_1.JPG,0,C2_P04,2128,1056,2308,1332,180,276,False
C3_P06_N2_S3_1.JPG,0,C3_P06,424,484,648,892,224,408,True
C1_P04_N3_S3_1.JPG,0,C1_P04,1048,1160,1256,1488,208,328,True
C1_P02_N3_S2_1.JPG,0,C1_P02,2188,1572,2552,2124,364,552,True
C4_P02_N1_S3_1.JPG,0,C4_P02,1948,864,2128,1116,180,252,True
C1_P11_N2_S3_1.JPG,0,C1_P11,2416,276,2640,628,224,352,True
C2_P01_N1_S3_1.JPG,0,C2_P01,1532,756,1668,928,136,172,True
C3_P04_N2_S4_1.JPG,0,C3_P04,1716,1240,1908,1524,192,284,True
C2_P06_N2_S3_1.JPG,0,C2_P06,1316,1152,1488,1408,172,256,False
C1_P05_N2_S4_2.JPG,0,C1_P05,1012,844,1224,1184,212,340,True
C2_P05_N2_S3_2.JPG,0,C2_P05,1960,852,2140,1108,180,256,True
C1_P06_N1_S3_2.JPG,0,C1_P06,2388,1736,2608,2040,220,304,True
C2_P04_N1_S4_1.JPG,0,C2_P04,1552,1088,1724,1336,172,248,False
C1_P04_N1_S4_1.JPG,0,C1_P04,60,1928,256,2288,196,360,True
C3_P05_N2_S4_1.JPG,0,C3_P05,1836,152,2052,476,216,324,True
C1_P12_N1_S5_1.JPG,0,C1_P12,564,1664,736,1944,172,280,True
C4_P06_N1_S3_1.JPG,0,C4_P06,488,960,680,1304,192,344,True
C4_P06_N1_S3_1.JPG,0,C4_P06,168,400,352,688,184,288,True
C2_P02_N3_S2_1.JPG,0,C2_P02,504,880,732,1220,228,340,True
C4_P05_N1_S3_1.JPG,0,C4_P05,536,948,728,1244,192,296,True
C1_P01_N3_S2_1.JPG,0,C1_P01,1080,200,1524,912,444,712,True
C1_P02_N1_S2_1.JPG,0,C1_P02,2680,520,3000,1104,320,584,True
C1_P01_N1_S5_1.JPG,0,C1_P01,884,564,1076,844,192,280,True
C2_P02_N4_S2_1.JPG,0,C2_P02,1588,876,1776,1208,188,332,True
C3_P02_N2_S4_1.JPG,0,C3_P02,716,1436,904,1776,188,340,True
C1_P12_N4_S2_1.JPG,0,C1_P12,1844,1372,2164,1908,320,536,True
C4_P08_N2_S4_1.JPG,0,C4_P08,1084,1188,1300,1492,216,304,False
C2_P05_N1_S4_1.JPG,0,C2_P05,76,648,232,868,156,220,True
C4_P08_N3_S3_1.JPG,0,C4_P08,1468,264,1720,652,252,388,False
C1_P04_N1_S5_2.JPG,0,C1_P04,1052,820,1192,1036,140,216,True
C1_P04_N1_S3_1.JPG,0,C1_P04,2836,1236,3072,1596,236,360,True
C1_P08_N2_S3_1.JPG,0,C1_P08,1096,1560,1336,1936,240,376,True
C3_P01_N1_S5_2.JPG,0,C3_P01,124,236,304,492,180,256,True
C2_P01_N2_S3_1.JPG,0,C2_P01,1784,380,1964,628,180,248,True
C4_P08_N1_S4_1.JPG,0,C4_P08,868,1736,1060,2036,192,300,False
C2_P03_N2_S4_1.JPG,0,C2_P03,968,1048,1156,1332,188,284,True
C2_P04_N1_S3_1.JPG,0,C2_P04,1808,272,1968,512,160,240,False
C3_P02_N3_S2_1.JPG,0,C3_P02,1024,488,1332,984,308,496,True
C2_P04_N3_S4_1.JPG,0,C2_P04,1064,1472,1220,1680,156,208,False
C2_P02_N1_S4_1.JPG,0,C2_P02,284,188,452,440,168,252,True
C4_P02_N4_S3_1.JPG,0,C4_P02,392,340,564,560,172,220,True
C1_P09_N4_S3_1.JPG,0,C1_P09,500,72,688,368,188,296,False
C2_P03_N1_S5_1.JPG,0,C2_P03,324,1244,468,1472,144,228,True
C3_P05_N3_S2_1.JPG,0,C3_P05,640,476,952,884,312,408,True
C4_P07_N1_S4_1.JPG,0,C4_P07,2492,1660,2704,1948,212,288,True
C4_P04_N1_S5_1.JPG,0,C4_P04,576,1304,768,1604,192,300,True
C3_P07_N3_S2_1.JPG,0,C3_P07,1808,1488,2120,1924,312,436,True
C2_P08_N1_S4_1.JPG,0,C2_P08,804,1332,964,1568,160,236,False
C3_P01_N1_S4_1.JPG,0,C3_P01,216,1868,424,2208,208,340,True
C4_P05_N2_S4_1.JPG,0,C4_P05,1892,1676,2088,1984,196,308,True
C2_P02_N4_S2_1.JPG,0,C2_P02,528,876,756,1208,228,332,True
C2_P09_N1_S7_2.JPG,0,C2_P09,452,612,556,768,104,156,False
C4_P07_N2_S3_2.JPG,0,C4_P07,2156,880,2336,1172,180,292,True
C1_P06_N2_S3_1.JPG,0,C1_P06,1692,1844,1916,2176,224,332,True
C2_P09_N1_S7_1.JPG,0,C2_P09,2244,1644,2340,1776,96,132,False
C1_P02_N2_S2_1.JPG,0,C1_P02,2820,1600,3100,2184,280,584,True
C2_P01_N2_S2_1.JPG,0,C2_P01,1664,980,1836,1224,172,244,True
C3_P02_N1_S5_1.JPG,0,C3_P02,632,104,796,336,164,232,True
C4_P05_N2_S4_1.JPG,0,C4_P05,780,1620,964,1952,184,332,True
C4_P06_N4_S3_1.JPG,0,C4_P06,1024,744,1216,1084,192,340,True
C3_P06_N1_S3_1.JPG,0,C3_P06,1720,1772,1952,2148,232,376,True
C4_P07_N1_S4_2.JPG,0,C4_P07,820,152,996,400,176,248,True
C1_P04_N1_S5_1.JPG,0,C1_P04,2140,636,2296,892,156,256,True
C1_P02_N2_S3_1.JPG,0,C1_P02,1228,1876,1548,2396,320,520,True
C2_P09_N1_S7_1.JPG,0,C2_P09,2140,1656,2236,1788,96,132,False
C1_P02_N1_S5_1.JPG,0,C1_P02,88,2072,300,2412,212,340,True
C1_P05_N2_S4_2.JPG,0,C1_P05,1616,2008,1832,2352,216,344,True
C3_P06_N3_S4_2.JPG,0,C3_P06,428,868,648,1228,220,360,True
C1_P08_N2_S4_1.JPG,0,C1_P08,1480,808,1728,1160,248,352,True
C2_P07_N3_S2_1.JPG,0,C2_P07,1036,240,1276,612,240,372,False
C1_P05_N2_S4_2.JPG,0,C1_P05,1608,252,1844,564,236,312,True
C4_P06_N4_S3_1.JPG,0,C4_P06,2216,776,2412,1080,196,304,True
C3_P03_N1_S4_1.JPG,0,C3_P03,1528,2128,1748,2416,220,288,True
C2_P07_N3_S2_1.JPG,0,C2_P07,1776,920,2048,1292,272,372,False
C2_P07_N3_S3_1.JPG,0,C2_P07,4,232,180,508,176,276,False
C1_P08_N4_S3_1.JPG,0,C1_P08,1044,332,1292,728,248,396,True
C2_P08_N2_S3_1.JPG,0,C2_P08,1204,208,1416,564,212,356,False
C1_P04_N1_S5_1.JPG,0,C1_P04,396,124,532,376,136,252,True
C1_P04_N3_S3_1.JPG,0,C1_P04,1468,1824,1692,2176,224,352,True
C1_P09_N3_S4_2.JPG,0,C1_P09,668,96,840,336,172,240,False
C4_P02_N2_S3_1.JPG,0,C4_P02,2284,256,2456,544,172,288,True
C1_P10_N3_S3_1.JPG,0,C1_P10,2212,1780,2460,2164,248,384,True
C1_P02_N2_S4_1.JPG,0,C1_P02,1160,1380,1424,1760,264,380,True
C3_P02_N4_S2_1.JPG,0,C3_P02,3564,1432,3828,1808,264,376,True
C1_P04_N2_S4_1.JPG,0,C1_P04,1436,844,1644,1176,208,332,True
C1_P09_N1_S2_1.JPG,0,C1_P09,1360,572,1516,824,156,252,False
C1_P11_N2_S4_3.JPG,0,C1_P11,1028,1308,1208,1624,180,316,True
C2_P06_N1_S3_2.JPG,0,C2_P06,2132,156,2320,408,188,252,False
C1_P03_N1_S4_2.JPG,0,C1_P03,1744,176,1868,352,124,176,False
C1_P03_N1_S4_2.JPG,0,C1_P03,676,1148,816,1336,140,188,False
C1_P11_N1_S5_1.JPG,0,C1_P11,1908,1624,2064,1864,156,240,True
C1_P06_N2_S3_3.JPG,0,C1_P06,416,1796,668,2124,252,328,True
C4_P07_N2_S3_1.JPG,0,C4_P07,1092,800,1284,1096,192,296,True
C2_P01_N2_S3_2.JPG,0,C2_P01,1424,764,1580,968,156,204,True
C2_P08_N1_S6_1.JPG,0,C2_P08,240,60,360,240,120,180,False
C3_P06_N4_S3_1.JPG,0,C3_P06,644,480,920,952,276,472,True
C2_P07_N1_S6_2.JPG,0,C2_P07,784,52,888,220,104,168,False
C4_P07_N1_S3_1.JPG,0,C4_P07,1972,388,2164,676,192,288,True
C3_P03_N1_S3_1.JPG,0,C3_P03,696,1936,976,2352,280,416,True
C4_P05_N5_S2_1.JPG,0,C4_P05,1928,280,2140,616,212,336,True
C1_P04_N1_S4_1.JPG,0,C1_P04,3016,68,3212,392,196,324,True
C1_P04_N3_S2_1.JPG,0,C1_P04,2492,512,2752,896,260,384,True
C1_P10_N1_S2_1.JPG,0,C1_P10,316,1308,548,1680,232,372,True
C4_P02_N1_S3_2.JPG,0,C4_P02,596,876,772,1112,176,236,True
C4_P05_N2_S4_1.JPG,0,C4_P05,1684,1156,1856,1500,172,344,True
C4_P07_N1_S4_1.JPG,0,C4_P07,1600,608,1796,912,196,304,True
C1_P02_N2_S4_1.JPG,0,C1_P02,1172,772,1408,1124,236,352,True
C2_P04_N3_S4_1.JPG,0,C2_P04,608,1448,764,1656,156,208,False
C1_P02_N4_S2_1.JPG,0,C1_P02,2188,584,2548,1156,360,572,True
C3_P03_N1_S4_1.JPG,0,C3_P03,460,2152,680,2431,220,279,True
C4_P01_N2_S4_1.JPG,0,C4_P01,1940,648,2124,908,184,260,True
C2_P07_N1_S6_2.JPG,0,C2_P07,604,1308,708,1476,104,168,False
C3_P02_N1_S2_1.JPG,0,C3_P02,2636,496,2892,872,256,376,True
C3_P06_N3_S3_1.JPG,0,C3_P06,2044,1020,2236,1464,192,444,True
C1_P03_N1_S3_1.JPG,0,C1_P03,1800,1012,1980,1256,180,244,False
C3_P07_N2_S2_1.JPG,0,C3_P07,3528,1376,3992,1948,464,572,True
C4_P05_N1_S5_1.JPG,0,C4_P05,2136,1376,2324,1640,188,264,True
C1_P02_N2_S2_1.JPG,0,C1_P02,1132,652,1476,1236,344,584,True
C3_P06_N2_S3_1.JPG,0,C3_P06,896,1124,1116,1512,220,388,True
C1_P03_N1_S4_1.JPG,0,C1_P03,412,2040,580,2292,168,252,False
C1_P08_N1_S4_1.JPG,0,C1_P08,1540,1436,1752,1760,212,324,True
C3_P06_N3_S3_1.JPG,0,C3_P06,2768,280,3072,776,304,496,True
C3_P06_N1_S4_1.JPG,0,C3_P06,3024,1900,3204,2288,180,388,True
C2_P02_N1_S2_1.JPG,0,C2_P02,1580,464,1784,832,204,368,True
C1_P05_N4_S3_1.JPG,0,C1_P05,260,216,472,616,212,400,True
C2_P09_N1_S7_1.JPG,0,C2_P09,1452,1176,1552,1332,100,156,False
C1_P05_N4_S3_1.JPG,0,C1_P05,2244,1484,2460,1848,216,364,True
C3_P07_N2_S4_1.JPG,0,C3_P07,1284,824,1520,1160,236,336,True
C4_P07_N1_S4_2.JPG,0,C4_P07,652,164,828,412,176,248,True
C1_P05_N2_S4_2.JPG,0,C1_P05,2616,260,2852,572,236,312,True
C3_P03_N2_S3_1.JPG,0,C3_P03,476,1168,728,1544,252,376,True
C2_P01_N2_S2_1.JPG,0,C2_P01,552,344,732,580,180,236,True
C3_P05_N1_S5_1.JPG,0,C3_P05,1984,768,2144,1012,160,244,True
C1_P04_N3_S3_1.JPG,0,C1_P04,1904,1820,2128,2172,224,352,True
C2_P01_N2_S3_2.JPG,0,C2_P01,1056,1236,1196,1456,140,220,True
C1_P05_N3_S4_1.JPG,0,C1_P05,2936,1908,3144,2256,208,348,True
C2_P02_N2_S3_1.JPG,0,C2_P02,316,764,532,1096,216,332,True
C1_P06_N2_S3_3.JPG,0,C1_P06,972,1108,1192,1428,220,320,True
C2_P09_N1_S7_1.JPG,0,C2_P09,1000,408,1096,548,96,140,False
C1_P05_N2_S4_1.JPG,0,C1_P05,2556,12,2764,372,208,360,True
C2_P08_N1_S6_1.JPG,0,C2_P08,580,1212,692,1364,112,152,False
C1_P08_N2_S5_1.JPG,0,C1_P08,1252,1560,1412,1816,160,256,True
C2_P09_N1_S7_1.JPG,0,C2_P09,564,1652,660,1796,96,144,False
C2_P07_N2_S4_1.JPG,0,C2_P07,296,928,452,1152,156,224,False
C1_P11_N2_S4_1.JPG,0,C1_P11,2616,1496,2808,1800,192,304,True
C1_P01_N1_S5_1.JPG,0,C1_P01,468,544,672,840,204,296,True
C3_P04_N1_S5_1.JPG,0,C3_P04,1452,1500,1616,1740,164,240,True
C1_P05_N1_S4_2.JPG,0,C1_P05,1052,692,1284,1044,232,352,True
C2_P09_N1_S7_1.JPG,0,C2_P09,1300,412,1396,552,96,140,False
C1_P03_N2_S3_1.JPG,0,C1_P03,604,1832,812,2116,208,284,False
C1_P12_N2_S5_1.JPG,0,C1_P12,192,276,384,536,192,260,True
C3_P07_N2_S2_1.JPG,0,C3_P07,3628,416,3988,920,360,504,True
C1_P07_N1_S3_3.JPG,0,C1_P07,2448,1584,2652,1880,204,296,False
C1_P06_N3_S3_1.JPG,0,C1_P06,196,84,416,392,220,308,True
C1_P05_N2_S4_1.JPG,0,C1_P05,1488,52,1708,388,220,336,True
C4_P05_N2_S4_1.JPG,0,C4_P05,2084,1680,2280,1988,196,308,True
C4_P07_N3_S3_2.JPG,0,C4_P07,1652,812,1836,1096,184,284,True
C4_P02_N2_S3_1.JPG,0,C4_P02,840,312,1008,540,168,228,True
C1_P05_N1_S5_1.JPG,0,C1_P05,848,176,1028,432,180,256,True
C4_P05_N2_S3_1.JPG,0,C4_P05,2288,940,2484,1252,196,312,True
C1_P04_N2_S4_1.JPG,0,C1_P04,1060,1452,1248,1776,188,324,True
C1_P08_N4_S4_1.JPG,0,C1_P08,1008,340,1268,712,260,372,True
C1_P11_N2_S3_1.JPG,0,C1_P11,864,852,1052,1224,188,372,True
C1_P10_N1_S5_1.JPG,0,C1_P10,712,652,852,868,140,216,True
C3_P05_N2_S3_1.JPG,0,C3_P05,2556,1768,2772,2100,216,332,True
C2_P08_N1_S3_1.JPG,0,C2_P08,1040,828,1284,1192,244,364,False
C3_P01_N1_S5_1.JPG,0,C3_P01,712,312,892,568,180,256,True
C1_P03_N1_S3_2.JPG,0,C1_P03,2212,900,2376,1128,164,228,False
C1_P11_N1_S3_2.JPG,0,C1_P11,1140,1048,1368,1384,228,336,True
C2_P08_N1_S3_2.JPG,0,C2_P08,1420,852,1616,1144,196,292,False
C4_P03_N2_S4_1.JPG,0,C4_P03,2508,1168,2692,1484,184,316,True
C3_P07_N4_S2_1.JPG,0,C3_P07,3040,1508,3352,1996,312,488,True
C2_P09_N1_S7_2.JPG,0,C2_P09,136,312,240,500,104,188,False
C2_P02_N2_S2_1.JPG,0,C2_P02,2184,884,2404,1240,220,356,True
C1_P04_N1_S3_2.JPG,0,C1_P04,824,976,1044,1312,220,336,True
C3_P06_N3_S4_2.JPG,0,C3_P06,1992,264,2240,664,248,400,True
C3_P03_N1_S2_2.JPG,0,C3_P03,3488,1420,3836,1868,348,448,True
C4_P07_N2_S4_1.JPG,0,C4_P07,1988,708,2148,972,160,264,True
C1_P01_N2_S4_1.JPG,0,C1_P01,456,1372,716,1776,260,404,True
C4_P07_N2_S3_1.JPG,0,C4_P07,1820,1336,2008,1644,188,308,True
C1_P02_N1_S2_1.JPG,0,C1_P02,816,1400,1180,2048,364,648,True
C1_P10_N2_S4_1.JPG,0,C1_P10,12,380,208,624,196,244,True
C2_P04_N3_S4_1.JPG,0,C2_P04,332,32,516,332,184,300,False
C4_P03_N3_S3_1.JPG,0,C4_P03,1580,1552,1780,1836,200,284,True
C1_P02_N2_S4_1.JPG,0,C1_P02,1156,1988,1376,2412,220,424,True
C1_P05_N3_S3_1.JPG,0,C1_P05,764,944,1000,1296,236,352,True
C1_P01_N1_S5_1.JPG,0,C1_P01,1036,2096,1256,2408,220,312,True
C1_P04_N3_S3_1.JPG,0,C1_P04,860,1772,1084,2124,224,352,True
C4_P04_N1_S5_1.JPG,0,C4_P04,2168,936,2348,1204,180,268,True
C1_P04_N1_S3_2.JPG,0,C1_P04,608,972,828,1308,220,336,True
C4_P05_N1_S5_1.JPG,0,C4_P05,1204,20,1372,248,168,228,True
C3_P05_N1_S5_1.JPG,0,C3_P05,1336,2092,1492,2320,156,228,True
C4_P01_N2_S4_1.JPG,0,C4_P01,1436,1216,1624,1468,188,252,True
C2_P05_N3_S3_1.JPG,0,C2_P05,1784,1232,1988,1536,204,304,True
C2_P06_N1_S5_1.JPG,0,C2_P06,400,1176,520,1344,120,168,False
C1_P02_N4_S2_1.JPG,0,C1_P02,1876,1476,2184,2064,308,588,True
C4_P04_N1_S5_1.JPG,0,C4_P04,924,152,1092,408,168,256,True
C4_P05_N2_S3_1.JPG,0,C4_P05,1048,1484,1256,1792,208,308,True
C2_P05_N2_S4_1.JPG,0,C2_P05,1636,1084,1800,1288,164,204,True
C3_P07_N2_S4_1.JPG,0,C3_P07,2668,1992,2848,2268,180,276,True
C4_P03_N3_S3_1.JPG,0,C4_P03,1168,1512,1368,1844,200,332,True
C3_P02_N1_S2_1.JPG,0,C3_P02,688,444,944,820,256,376,True
C1_P06_N1_S5_1.JPG,0,C1_P06,324,1148,480,1364,156,216,True
C1_P06_N2_S3_3.JPG,0,C1_P06,2836,1072,3056,1392,220,320,True
C2_P08_N2_S3_2.JPG,0,C2_P08,1216,268,1412,572,196,304,False
C1_P05_N1_S3_1.JPG,0,C1_P05,2300,652,2500,1012,200,360,True
C1_P11_N2_S4_2.JPG,0,C1_P11,1696,1284,1924,1616,228,332,True
C2_P08_N2_S3_1.JPG,0,C2_P08,548,1420,760,1776,212,356,False
C3_P01_N1_S4_1.JPG,0,C3_P01,1360,164,1588,476,228,312,True
C1_P05_N2_S4_2.JPG,0,C1_P05,92,236,328,548,236,312,True
C1_P10_N1_S5_1.JPG,0,C1_P10,568,648,708,864,140,216,True
C4_P05_N1_S5_1.JPG,0,C4_P05,540,924,704,1204,164,280,True
C2_P06_N1_S4_1.JPG,0,C2_P06,1800,1336,1948,1576,148,240,False
C3_P01_N1_S4_1.JPG,0,C3_P01,760,1392,972,1692,212,300,True
C4_P04_N2_S4_1.JPG,0,C4_P04,1000,520,1208,868,208,348,True
C4_P05_N3_S2_1.JPG,0,C4_P05,532,200,740,544,208,344,True
C1_P11_N1_S4_1.JPG,0,C1_P11,52,2108,288,2444,236,336,True
C3_P06_N4_S3_1.JPG,0,C3_P06,3644,372,3892,892,248,520,True
C1_P02_N3_S2_1.JPG,0,C1_P02,820,1588,1184,2140,364,552,True
C2_P05_N2_S4_1.JPG,0,C2_P05,228,1476,392,1680,164,204,True
C4_P04_N1_S3_1.JPG,0,C4_P04,992,424,1188,776,196,352,True
C2_P09_N1_S7_1.JPG,0,C2_P09,100,1664,196,1792,96,128,False
C1_P12_N1_S3_1.JPG,0,C1_P12,1256,1788,1544,2232,288,444,True
C2_P06_N1_S4_1.JPG,0,C2_P06,1656,1332,1804,1572,148,240,False
C3_P03_N2_S4_1.JPG,0,C3_P03,1204,864,1380,1144,176,280,True
C4_P08_N3_S3_1.JPG,0,C4_P08,2180,272,2432,660,252,388,False
C3_P02_N4_S2_1.JPG,0,C3_P02,748,1312,1060,1792,312,480,True
C1_P05_N1_S3_2.JPG,0,C1_P05,1432,348,1648,716,216,368,True
C1_P09_N2_S6_1.JPG,0,C1_P09,1200,1560,1368,1800,168,240,False
C1_P10_N2_S2_1.JPG,0,C1_P10,2336,1208,2624,1640,288,432,True
C1_P04_N1_S5_2.JPG,0,C1_P04,1992,376,2132,588,140,212,True
C1_P07_N2_S3_2.JPG,0,C1_P07,2644,1712,2852,2040,208,328,False
C3_P03_N2_S4_1.JPG,0,C3_P03,2448,272,2624,532,176,260,True
C2_P07_N3_S3_1.JPG,0,C2_P07,900,736,1076,1012,176,276,False
C2_P09_N1_S7_1.JPG,0,C2_P09,1180,948,1280,1088,100,140,False
C3_P05_N1_S4_1.JPG,0,C3_P05,856,384,1112,696,256,312,True
C3_P01_N1_S3_1.JPG,0,C3_P01,244,1092,480,1480,236,388,True
C3_P03_N3_S3_1.JPG,0,C3_P03,2288,1768,2516,2180,228,412,True
C2_P05_N1_S4_1.JPG,0,C2_P05,1524,700,1680,908,156,208,True
C3_P03_N1_S4_1.JPG,0,C3_P03,2524,2080,2744,2400,220,320,True
C1_P04_N1_S5_2.JPG,0,C1_P04,1720,388,1860,600,140,212,True
C1_P11_N2_S4_3.JPG,0,C1_P11,2272,1272,2452,1588,180,316,True
C3_P07_N1_S2_1.JPG,0,C3_P07,64,400,420,900,356,500,True
C2_P08_N4_S3_1.JPG,0,C2_P08,232,240,452,584,220,344,False
C1_P05_N2_S4_1.JPG,0,C1_P05,808,48,1080,384,272,336,True
C2_P04_N2_S2_1.JPG,0,C2_P04,16,184,200,444,184,260,False
C1_P08_N2_S4_2.JPG,0,C1_P08,1156,388,1372,732,216,344,True
C4_P05_N2_S3_1.JPG,0,C4_P05,316,912,508,1252,192,340,True
C2_P08_N2_S4_1.JPG,0,C2_P08,1128,124,1288,364,160,240,False
C3_P02_N2_S4_1.JPG,0,C3_P02,724,812,936,1176,212,364,True
C2_P06_N2_S4_1.JPG,0,C2_P06,1456,1104,1600,1316,144,212,False
C1_P05_N3_S4_1.JPG,0,C1_P05,76,84,320,468,244,384,True
C4_P02_N1_S3_1.JPG,0,C4_P02,492,248,648,472,156,224,True
C2_P02_N1_S5_1.JPG,0,C2_P02,964,1496,1084,1664,120,168,True
C3_P06_N1_S4_1.JPG,0,C3_P06,1396,232,1596,544,200,312,True
C2_P09_N1_S7_2.JPG,0,C2_P09,1900,1556,1980,1688,80,132,False
C4_P08_N1_S5_1.JPG,0,C4_P08,1184,296,1316,504,132,208,False
C2_P09_N1_S7_1.JPG,0,C2_P09,228,92,320,260,92,168,False
C1_P05_N2_S4_1.JPG,0,C1_P05,1472,1880,1696,2260,224,380,True
C3_P02_N3_S2_1.JPG,0,C3_P02,1912,1468,2216,1860,304,392,True
C3_P06_N3_S4_1.JPG,0,C3_P06,704,48,940,456,236,408,True
C1_P11_N1_S4_2.JPG,0,C1_P11,1692,900,1912,1184,220,284,True
C3_P01_N1_S3_1.JPG,0,C3_P01,1516,1880,1776,2248,260,368,True
C1_P04_N3_S3_1.JPG,0,C1_P04,2124,496,2344,840,220,344,True
C1_P02_N1_S4_1.JPG,0,C1_P02,1804,744,1980,1100,176,356,True
C2_P01_N1_S5_2.JPG,0,C2_P01,568,240,664,384,96,144,True
C1_P08_N3_S4_1.JPG,0,C1_P08,2720,784,2944,1160,224,376,True
C2_P03_N2_S2_1.JPG,0,C2_P03,1416,1124,1772,1652,356,528,True
C3_P04_N3_S2_1.JPG,0,C3_P04,2964,600,3372,1204,408,604,True
C1_P04_N1_S5_1.JPG,0,C1_P04,72,148,208,380,136,232,True
C3_P05_N2_S4_1.JPG,0,C3_P05,2244,1348,2444,1652,200,304,True
C2_P05_N2_S5_1.JPG,0,C2_P05,1044,1036,1152,1192,108,156,True
C2_P09_N1_S7_1.JPG,0,C2_P09,1620,692,1712,836,92,144,False
C1_P04_N1_S5_1.JPG,0,C1_P04,1496,644,1652,900,156,256,True
C4_P03_N2_S3_2.JPG,0,C4_P03,924,1444,1116,1776,192,332,True
C1_P08_N2_S5_1.JPG,0,C1_P08,2568,1988,2728,2268,160,280,True
C1_P02_N1_S3_1.JPG,0,C1_P02,260,1836,580,2348,320,512,True
C1_P04_N3_S3_1.JPG,0,C1_P04,1264,488,1472,828,208,340,True
C1_P10_N1_S3_1.JPG,0,C1_P10,1700,160,1932,572,232,412,True
C2_P06_N2_S4_2.JPG,0,C2_P06,208,968,348,1176,140,208,False
C1_P03_N2_S2_1.JPG,0,C1_P03,1848,1112,2068,1520,220,408,False
C4_P05_N1_S4_1.JPG,0,C4_P05,2304,104,2532,380,228,276,True
C1_P03_N1_S4_1.JPG,0,C1_P03,2040,2136,2216,2372,176,236,False
C1_P03_N2_S3_2.JPG,0,C1_P03,8,260,180,572,172,312,False
C1_P09_N1_S5_1.JPG,0,C1_P09,2112,1264,2296,1548,184,284,False
C3_P01_N1_S2_2.JPG,0,C3_P01,1256,1600,1620,2168,364,568,True
C1_P10_N1_S4_1.JPG,0,C1_P10,172,1308,336,1556,164,248,True
C2_P05_N2_S3_2.JPG,0,C2_P05,388,792,568,1048,180,256,True
C1_P10_N3_S3_1.JPG,0,C1_P10,1952,1700,2200,2128,248,428,True
C2_P08_N1_S3_1.JPG,0,C2_P08,1984,208,2228,572,244,364,False
C1_P02_N2_S3_1.JPG,0,C1_P02,2352,208,2588,716,236,508,True
C3_P06_N4_S3_1.JPG,0,C3_P06,780,1928,1032,2260,252,332,True
C1_P05_N2_S3_1.JPG,0,C1_P05,1632,300,1896,632,264,332,True
C2_P04_N1_S4_1.JPG,0,C2_P04,492,176,668,436,176,260,False
C4_P01_N2_S4_1.JPG,0,C4_P01,1520,652,1704,912,184,260,True
C3_P01_N2_S3_2.JPG,0,C3_P01,1076,1976,1316,2352,240,376,True
C2_P04_N3_S4_1.JPG,0,C2_P04,2096,636,2280,912,184,276,False
C1_P02_N1_S5_1.JPG,0,C1_P02,860,1592,1044,1904,184,312,True
C1_P06_N2_S3_3.JPG,0,C1_P06,1408,1088,1628,1408,220,320,True
C2_P03_N4_S2_1.JPG,0,C2_P03,1344,1048,1636,1548,292,500,True
C1_P04_N3_S2_1.JPG,0,C1_P04,2256,1268,2500,1640,244,372,True
C1_P05_N4_S3_1.JPG,0,C1_P05,476,252,688,612,212,360,True
C2_P08_N3_S3_1.JPG,0,C2_P08,1424,252,1676,616,252,364,False
C1_P04_N3_S3_1.JPG,0,C1_P04,1924,436,2120,824,196,388,True
C2_P08_N2_S3_2.JPG,0,C2_P08,1592,268,1788,572,196,304,False
C4_P03_N3_S3_2.JPG,0,C4_P03,1588,996,1800,1288,212,292,True
C2_P02_N3_S2_1.JPG,0,C2_P02,48,280,292,628,244,348,True
C1_P02_N2_S4_1.JPG,0,C1_P02,1392,756,1576,1132,184,376,True
C3_P04_N1_S5_1.JPG,0,C3_P04,1280,1460,1444,1732,164,272,True
C1_P10_N1_S3_1.JPG,0,C1_P10,2424,144,2656,508,232,364,True
C3_P07_N1_S3_1.JPG,0,C3_P07,2836,352,3076,716,240,364,True
C2_P08_N4_S3_1.JPG,0,C2_P08,288,1336,496,1676,208,340,False
C1_P04_N2_S3_1.JPG,0,C1_P04,1732,1712,1948,2088,216,376,True
C4_P07_N1_S4_1.JPG,0,C4_P07,2288,604,2480,908,192,304,True
C1_P12_N4_S3_1.JPG,0,C1_P12,344,1104,640,1560,296,456,True
C1_P04_N3_S3_1.JPG,0,C1_P04,1272,1816,1496,2168,224,352,True
C4_P07_N3_S3_1.JPG,0,C4_P07,1428,856,1632,1160,204,304,True
C4_P02_N1_S3_2.JPG,0,C4_P02,268,872,436,1108,168,236,True
C2_P03_N2_S4_1.JPG,0,C2_P03,1260,624,1440,912,180,288,True
C2_P09_N1_S7_1.JPG,0,C2_P09,468,1656,564,1800,96,144,False
C3_P01_N4_S3_1.JPG,0,C3_P01,976,1728,1224,2148,248,420,True
C1_P03_N1_S4_2.JPG,0,C1_P03,608,1608,740,1816,132,208,False
C2_P05_N1_S4_1.JPG,0,C2_P05,1720,212,1870,464,150,252,True
C1_P03_N1_S4_1.JPG,0,C1_P03,1652,1492,1820,1728,168,236,False
C1_P02_N2_S2_1.JPG,0,C1_P02,2572,660,2832,1244,260,584,True
C3_P07_N1_S4_1.JPG,0,C3_P07,2604,776,2820,1100,216,324,True
C1_P04_N2_S4_1.JPG,0,C1_P04,1444,188,1644,524,200,336,True
C1_P08_N2_S4_1.JPG,0,C1_P08,2144,180,2352,540,208,360,True
C2_P02_N2_S4_1.JPG,0,C2_P02,624,1132,788,1384,164,252,True
C2_P05_N2_S5_1.JPG,0,C2_P05,536,1024,644,1188,108,164,True
C2_P02_N1_S5_1.JPG,0,C2_P02,292,1216,408,1384,116,168,True
C3_P06_N1_S5_1.JPG,0,C3_P06,2484,2032,2664,2344,180,312,True
C1_P03_N2_S2_1.JPG,0,C1_P03,716,416,924,760,208,344,False
C3_P01_N1_S4_1.JPG,0,C3_P01,1136,1956,1364,2240,228,284,True
C3_P06_N1_S3_1.JPG,0,C3_P06,324,600,536,928,212,328,True
C1_P02_N1_S4_1.JPG,0,C1_P02,1576,728,1820,1100,244,372,True
C4_P07_N1_S4_2.JPG,0,C4_P07,1644,1624,1816,1908,172,284,True
C3_P05_N2_S2_1.JPG,0,C3_P05,2760,1116,3012,1540,252,424,True
C1_P05_N4_S3_1.JPG,0,C1_P05,2692,236,2904,596,212,360,True
C1_P10_N1_S5_1.JPG,0,C1_P10,124,1112,280,1332,156,220,True
C1_P02_N1_S2_1.JPG,0,C1_P02,2700,1444,2984,2036,284,592,True
C2_P01_N2_S3_2.JPG,0,C2_P01,988,776,1144,980,156,204,True
C2_P06_N1_S5_1.JPG,0,C2_P06,768,448,896,612,128,164,False
C1_P04_N1_S4_1.JPG,0,C1_P04,432,76,612,404,180,328,True
C3_P01_N2_S2_2.JPG,0,C3_P01,704,544,1060,1128,356,584,True
C2_P01_N1_S2_1.JPG,0,C2_P01,784,804,952,1028,168,224,True
C2_P02_N1_S3_1.JPG,0,C2_P02,780,900,992,1212,212,312,True
C3_P07_N5_S2_1.JPG,0,C3_P07,3320,1448,3704,1912,384,464,True
C3_P07_N1_S5_1.JPG,0,C3_P07,968,1672,1136,1924,168,252,True
C4_P07_N1_S4_2.JPG,0,C4_P07,1948,652,2112,916,164,264,True
C2_P03_N3_S2_1.JPG,0,C2_P03,812,260,1104,732,292,472,True
C4_P05_N1_S5_1.JPG,0,C4_P05,732,48,872,276,140,228,True
C4_P05_N2_S4_1.JPG,0,C4_P05,2268,1684,2464,1992,196,308,True
C1_P02_N1_S4_1.JPG,0,C1_P02,904,56,1140,448,236,392,True
C1_P01_N2_S4_1.JPG,0,C1_P01,880,100,1140,504,260,404,True
C1_P08_N2_S5_1.JPG,0,C1_P08,1092,1160,1260,1428,168,268,True
C2_P08_N1_S6_2.JPG,0,C2_P08,784,988,888,1152,104,164,False
C2_P02_N1_S2_1.JPG,0,C2_P02,1980,528,2196,844,216,316,True
C4_P05_N2_S2_1.JPG,0,C4_P05,2348,304,2568,640,220,336,True
C3_P06_N2_S3_1.JPG,0,C3_P06,2844,1112,3092,1564,248,452,True
C3_P01_N4_S3_1.JPG,0,C3_P01,680,1004,968,1488,288,484,True
C1_P07_N1_S3_1.JPG,0,C1_P07,480,348,672,648,192,300,False
C1_P04_N3_S3_1.JPG,0,C1_P04,2964,484,3184,828,220,344,True
C2_P08_N3_S3_2.JPG,0,C2_P08,1320,1172,1500,1480,180,308,False
C2_P09_N1_S7_2.JPG,0,C2_P09,1176,1556,1268,1688,92,132,False
C4_P04_N1_S3_1.JPG,0,C4_P04,572,884,792,1252,220,368,True
C3_P07_N4_S2_1.JPG,0,C3_P07,3628,1524,3988,2012,360,488,True
C3_P01_N2_S3_2.JPG,0,C3_P01,544,1932,784,2360,240,428,True
C1_P04_N1_S5_2.JPG,0,C1_P04,1980,816,2120,1032,140,216,True
C2_P02_N2_S2_1.JPG,0,C2_P02,688,288,904,644,216,356,True
C2_P09_N1_S7_2.JPG,0,C2_P09,2216,1116,2308,1264,92,148,False
C4_P06_N1_S3_1.JPG,0,C4_P06,1472,1520,1672,1840,200,320,True
C1_P12_N1_S4_1.JPG,0,C1_P12,308,772,524,1084,216,312,True
C2_P07_N1_S6_1.JPG,0,C2_P07,140,952,240,1100,100,148,False
C1_P07_N1_S3_2.JPG,0,C1_P07,640,1992,844,2272,204,280,False
C2_P02_N1_S3_1.JPG,0,C2_P02,352,296,564,624,212,328,True
C1_P09_N3_S4_1.JPG,0,C1_P09,1592,96,1796,408,204,312,False
C4_P08_N2_S2_1.JPG,0,C4_P08,1484,284,1732,632,248,348,False
C3_P06_N1_S3_2.JPG,0,C3_P06,1752,1020,1940,1440,188,420,True
C1_P03_N1_S4_1.JPG,0,C1_P03,2228,2136,2392,2372,164,236,False
C1_P10_N3_S3_1.JPG,0,C1_P10,2472,992,2720,1368,248,376,True
C3_P01_N2_S3_2.JPG,0,C3_P01,256,1200,540,1628,284,428,True
C2_P03_N2_S4_1.JPG,0,C2_P03,972,1452,1140,1768,168,316,True
C4_P08_N1_S2_1.JPG,0,C4_P08,2576,1288,2800,1632,224,344,False
C2_P08_N4_S3_1.JPG,0,C2_P08,1784,216,1992,560,208,344,False
C1_P12_N1_S5_1.JPG,0,C1_P12,396,748,568,1000,172,252,True
C1_P12_N3_S3_1.JPG,0,C1_P12,840,320,1104,708,264,388,True
C1_P04_N1_S5_2.JPG,0,C1_P04,1984,1652,2120,1884,136,232,True
C2_P08_N1_S3_2.JPG,0,C2_P08,644,280,852,600,208,320,False
C1_P10_N3_S2_2.JPG,0,C1_P10,108,412,372,804,264,392,True
C3_P05_N1_S5_1.JPG,0,C3_P05,2152,768,2312,1012,160,244,True
C4_P04_N5_S2_1.JPG,0,C4_P04,2368,196,2596,544,228,348,True
C2_P01_N1_S3_1.JPG,0,C2_P01,1340,1232,1492,1416,152,184,True
C1_P08_N2_S4_2.JPG,0,C1_P08,316,1472,520,1848,204,376,True
C1_P06_N2_S3_2.JPG,0,C1_P06,416,1532,664,1860,248,328,True
C3_P07_N2_S2_1.JPG,0,C3_P07,2868,1484,3208,1948,340,464,True
C1_P07_N2_S3_3.JPG,0,C1_P07,2664,1608,2880,1948,216,340,False
C4_P08_N1_S5_2.JPG,0,C4_P08,1592,252,1732,508,140,256,False
C2_P08_N1_S4_1.JPG,0,C2_P08,360,936,516,1172,156,236,False
C4_P03_N1_S4_1.JPG,0,C4_P03,1016,1680,1184,1964,168,284,True
C2_P05_N2_S2_1.JPG,0,C2_P05,2328,76,2548,376,220,300,True
C2_P06_N1_S5_1.JPG,0,C2_P06,1252,1484,1376,1664,124,180,False
C1_P06_N3_S3_2.JPG,0,C1_P06,2804,1812,3036,2160,232,348,True
C1_P04_N1_S5_1.JPG,0,C1_P04,380,652,540,892,160,240,True
C3_P06_N2_S3_1.JPG,0,C3_P06,1932,1736,2140,2104,208,368,True
C3_P02_N2_S4_1.JPG,0,C3_P02,1628,820,1840,1184,212,364,True
C3_P07_N1_S4_1.JPG,0,C3_P07,336,1992,532,2256,196,264,True
C1_P06_N3_S3_2.JPG,0,C1_P06,412,504,644,836,232,332,True
C3_P05_N1_S5_1.JPG,0,C3_P05,844,1148,1012,1456,168,308,True
C1_P05_N3_S3_1.JPG,0,C1_P05,2300,940,2536,1292,236,352,True
C2_P09_N1_S7_1.JPG,0,C2_P09,2216,1188,2320,1352,104,164,False
C4_P08_N1_S4_1.JPG,0,C4_P08,2400,680,2600,988,200,308,False
C3_P05_N1_S5_1.JPG,0,C3_P05,2764,1184,2900,1476,136,292,True
C1_P08_N3_S3_1.JPG,0,C1_P08,340,920,596,1296,256,376,True
C4_P08_N2_S3_1.JPG,0,C4_P08,108,4,332,364,224,360,False
C4_P05_N2_S2_1.JPG,0,C4_P05,124,780,344,1132,220,352,True
C4_P04_N5_S2_1.JPG,0,C4_P04,1672,708,1908,1040,236,332,True
C1_P02_N2_S2_1.JPG,0,C1_P02,1088,1632,1428,2216,340,584,True
C3_P06_N1_S5_1.JPG,0,C3_P06,1972,1552,2116,1868,144,316,True
C1_P06_N1_S5_1.JPG,0,C1_P06,860,1152,1016,1368,156,216,True
C3_P04_N1_S3_1.JPG,0,C3_P04,2688,1180,2984,1600,296,420,True
C2_P07_N1_S3_1.JPG,0,C2_P07,1428,1156,1612,1456,184,300,False
C4_P02_N4_S3_1.JPG,0,C4_P02,1728,1568,1884,1784,156,216,True
C1_P02_N2_S4_1.JPG,0,C1_P02,468,764,704,1116,236,352,True
C1_P11_N2_S4_2.JPG,0,C1_P11,1116,1304,1344,1636,228,332,True
C1_P04_N1_S5_2.JPG,0,C1_P04,388,832,528,1044,140,212,True
C3_P01_N2_S3_2.JPG,0,C3_P01,764,1204,1048,1632,284,428,True
C1_P01_N1_S5_1.JPG,0,C1_P01,656,8,876,312,220,304,True
C3_P04_N4_S2_2.JPG,0,C3_P04,2384,380,2664,872,280,492,True
C4_P07_N2_S3_2.JPG,0,C4_P07,176,852,356,1172,180,320,True
C1_P03_N1_S4_1.JPG,0,C1_P03,1308,1476,1476,1712,168,236,False
C4_P02_N1_S3_2.JPG,0,C4_P02,2028,892,2216,1136,188,244,True
C2_P02_N1_S4_1.JPG,0,C2_P02,1784,680,1928,936,144,256,True
C2_P01_N1_S3_1.JPG,0,C2_P01,840,276,976,448,136,172,True
C1_P02_N1_S2_1.JPG,0,C1_P02,1596,444,1948,1052,352,608,True
C1_P02_N3_S2_1.JPG,0,C1_P02,2912,620,3200,1172,288,552,True
C1_P11_N2_S4_3.JPG,0,C1_P11,712,1864,892,2176,180,312,True
C2_P05_N1_S5_1.JPG,0,C2_P05,432,116,564,328,132,212,True
C3_P01_N2_S4_1.JPG,0,C3_P01,1308,1460,1496,1728,188,268,True
C1_P05_N1_S5_1.JPG,0,C1_P05,500,1128,684,1440,184,312,True
C2_P05_N2_S5_1.JPG,0,C2_P05,264,56,376,220,112,164,True
C3_P05_N2_S4_1.JPG,0,C3_P05,1832,760,2040,1088,208,328,True
C1_P03_N1_S4_2.JPG,0,C1_P03,2004,1168,2144,1356,140,188,False
C4_P05_N3_S2_1.JPG,0,C4_P05,1300,772,1512,1100,212,328,True
C4_P02_N4_S3_1.JPG,0,C4_P02,548,328,724,568,176,240,True
C1_P12_N3_S4_1.JPG,0,C1_P12,500,2040,716,2372,216,332,True
C2_P04_N3_S2_1.JPG,0,C2_P04,1332,708,1500,968,168,260,False
C3_P02_N4_S2_1.JPG,0,C3_P02,2552,568,2864,996,312,428,True
C2_P04_N1_S2_1.JPG,0,C2_P04,1100,844,1276,1120,176,276,False
C3_P03_N3_S3_1.JPG,0,C3_P03,628,1056,884,1412,256,356,True
C1_P07_N2_S3_2.JPG,0,C1_P07,1976,1116,2196,1412,220,296,False
C1_P03_N2_S2_1.JPG,0,C1_P03,940,380,1152,776,212,396,False
C1_P03_N2_S3_2.JPG,0,C1_P03,816,1692,992,1988,176,296,False
C2_P08_N1_S4_1.JPG,0,C2_P08,1120,144,1272,384,152,240,False
C2_P05_N2_S3_1.JPG,0,C2_P05,96,4,316,304,220,300,True
C1_P09_N1_S2_1.JPG,0,C1_P09,440,556,596,824,156,268,False
C2_P04_N3_S3_1.JPG,0,C2_P04,2080,1160,2276,1444,196,284,False
C1_P05_N3_S4_1.JPG,0,C1_P05,2284,1940,2492,2288,208,348,True
C2_P01_N3_S3_1.JPG,0,C2_P01,1160,92,1320,312,160,220,True
C1_P12_N3_S4_1.JPG,0,C1_P12,1368,2040,1584,2396,216,356,True
C4_P08_N2_S3_2.JPG,0,C4_P08,2076,904,2288,1212,212,308,False
C3_P07_N3_S2_1.JPG,0,C3_P07,1492,1508,1804,1944,312,436,True
C1_P11_N1_S5_1.JPG,0,C1_P11,1356,344,1548,588,192,244,True
C2_P01_N1_S3_1.JPG,0,C2_P01,1060,1228,1212,1412,152,184,True
C3_P07_N1_S4_1.JPG,0,C3_P07,2112,1340,2412,1696,300,356,True
C3_P07_N5_S2_1.JPG,0,C3_P07,960,1292,1268,1832,308,540,True
C1_P04_N3_S2_1.JPG,0,C1_P04,1016,508,1276,904,260,396,True
C2_P01_N2_S3_2.JPG,0,C2_P01,544,1256,684,1476,140,220,True
C1_P12_N2_S5_1.JPG,0,C1_P12,552,760,712,1016,160,256,True
C3_P07_N1_S5_1.JPG,0,C3_P07,1064,624,1240,896,176,272,True
C1_P08_N3_S4_2.JPG,0,C1_P08,1132,1476,1340,1804,208,328,True
C1_P10_N3_S3_1.JPG,0,C1_P10,1004,1712,1252,2096,248,384,True
C3_P07_N1_S4_1.JPG,0,C3_P07,928,2008,1124,2272,196,264,True
C1_P03_N1_S4_2.JPG,0,C1_P03,548,1148,688,1336,140,188,False
C1_P01_N1_S2_1.JPG,0,C1_P01,40,1560,292,1936,252,376,True
C4_P04_N3_S3_1.JPG,0,C4_P04,1480,128,1708,460,228,332,True
C2_P02_N4_S2_1.JPG,0,C2_P02,308,880,536,1212,228,332,True
C3_P02_N2_S4_1.JPG,0,C3_P02,2104,884,2316,1164,212,280,True
C2_P07_N2_S3_1.JPG,0,C2_P07,1456,1188,1648,1468,192,280,False
C2_P01_N1_S3_1.JPG,0,C2_P01,1424,756,1560,928,136,172,True
C1_P01_N4_S2_1.JPG,0,C1_P01,1008,152,1420,904,412,752,True
C4_P07_N1_S5_1.JPG,0,C4_P07,1216,1396,1364,1616,148,220,True
C3_P04_N1_S2_1.JPG,0,C3_P04,328,1472,708,2056,380,584,True
C1_P11_N2_S4_3.JPG,0,C1_P11,916,1864,1096,2176,180,312,True
C1_P12_N3_S4_1.JPG,0,C1_P12,724,912,952,1264,228,352,True
C4_P03_N1_S3_1.JPG,0,C4_P03,2156,832,2344,1096,188,264,True
C2_P02_N2_S3_1.JPG,0,C2_P02,2120,792,2308,1080,188,288,True
C1_P03_N1_S2_2.JPG,0,C1_P03,2516,272,2724,552,208,280,False
C1_P03_N1_S3_2.JPG,0,C1_P03,416,276,592,496,176,220,False
C4_P08_N1_S5_1.JPG,0,C4_P08,804,264,936,472,132,208,False
C1_P02_N1_S5_1.JPG,0,C1_P02,868,1124,1052,1392,184,268,True
C1_P06_N1_S4_1.JPG,0,C1_P06,1188,1988,1396,2328,208,340,True
C4_P04_N1_S4_1.JPG,0,C4_P04,660,704,868,1036,208,332,True
C1_P09_N2_S4_1.JPG,0,C1_P09,1556,1200,1752,1472,196,272,False
C1_P12_N2_S2_1.JPG,0,C1_P12,1312,452,1660,964,348,512,True
C2_P01_N1_S2_1.JPG,0,C2_P01,132,804,300,1028,168,224,True
C3_P03_N1_S5_1.JPG,0,C3_P03,1936,660,2088,876,152,216,True
C4_P02_N1_S3_1.JPG,0,C4_P02,1508,224,1676,452,168,228,True
C1_P11_N2_S3_1.JPG,0,C1_P11,620,852,844,1224,224,372,True
C4_P05_N1_S4_1.JPG,0,C4_P05,1708,1172,1884,1444,176,272,True
C4_P08_N3_S3_2.JPG,0,C4_P08,1236,416,1468,736,232,320,False
C3_P06_N3_S4_2.JPG,0,C3_P06,800,284,1036,656,236,372,True
C2_P01_N2_S3_1.JPG,0,C2_P01,716,960,892,1216,176,256,True
C1_P12_N1_S4_1.JPG,0,C1_P12,944,1376,1164,1724,220,348,True
C1_P05_N3_S3_1.JPG,0,C1_P05,284,284,544,688,260,404,True
C2_P04_N3_S4_1.JPG,0,C2_P04,288,988,464,1240,176,252,False
C1_P10_N1_S5_1.JPG,0,C1_P10,28,636,168,852,140,216,True
C1_P12_N3_S4_1.JPG,0,C1_P12,1368,1532,1584,1864,216,332,True
C4_P04_N4_S2_1.JPG,0,C4_P04,440,696,668,1052,228,356,True
C4_P04_N2_S4_1.JPG,0,C4_P04,1632,84,1816,400,184,316,True
C2_P01_N3_S3_1.JPG,0,C2_P01,1292,1088,1444,1288,152,200,True
C4_P04_N1_S3_1.JPG,0,C4_P04,1460,1400,1684,1728,224,328,True
C4_P08_N1_S5_2.JPG,0,C4_P08,1288,1772,1424,1988,136,216,False
C2_P09_N1_S7_1.JPG,0,C2_P09,1096,656,1184,820,88,164,False
C2_P09_N1_S7_1.JPG,0,C2_P09,164,1160,260,1328,96,168,False
C2_P04_N1_S3_1.JPG,0,C2_P04,772,192,920,452,148,260,False
C3_P07_N4_S2_1.JPG,0,C3_P07,3328,1512,3656,2000,328,488,True
C1_P12_N1_S2_1.JPG,0,C1_P12,1876,520,2172,976,296,456,True
C4_P04_N2_S3_1.JPG,0,C4_P04,1668,168,1852,572,184,404,True
C1_P03_N2_S2_1.JPG,0,C1_P03,916,1152,1152,1532,236,380,False
C1_P04_N3_S3_1.JPG,0,C1_P04,2328,1168,2528,1500,200,332,True
C1_P11_N2_S3_1.JPG,0,C1_P11,136,260,392,648,256,388,True
C2_P09_N1_S7_2.JPG,0,C2_P09,1452,384,1544,536,92,152,False
C3_P06_N2_S3_2.JPG,0,C3_P06,3400,984,3652,1448,252,464,True
C3_P01_N3_S2_1.JPG,0,C3_P01,1036,460,1360,1020,324,560,True
C1_P10_N2_S2_1.JPG,0,C1_P10,2928,1228,3216,1660,288,432,True
C4_P08_N1_S5_2.JPG,0,C4_P08,1680,1764,1816,1980,136,216,False
C1_P12_N3_S2_1.JPG,0,C1_P12,1552,516,1928,1060,376,544,True
C3_P03_N1_S2_1.JPG,0,C3_P03,3716,1368,4008,1816,292,448,True
C2_P09_N1_S7_1.JPG,0,C2_P09,1072,1424,1176,1572,104,148,False
C1_P09_N3_S3_1.JPG,0,C1_P09,656,116,832,384,176,268,False
C4_P08_N1_S5_2.JPG,0,C4_P08,392,668,528,872,136,204,False
C1_P09_N1_S5_2.JPG,0,C1_P09,2140,1368,2280,1588,140,220,False
C4_P04_N3_S3_1.JPG,0,C4_P04,2108,632,2344,968,236,336,True
C3_P03_N2_S4_1.JPG,0,C3_P03,132,1416,320,1740,188,324,True
C2_P04_N2_S3_1.JPG,0,C2_P04,368,180,556,444,188,264,False
C3_P03_N1_S5_1.JPG,0,C3_P03,1624,660,1776,876,152,216,True
C1_P08_N3_S4_2.JPG,0,C1_P08,2396,1964,2600,2276,204,312,True
C2_P02_N1_S3_1.JPG,0,C2_P02,2316,1432,2516,1764,200,332,True
C2_P02_N1_S5_1.JPG,0,C2_P02,168,296,284,464,116,168,True
C1_P05_N1_S5_1.JPG,0,C1_P05,876,1144,1060,1424,184,280,True
C3_P07_N1_S6_1.JPG,0,C3_P07,744,2360,912,2592,168,232,True
C4_P02_N4_S3_1.JPG,0,C4_P02,636,1468,796,1692,160,224,True
C3_P01_N4_S2_1.JPG,0,C3_P01,2372,1360,2724,1956,352,596,True
C2_P06_N1_S2_1.JPG,0,C2_P06,1976,700,2160,956,184,256,False
C4_P05_N1_S3_1.JPG,0,C4_P05,1340,336,1540,604,200,268,True
C1_P08_N3_S4_1.JPG,0,C1_P08,1888,1404,2108,1748,220,344,True
C1_P02_N3_S3_1.JPG,0,C1_P02,1944,1892,2244,2400,300,508,True
C1_P11_N2_S3_1.JPG,0,C1_P11,724,1488,956,1844,232,356,True
C4_P05_N3_S3_1.JPG,0,C4_P05,932,244,1128,556,196,312,True
C1_P11_N1_S4_1.JPG,0,C1_P11,60,1416,300,1836,240,420,True
C1_P07_N2_S3_3.JPG,0,C1_P07,2384,376,2596,680,212,304,False
C1_P09_N3_S4_2.JPG,0,C1_P09,196,1124,368,1380,172,256,False
C1_P12_N2_S5_1.JPG,0,C1_P12,396,1680,560,1924,164,244,True
C1_P01_N1_S2_2.JPG,0,C1_P01,348,196,848,944,500,748,True
C3_P06_N1_S4_1.JPG,0,C3_P06,2540,192,2740,516,200,324,True
C2_P01_N1_S5_2.JPG,0,C2_P01,268,956,368,1112,100,156,True
C4_P02_N1_S3_1.JPG,0,C4_P02,324,244,480,468,156,224,True
C1_P09_N2_S4_1.JPG,0,C1_P09,2120,464,2312,740,192,276,False
C2_P01_N1_S5_1.JPG,0,C2_P01,336,1660,440,1804,104,144,True
C4_P05_N1_S4_1.JPG,0,C4_P05,740,1620,924,1956,184,336,True
C4_P07_N2_S3_2.JPG,0,C4_P07,544,1436,728,1700,184,264,True
C2_P06_N1_S3_2.JPG,0,C2_P06,1788,152,1976,404,188,252,False
C1_P02_N1_S2_1.JPG,0,C1_P02,2344,508,2664,1092,320,584,True
C4_P06_N1_S3_1.JPG,0,C4_P06,2344,380,2536,668,192,288,True
C3_P02_N1_S5_1.JPG,0,C3_P02,764,636,928,868,164,232,True
C2_P09_N1_S7_2.JPG,0,C2_P09,976,1108,1072,1244,96,136,False
C4_P05_N2_S3_1.JPG,0,C4_P05,1464,1488,1672,1796,208,308,True
C4_P07_N2_S3_1.JPG,0,C4_P07,1444,256,1640,560,196,304,True
C1_P05_N1_S4_3.JPG,0,C1_P05,848,1492,1064,1844,216,352,True
C3_P06_N3_S4_1.JPG,0,C3_P06,3836,40,4144,536,308,496,True
C2_P01_N1_S3_1.JPG,0,C2_P01,1744,1204,1896,1400,152,196,True
C2_P09_N1_S7_1.JPG,0,C2_P09,1512,144,1612,304,100,160,False
C1_P03_N1_S2_2.JPG,0,C1_P03,2292,272,2500,552,208,280,False
C1_P09_N1_S5_1.JPG,0,C1_P09,1404,1276,1588,1560,184,284,False
C2_P06_N2_S4_2.JPG,0,C2_P06,1360,1348,1504,1556,144,208,False
C2_P09_N1_S7_1.JPG,0,C2_P09,1376,1672,1476,1804,100,132,False
C2_P03_N1_S3_1.JPG,0,C2_P03,1584,1452,1856,1876,272,424,True
C3_P05_N1_S4_1.JPG,0,C3_P05,1052,388,1276,668,224,280,True
C3_P02_N1_S5_1.JPG,0,C3_P02,1996,660,2160,892,164,232,True
C1_P12_N1_S2_1.JPG,0,C1_P12,2232,520,2528,976,296,456,True
C1_P03_N1_S4_2.JPG,0,C1_P03,1192,1152,1332,1340,140,188,False
C1_P09_N1_S5_1.JPG,0,C1_P09,876,492,1072,772,196,280,False
C4_P08_N2_S3_1.JPG,0,C4_P08,2120,724,2352,1084,232,360,False
C2_P04_N1_S4_1.JPG,0,C2_P04,664,636,816,872,152,236,False
C1_P08_N1_S4_1.JPG,0,C1_P08,596,2068,828,2436,232,368,True
C2_P08_N1_S6_1.JPG,0,C2_P08,792,72,912,252,120,180,False
C1_P02_N2_S4_1.JPG,0,C1_P02,976,96,1216,480,240,384,True
C1_P08_N1_S4_1.JPG,0,C1_P08,2040,116,2268,488,228,372,True
C3_P07_N2_S3_1.JPG,0,C3_P07,3488,1880,3808,2280,320,400,True
C4_P05_N2_S3_1.JPG,0,C4_P05,1664,1456,1840,1800,176,344,True
C1_P12_N1_S5_1.JPG,0,C1_P12,556,2136,744,2432,188,296,True
C1_P06_N3_S3_2.JPG,0,C1_P06,2368,508,2600,840,232,332,True
C3_P02_N4_S2_1.JPG,0,C3_P02,3044,1368,3308,1820,264,452,True
C2_P06_N3_S3_1.JPG,0,C2_P06,1852,92,2028,360,176,268,False
C3_P03_N3_S3_1.JPG,0,C3_P03,3016,1812,3244,2148,228,336,True
C4_P05_N1_S5_1.JPG,0,C4_P05,864,1760,1032,2048,168,288,True
C2_P08_N4_S3_1.JPG,0,C2_P08,272,828,480,1148,208,320,False
C3_P03_N4_S2_1.JPG,0,C3_P03,3056,248,3336,784,280,536,True
C2_P06_N2_S4_2.JPG,0,C2_P06,976,548,1160,760,184,212,False
C1_P01_N1_S3_2.JPG,0,C1_P01,736,72,1004,476,268,404,True
C4_P03_N3_S3_2.JPG,0,C4_P03,1380,940,1596,1304,216,364,True
C1_P04_N1_S5_2.JPG,0,C1_P04,52,1616,164,1856,112,240,True
C4_P03_N1_S4_1.JPG,0,C4_P03,1212,1692,1380,1976,168,284,True
C4_P02_N1_S3_1.JPG,0,C4_P02,984,236,1164,448,180,212,True
C1_P01_N1_S2_1.JPG,0,C1_P01,528,900,780,1276,252,376,True
C2_P01_N3_S3_1.JPG,0,C2_P01,1824,1072,1964,1288,140,216,True
C1_P03_N1_S3_2.JPG,0,C1_P03,1756,1528,1932,1792,176,264,False
C2_P04_N1_S5_1.JPG,0,C2_P04,368,588,488,776,120,188,False
C2_P01_N1_S5_1.JPG,0,C2_P01,812,960,924,1116,112,156,True
C3_P07_N2_S3_1.JPG,0,C3_P07,2956,1864,3216,2264,260,400,True
C2_P09_N1_S7_1.JPG,0,C2_P09,1388,680,1488,824,100,144,False
C2_P02_N2_S4_1.JPG,0,C2_P02,1104,1524,1268,1800,164,276,True
C1_P01_N1_S3_2.JPG,0,C1_P01,484,772,752,1176,268,404,True
C4_P04_N2_S3_1.JPG,0,C4_P04,328,632,568,1032,240,400,True
C2_P08_N1_S6_2.JPG,0,C2_P08,892,700,1000,864,108,164,False
C1_P05_N1_S4_2.JPG,0,C1_P05,360,1904,576,2272,216,368,True
C4_P03_N1_S4_1.JPG,0,C4_P03,1728,1732,1896,1992,168,260,True
C3_P01_N1_S5_1.JPG,0,C3_P01,724,804,856,1088,132,284,True
C4_P05_N1_S5_1.JPG,0,C4_P05,368,1776,556,2040,188,264,True
C1_P04_N3_S2_1.JPG,0,C1_P04,2716,1272,2960,1644,244,372,True
C3_P02_N3_S2_2.JPG,0,C3_P02,324,576,636,1008,312,432,True
C2_P02_N1_S5_1.JPG,0,C2_P02,1164,904,1284,1072,120,168,True
C4_P06_N1_S4_1.JPG,0,C4_P06,604,1772,812,2088,208,316,True
C2_P06_N2_S4_1.JPG,0,C2_P06,752,56,932,300,180,244,False
C1_P05_N2_S4_1.JPG,0,C1_P05,1688,1272,1908,1620,220,348,True
C1_P04_N1_S4_1.JPG,0,C1_P04,1612,1372,1816,1696,204,324,True
C4_P05_N1_S3_1.JPG,0,C4_P05,1944,336,2144,604,200,268,True
C2_P04_N1_S5_1.JPG,0,C2_P04,1072,1248,1192,1424,120,176,False
C2_P07_N3_S3_1.JPG,0,C2_P07,728,244,904,520,176,276,False
C3_P07_N1_S5_1.JPG,0,C3_P07,2452,28,2628,300,176,272,True
C4_P05_N1_S5_1.JPG,0,C4_P05,2156,948,2324,1200,168,252,True
C1_P08_N2_S5_1.JPG,0,C1_P08,2056,284,2200,568,144,284,True
C1_P09_N2_S6_1.JPG,0,C1_P09,1852,88,2008,388,156,300,False
C2_P07_N1_S2_1.JPG,0,C2_P07,448,252,684,676,236,424,False
C1_P04_N1_S3_2.JPG,0,C1_P04,420,228,592,600,172,372,True
C3_P07_N2_S4_1.JPG,0,C3_P07,1548,2016,1728,2244,180,228,True
C2_P05_N1_S2_1.JPG,0,C2_P05,464,852,676,1140,212,288,True
C3_P03_N2_S3_1.JPG,0,C3_P03,1860,1180,2104,1536,244,356,True
C3_P06_N4_S3_1.JPG,0,C3_P06,2380,1232,2652,1632,272,400,True
C3_P05_N1_S4_1.JPG,0,C3_P05,2220,376,2404,648,184,272,True
C2_P07_N1_S6_2.JPG,0,C2_P07,784,596,888,748,104,152,False
C1_P03_N2_S3_1.JPG,0,C1_P03,1476,1192,1672,1448,196,256,False
C1_P07_N2_S3_1.JPG,0,C1_P07,576,1704,780,2000,204,296,False
C2_P02_N2_S4_1.JPG,0,C2_P02,292,1136,456,1388,164,252,True
C1_P04_N1_S5_1.JPG,0,C1_P04,2148,2120,2320,2400,172,280,True
C2_P08_N1_S4_1.JPG,0,C2_P08,688,552,820,768,132,216,False
C3_P03_N3_S2_1.JPG,0,C3_P03,1516,1512,1820,1936,304,424,True
C2_P04_N2_S4_1.JPG,0,C2_P04,1044,1464,1216,1696,172,232,False
C4_P04_N2_S4_1.JPG,0,C4_P04,2228,556,2420,864,192,308,True
C2_P05_N2_S3_2.JPG,0,C2_P05,388,256,568,512,180,256,True
C4_P08_N2_S4_1.JPG,0,C4_P08,452,40,672,352,220,312,False
C2_P06_N1_S4_1.JPG,0,C2_P06,1748,500,1912,720,164,220,False
C2_P04_N1_S3_1.JPG,0,C2_P04,1824,692,1976,924,152,232,False
C3_P03_N2_S2_1.JPG,0,C3_P03,3228,624,3528,1032,300,408,True
C2_P05_N3_S3_2.JPG,0,C2_P05,1240,1168,1400,1412,160,244,True
C1_P09_N1_S5_2.JPG,0,C1_P09,1660,2016,1812,2240,152,224,False
C3_P01_N1_S2_1.JPG,0,C3_P01,1232,1604,1612,2244,380,640,True
C1_P05_N3_S3_1.JPG,0,C1_P05,1656,940,1892,1292,236,352,True
C3_P01_N1_S5_2.JPG,0,C3_P01,1128,260,1308,516,180,256,True
C4_P02_N4_S2_1.JPG,0,C4_P02,1028,1148,1248,1512,220,364,True
C1_P12_N3_S4_1.JPG,0,C1_P12,1144,1516,1360,1848,216,332,True
C1_P06_N2_S3_1.JPG,0,C1_P06,456,1120,680,1456,224,336,True
C2_P04_N3_S3_1.JPG,0,C2_P04,1028,712,1216,984,188,272,False
C3_P02_N2_S2_1.JPG,0,C3_P02,2868,1176,3104,1544,236,368,True
C4_P08_N1_S4_1.JPG,0,C4_P08,900,128,1092,404,192,276,False
C1_P04_N4_S2_1.JPG,0,C1_P04,2896,264,3152,648,256,384,True
C3_P05_N4_S2_1.JPG,0,C3_P05,3356,424,3632,864,276,440,True
C4_P05_N1_S5_1.JPG,0,C4_P05,1488,1784,1656,2072,168,288,True
C1_P04_N1_S5_2.JPG,0,C1_P04,2128,816,2252,1032,124,216,True
C3_P05_N1_S3_1.JPG,0,C3_P05,1396,416,1604,696,208,280,True
C2_P05_N2_S3_1.JPG,0,C2_P05,720,1252,920,1516,200,264,True
C1_P11_N2_S4_1.JPG,0,C1_P11,2628,372,2856,708,228,336,True
C1_P02_N1_S5_1.JPG,0,C1_P02,1508,2056,1680,2384,172,328,True
C2_P05_N2_S4_1.JPG,0,C2_P05,1064,1460,1220,1676,156,216,True
C2_P05_N1_S5_1.JPG,0,C2_P05,1408,556,1536,732,128,176,True
C3_P04_N1_S2_1.JPG,0,C3_P04,2452,1504,2832,2076,380,572,True
C3_P01_N1_S4_1.JPG,0,C3_P01,740,144,968,456,228,312,True
C1_P07_N2_S3_1.JPG,0,C1_P07,1992,444,2196,740,204,296,False
C2_P01_N1_S3_1.JPG,0,C2_P01,764,752,900,924,136,172,True
C1_P09_N1_S5_2.JPG,0,C1_P09,896,2032,1084,2284,188,252,False
C3_P01_N1_S3_1.JPG,0,C3_P01,2004,1876,2264,2244,260,368,True
C2_P09_N1_S7_1.JPG,0,C2_P09,1956,1208,2060,1348,104,140,False
C2_P02_N1_S4_1.JPG,0,C2_P02,1764,328,1908,564,144,236,True
C1_P05_N1_S3_1.JPG,0,C1_P05,368,708,596,1028,228,320,True
C2_P06_N1_S5_1.JPG,0,C2_P06,316,1512,424,1668,108,156,False
C2_P09_N1_S7_2.JPG,0,C2_P09,272,1104,376,1244,104,140,False
C4_P01_N3_S3_1.JPG,0,C4_P01,2252,392,2448,688,196,296,True
C4_P08_N1_S5_2.JPG,0,C4_P08,1468,668,1604,872,136,204,False
C3_P03_N1_S5_1.JPG,0,C3_P03,2160,1120,2312,1396,152,276,True
C3_P07_N1_S5_1.JPG,0,C3_P07,1144,2164,1312,2380,168,216,True
C1_P04_N1_S5_2.JPG,0,C1_P04,1184,1248,1316,1464,132,216,True
C1_P04_N4_S2_1.JPG,0,C1_P04,1648,216,1900,684,252,468,True
C1_P11_N2_S4_1.JPG,0,C1_P11,1128,2056,1372,2412,244,356,True
C1_P12_N4_S2_1.JPG,0,C1_P12,472,1356,792,1892,320,536,True
C1_P07_N1_S3_3.JPG,0,C1_P07,2612,944,2816,1240,204,296,False
C4_P06_N1_S4_1.JPG,0,C4_P06,688,144,892,428,204,284,True
C4_P02_N2_S4_1.JPG,0,C4_P02,528,1696,668,1892,140,196,True
C3_P03_N3_S3_1.JPG,0,C3_P03,2516,968,2752,1388,236,420,True
C3_P02_N4_S2_1.JPG,0,C3_P02,2280,556,2592,984,312,428,True
C2_P04_N2_S2_1.JPG,0,C2_P04,1356,232,1540,492,184,260,False
C3_P07_N1_S3_1.JPG,0,C3_P07,3336,1148,3572,1500,236,352,True
C2_P05_N1_S5_1.JPG,0,C2_P05,236,1248,364,1424,128,176,True
C1_P10_N2_S4_1.JPG,0,C1_P10,1184,336,1380,580,196,244,True
C3_P02_N1_S5_1.JPG,0,C3_P02,2000,1588,2160,1856,160,268,True
C2_P01_N1_S2_1.JPG,0,C2_P01,1252,800,1420,1024,168,224,True
C3_P06_N1_S3_2.JPG,0,C3_P06,1956,1008,2164,1444,208,436,True
C1_P04_N1_S3_1.JPG,0,C1_P04,1908,1244,2144,1604,236,360,True
C1_P04_N1_S3_1.JPG,0,C1_P04,568,484,744,856,176,372,True
C1_P02_N4_S2_1.JPG,0,C1_P02,1856,552,2216,1124,360,572,True
C1_P10_N3_S3_1.JPG,0,C1_P10,284,1600,532,2028,248,428,True
C2_P02_N2_S2_1.JPG,0,C2_P02,1112,252,1352,652,240,400,True
C4_P07_N1_S3_1.JPG,0,C4_P07,1612,396,1804,704,192,308,True
C3_P07_N2_S3_1.JPG,0,C3_P07,408,1048,720,1500,312,452,True
C1_P03_N1_S4_1.JPG,0,C1_P03,816,256,984,484,168,228,False
C4_P06_N2_S3_1.JPG,0,C4_P06,376,312,580,648,204,336,True
C1_P04_N1_S4_1.JPG,0,C1_P04,420,748,616,1072,196,324,True
C1_P05_N2_S4_2.JPG,0,C1_P05,132,1380,348,1768,216,388,True
C3_P05_N3_S3_1.JPG,0,C3_P05,2632,1164,2876,1508,244,344,True
C2_P08_N1_S6_1.JPG,0,C2_P08,464,1208,576,1360,112,152,False
C4_P04_N3_S3_1.JPG,0,C4_P04,2312,1108,2536,1448,224,340,True
C2_P08_N1_S3_1.JPG,0,C2_P08,1500,828,1740,1180,240,352,False
C2_P05_N2_S3_2.JPG,0,C2_P05,896,1320,1076,1568,180,248,True
C2_P01_N1_S4_1.JPG,0,C2_P01,1616,1364,1736,1544,120,180,True
C3_P07_N1_S4_1.JPG,0,C3_P07,668,1380,884,1704,216,324,True
C1_P09_N4_S4_1.JPG,0,C1_P09,1260,84,1456,408,196,324,False
C3_P06_N2_S3_2.JPG,0,C3_P06,2824,992,3080,1412,256,420,True
C1_P01_N2_S2_1.JPG,0,C1_P01,2388,76,2848,796,460,720,True
C4_P08_N3_S3_2.JPG,0,C4_P08,124,1600,356,1936,232,336,False
C3_P04_N3_S2_1.JPG,0,C3_P04,1632,444,2040,1192,408,748,True
C2_P03_N2_S2_1.JPG,0,C2_P03,1672,300,1888,844,216,544,True
C4_P01_N1_S3_1.JPG,0,C4_P01,2332,1540,2528,1828,196,288,True
C3_P02_N1_S4_1.JPG,0,C3_P02,700,896,900,1184,200,288,True
C3_P06_N4_S3_1.JPG,0,C3_P06,2500,404,2728,912,228,508,True
C1_P05_N1_S3_1.JPG,0,C1_P05,608,696,836,1016,228,320,True
C3_P02_N1_S5_1.JPG,0,C3_P02,1252,2072,1400,2288,148,216,True
C4_P06_N1_S4_1.JPG,0,C4_P06,1908,148,2112,432,204,284,True
C2_P03_N1_S3_1.JPG,0,C2_P03,828,208,1072,608,244,400,True
C4_P05_N2_S3_1.JPG,0,C4_P05,144,408,364,740,220,332,True
C2_P02_N3_S3_1.JPG,0,C2_P02,372,1308,588,1632,216,324,True
C4_P04_N1_S5_1.JPG,0,C4_P04,1996,932,2176,1200,180,268,True
C3_P07_N3_S3_1.JPG,0,C3_P07,600,1152,908,1516,308,364,True
C3_P04_N1_S3_1.JPG,0,C3_P04,2732,404,3020,844,288,440,True
C3_P02_N2_S4_1.JPG,0,C3_P02,924,2072,1128,2356,204,284,True
C1_P04_N1_S4_1.JPG,0,C1_P04,3016,1988,3212,2300,196,312,True
C4_P08_N2_S3_2.JPG,0,C4_P08,2484,1480,2704,1764,220,284,False
C1_P12_N1_S4_1.JPG,0,C1_P12,500,1972,716,2320,216,348,True
C3_P05_N2_S4_1.JPG,0,C3_P05,2204,1928,2392,2200,188,272,True
C2_P09_N1_S7_1.JPG,0,C2_P09,356,1404,456,1572,100,168,False
C1_P06_N3_S3_2.JPG,0,C1_P06,1376,1816,1608,2188,232,372,True
C3_P06_N1_S5_1.JPG,0,C3_P06,1596,1544,1768,1860,172,316,True
C4_P02_N1_S3_1.JPG,0,C4_P02,656,248,808,460,152,212,True
C1_P10_N3_S3_1.JPG,0,C1_P10,1460,1732,1708,2116,248,384,True
C3_P07_N1_S4_1.JPG,0,C3_P07,2548,1360,2848,1716,300,356,True
C4_P08_N1_S5_2.JPG,0,C4_P08,664,284,808,492,144,208,False
C2_P01_N1_S4_1.JPG,0,C2_P01,868,592,988,752,120,160,True
C1_P09_N4_S3_1.JPG,0,C1_P09,1592,128,1780,368,188,240,False
C1_P05_N1_S3_2.JPG,0,C1_P05,1640,1008,1856,1336,216,328,True
C2_P04_N1_S4_1.JPG,0,C2_P04,1816,1508,1964,1740,148,232,False
C4_P04_N4_S2_1.JPG,0,C4_P04,1588,672,1836,1044,248,372,True
C1_P09_N2_S6_1.JPG,0,C1_P09,1176,1212,1344,1452,168,240,False
C1_P10_N3_S2_2.JPG,0,C1_P10,2220,1232,2516,1736,296,504,True
C3_P07_N1_S4_1.JPG,0,C3_P07,136,28,388,368,252,340,True
C4_P04_N5_S2_1.JPG,0,C4_P04,1416,656,1664,1052,248,396,True
C4_P05_N1_S4_1.JPG,0,C4_P05,784,104,984,380,200,276,True
C2_P04_N1_S4_1.JPG,0,C2_P04,212,632,364,868,152,236,False
C4_P06_N1_S4_1.JPG,0,C4_P06,480,160,684,444,204,284,True
C1_P05_N1_S4_1.JPG,0,C1_P05,2512,816,2720,1168,208,352,True
C2_P08_N3_S3_2.JPG,0,C2_P08,964,1212,1144,1492,180,280,False
C2_P05_N1_S2_1.JPG,0,C2_P05,2016,228,2240,572,224,344,True
C2_P07_N3_S3_1.JPG,0,C2_P07,360,736,536,1012,176,276,False
C3_P07_N1_S3_1.JPG,0,C3_P07,1340,1860,1588,2212,248,352,True
C3_P06_N4_S3_1.JPG,0,C3_P06,396,1272,724,1628,328,356,True
C2_P02_N1_S4_1.JPG,0,C2_P02,596,212,764,464,168,252,True
C3_P06_N3_S4_1.JPG,0,C3_P06,1232,704,1460,1088,228,384,True
C2_P04_N2_S4_1.JPG,0,C2_P04,908,1468,1080,1700,172,232,False
C1_P09_N3_S4_2.JPG,0,C1_P09,1596,432,1768,688,172,256,False
C2_P06_N2_S4_1.JPG,0,C2_P06,1592,1104,1736,1316,144,212,False
C3_P07_N2_S4_1.JPG,0,C3_P07,1352,2016,1532,2244,180,228,True
C1_P10_N2_S4_1.JPG,0,C1_P10,1872,888,2060,1144,188,256,True
C2_P04_N2_S3_1.JPG,0,C2_P04,2088,696,2272,956,184,260,False
C3_P01_N2_S2_2.JPG,0,C3_P01,740,1680,1116,2232,376,552,True
C1_P05_N3_S4_1.JPG,0,C1_P05,1444,1936,1652,2304,208,368,True
C3_P06_N1_S5_1.JPG,0,C3_P06,784,1104,976,1396,192,292,True
C2_P09_N1_S7_1.JPG,0,C2_P09,236,652,336,808,100,156,False
C4_P07_N3_S3_2.JPG,0,C4_P07,2172,280,2360,576,188,296,True
C1_P02_N1_S5_1.JPG,0,C1_P02,484,2124,668,2428,184,304,True
C1_P07_N1_S3_2.JPG,0,C1_P07,1796,2012,2000,2292,204,280,False
C1_P04_N1_S3_2.JPG,0,C1_P04,1476,1672,1704,2008,228,336,True
C2_P01_N2_S3_2.JPG,0,C2_P01,36,732,208,968,172,236,True
C2_P09_N1_S7_1.JPG,0,C2_P09,1456,956,1556,1096,100,140,False
C3_P03_N1_S5_1.JPG,0,C3_P03,1040,1672,1192,1904,152,232,True
C1_P06_N2_S3_2.JPG,0,C1_P06,1780,88,2008,400,228,312,True
C4_P05_N2_S4_1.JPG,0,C4_P05,2264,688,2448,980,184,292,True
C3_P05_N1_S5_1.JPG,0,C3_P05,1820,760,1980,996,160,236,True
C3_P02_N1_S3_1.JPG,0,C3_P02,2664,1796,2912,2208,248,412,True
C2_P03_N4_S2_1.JPG,0,C2_P03,1944,380,2236,852,292,472,True
C1_P05_N1_S4_2.JPG,0,C1_P05,592,116,816,436,224,320,True
C3_P05_N1_S4_1.JPG,0,C3_P05,2032,368,2216,640,184,272,True
C4_P04_N3_S3_1.JPG,0,C4_P04,2136,152,2364,484,228,332,True
C2_P05_N2_S4_1.JPG,0,C2_P05,956,1068,1096,1292,140,224,True
C1_P11_N2_S3_2.JPG,0,C1_P11,408,1516,652,1836,244,320,True
C1_P05_N3_S4_1.JPG,0,C1_P05,2496,736,2716,1076,220,340,True
C4_P08_N1_S5_2.JPG,0,C4_P08,1068,280,1208,476,140,196,False
C1_P03_N2_S2_1.JPG,0,C1_P03,1384,1160,1620,1540,236,380,False
C3_P05_N1_S4_1.JPG,0,C3_P05,2304,1012,2488,1300,184,288,True
C3_P06_N3_S4_2.JPG,0,C3_P06,2312,844,2488,1232,176,388,True
C3_P02_N1_S5_1.JPG,0,C3_P02,1692,1148,1856,1376,164,228,True
C1_P11_N2_S4_3.JPG,0,C1_P11,1864,1804,2044,2120,180,316,True
C2_P08_N2_S3_1.JPG,0,C2_P08,100,816,312,1172,212,356,False
C2_P05_N1_S3_1.JPG,0,C2_P05,544,1240,728,1500,184,260,True
C1_P09_N3_S4_1.JPG,0,C1_P09,2080,524,2288,788,208,264,False
C3_P06_N3_S4_1.JPG,0,C3_P06,3784,752,4016,1196,232,444,True
C4_P02_N4_S3_1.JPG,0,C4_P02,660,920,800,1176,140,256,True
C1_P09_N1_S5_1.JPG,0,C1_P09,2108,1676,2280,1948,172,272,False
C1_P11_N1_S5_1.JPG,0,C1_P11,828,2060,996,2336,168,276,True
C1_P02_N1_S5_1.JPG,0,C1_P02,1212,1608,1376,1888,164,280,True
C2_P05_N3_S3_1.JPG,0,C2_P05,252,48,460,352,208,304,True
C4_P08_N1_S4_1.JPG,0,C4_P08,316,652,516,960,200,308,False
C1_P08_N2_S5_1.JPG,0,C1_P08,2148,1180,2308,1440,160,260,True
C1_P08_N2_S4_2.JPG,0,C1_P08,2312,444,2492,752,180,308,True
C1_P04_N2_S3_1.JPG,0,C1_P04,2136,1760,2352,2092,216,332,True
C3_P06_N1_S3_1.JPG,0,C3_P06,336,1752,568,2132,232,380,True
C3_P03_N3_S2_1.JPG,0,C3_P03,456,552,772,992,316,440,True
C2_P06_N1_S5_1.JPG,0,C2_P06,288,804,416,968,128,164,False
C3_P02_N1_S3_1.JPG,0,C3_P02,1800,1112,2060,1476,260,364,True
C2_P04_N2_S3_1.JPG,0,C2_P04,516,192,704,456,188,264,False
C4_P05_N3_S3_1.JPG,0,C4_P05,1148,1300,1336,1616,188,316,True
C1_P11_N1_S3_1.JPG,0,C1_P11,2940,1164,3160,1492,220,328,True
C1_P11_N2_S4_1.JPG,0,C1_P11,1692,332,1920,668,228,336,True
C1_P05_N1_S4_1.JPG,0,C1_P05,612,836,852,1152,240,316,True
C2_P04_N2_S3_1.JPG,0,C2_P04,1836,244,2024,524,188,280,False
C3_P05_N2_S2_1.JPG,0,C3_P05,2296,472,2552,856,256,384,True
C1_P05_N3_S4_1.JPG,0,C1_P05,1420,1340,1640,1712,220,372,True
C4_P02_N1_S3_1.JPG,0,C4_P02,1412,860,1592,1108,180,248,True
C1_P08_N3_S4_2.JPG,0,C1_P08,344,2032,548,2344,204,312,True
C1_P03_N1_S3_2.JPG,0,C1_P03,1080,288,1256,508,176,220,False
C4_P05_N2_S3_1.JPG,0,C4_P05,1728,396,1928,728,200,332,True
C3_P05_N2_S4_1.JPG,0,C3_P05,1172,144,1388,468,216,324,True
C1_P02_N1_S2_1.JPG,0,C1_P02,1564,1396,1928,2044,364,648,True
C3_P02_N3_S2_1.JPG,0,C3_P02,2176,1456,2480,1848,304,392,True
C4_P02_N3_S2_1.JPG,0,C4_P02,2064,368,2256,632,192,264,True
C1_P09_N1_S5_2.JPG,0,C1_P09,1508,2012,1652,2260,144,248,False
C4_P08_N1_S5_1.JPG,0,C4_P08,520,668,652,880,132,212,False
C1_P04_N1_S3_1.JPG,0,C1_P04,2360,1964,2612,2348,252,384,True
C1_P02_N1_S3_1.JPG,0,C1_P02,1836,1768,2092,2280,256,512,True
C1_P07_N1_S3_1.JPG,0,C1_P07,2104,996,2308,1328,204,332,False
C3_P06_N1_S4_1.JPG,0,C3_P06,1200,240,1400,552,200,312,True
C1_P06_N1_S5_1.JPG,0,C1_P06,484,1648,640,1864,156,216,True
C1_P08_N4_S3_1.JPG,0,C1_P08,1084,1528,1320,1892,236,364,True
C3_P06_N3_S4_2.JPG,0,C3_P06,1532,1464,1764,1744,232,280,True
C4_P07_N3_S3_1.JPG,0,C4_P07,496,1420,684,1704,188,284,True
C4_P05_N3_S2_1.JPG,0,C4_P05,148,760,336,1060,188,300,True
C3_P03_N4_S2_1.JPG,0,C3_P03,2164,1236,2432,1696,268,460,True
C4_P04_N2_S2_1.JPG,0,C4_P04,920,228,1144,564,224,336,True
C2_P09_N1_S7_1.JPG,0,C2_P09,1808,696,1900,840,92,144,False
C3_P06_N3_S4_2.JPG,0,C3_P06,1776,1464,1984,1788,208,324,True
C3_P06_N1_S5_1.JPG,0,C3_P06,2904,1056,3060,1380,156,324,True
C2_P08_N1_S6_2.JPG,0,C2_P08,40,92,160,296,120,204,False
C2_P04_N1_S5_1.JPG,0,C2_P04,260,912,396,1108,136,196,False
C1_P03_N3_S2_1.JPG,0,C1_P03,824,1180,1008,1488,184,308,False
C3_P01_N4_S3_1.JPG,0,C3_P01,940,320,1228,744,288,424,True
C2_P01_N2_S4_1.JPG,0,C2_P01,1440,1120,1568,1300,128,180,True
C2_P03_N2_S4_1.JPG,0,C2_P03,1280,124,1436,468,156,344,True
C1_P05_N1_S5_1.JPG,0,C1_P05,484,648,676,912,192,264,True
C2_P01_N1_S5_1.JPG,0,C2_P01,1216,260,1328,408,112,148,True
C4_P05_N3_S3_1.JPG,0,C4_P05,2328,776,2532,1084,204,308,True
C3_P01_N3_S2_1.JPG,0,C3_P01,1768,408,2088,1036,320,628,True
C2_P09_N1_S7_1.JPG,0,C2_P09,1104,400,1200,540,96,140,False
C4_P07_N1_S5_1.JPG,0,C4_P07,500,1844,656,2060,156,216,True
C1_P08_N4_S4_1.JPG,0,C1_P08,1864,2092,2072,2432,208,340,True
C2_P09_N1_S7_2.JPG,0,C2_P09,1260,632,1360,764,100,132,False
C3_P05_N1_S4_1.JPG,0,C3_P05,832,1000,1020,1276,188,276,True
C4_P07_N3_S3_1.JPG,0,C4_P07,2356,288,2560,576,204,288,True
C2_P07_N2_S3_1.JPG,0,C2_P07,1268,1176,1460,1456,192,280,False
C2_P01_N1_S5_1.JPG,0,C2_P01,1088,972,1200,1112,112,140,True
C2_P04_N1_S3_1.JPG,0,C2_P04,1228,248,1376,488,148,240,False
C2_P06_N1_S3_1.JPG,0,C2_P06,1808,176,2004,420,196,244,False
C1_P01_N1_S2_2.JPG,0,C1_P01,2280,1552,2780,2300,500,748,True
C1_P07_N2_S3_1.JPG,0,C1_P07,2440,1080,2644,1376,204,296,False
C2_P02_N1_S3_1.JPG,0,C2_P02,972,832,1184,1216,212,384,True
C2_P06_N1_S2_1.JPG,0,C2_P06,820,128,1004,384,184,256,False
C2_P05_N1_S5_1.JPG,0,C2_P05,1364,1248,1488,1420,124,172,True
C2_P07_N1_S3_1.JPG,0,C2_P07,900,1140,1084,1440,184,300,False
C2_P07_N2_S3_1.JPG,0,C2_P07,1480,164,1668,460,188,296,False
C2_P09_N1_S7_1.JPG,0,C2_P09,388,1656,484,1800,96,144,False
C3_P05_N2_S4_1.JPG,0,C3_P05,2456,716,2660,1104,204,388,True
C3_P06_N3_S3_1.JPG,0,C3_P06,1384,1016,1640,1460,256,444,True
C1_P02_N1_S5_1.JPG,0,C1_P02,1204,2072,1376,2400,172,328,True
C2_P04_N1_S2_1.JPG,0,C2_P04,8,816,184,1092,176,276,False
C4_P08_N1_S4_1.JPG,0,C4_P08,892,672,1092,980,200,308,False
C1_P11_N1_S4_2.JPG,0,C1_P11,1512,1936,1724,2248,212,312,True
C2_P04_N2_S2_1.JPG,0,C2_P04,1300,692,1472,956,172,264,False
C1_P03_N3_S2_1.JPG,0,C1_P03,936,512,1144,784,208,272,False
C4_P07_N1_S5_1.JPG,0,C4_P07,360,500,508,772,148,272,True
C3_P02_N1_S5_1.JPG,0,C3_P02,600,2072,744,2328,144,256,True
C1_P06_N3_S3_1.JPG,0,C1_P06,2700,112,2920,420,220,308,True
C1_P01_N3_S3_1.JPG,0,C1_P01,1544,1872,1816,2296,272,424,True
C3_P02_N2_S2_2.JPG,0,C3_P02,660,1316,948,1704,288,388,True
C4_P02_N1_S3_1.JPG,0,C4_P02,1156,228,1336,452,180,224,True
C1_P11_N1_S3_1.JPG,0,C1_P11,2732,560,2988,908,256,348,True
C1_P05_N1_S4_2.JPG,0,C1_P05,2936,1304,3152,1672,216,368,True
C2_P08_N1_S6_1.JPG,0,C2_P08,892,380,996,544,104,164,False
C3_P01_N1_S2_1.JPG,0,C3_P01,2716,536,3096,1116,380,580,True
C4_P07_N1_S3_2.JPG,0,C4_P07,124,344,316,624,192,280,True
C1_P05_N2_S4_2.JPG,0,C1_P05,2460,228,2636,568,176,340,True
C1_P03_N2_S3_2.JPG,0,C1_P03,2400,312,2624,604,224,292,False
C1_P08_N4_S4_1.JPG,0,C1_P08,1676,912,1920,1336,244,424,True
C3_P05_N1_S5_1.JPG,0,C3_P05,2772,244,2952,512,180,268,True
C3_P01_N1_S5_2.JPG,0,C3_P01,328,1232,492,1504,164,272,True
C3_P06_N1_S3_2.JPG,0,C3_P06,1472,1048,1696,1436,224,388,True
C2_P06_N2_S4_2.JPG,0,C2_P06,1160,548,1312,760,152,212,False
C4_P02_N1_S3_1.JPG,0,C4_P02,2304,820,2480,1100,176,280,True
C1_P09_N3_S4_2.JPG,0,C1_P09,1432,420,1604,676,172,256,False
C1_P02_N3_S2_1.JPG,0,C1_P02,1196,652,1548,1204,352,552,True
C1_P11_N1_S5_1.JPG,0,C1_P11,476,2076,644,2360,168,284,True
C3_P02_N3_S2_1.JPG,0,C3_P02,3580,604,3880,1000,300,396,True
C1_P03_N2_S3_1.JPG,0,C1_P03,2416,496,2612,764,196,268,False
C2_P01_N3_S2_1.JPG,0,C2_P01,1488,292,1676,536,188,244,True
C3_P01_N1_S2_1.JPG,0,C3_P01,444,1596,824,2236,380,640,True
C2_P01_N2_S3_2.JPG,0,C2_P01,936,1236,1076,1456,140,220,True
C1_P11_N2_S4_1.JPG,0,C1_P11,1452,1504,1668,1828,216,324,True
C2_P09_N1_S7_1.JPG,0,C2_P09,1688,944,1800,1084,112,140,False
C2_P09_N1_S7_1.JPG,0,C2_P09,2328,968,2432,1124,104,156,False
C2_P05_N3_S3_1.JPG,0,C2_P05,492,632,700,980,208,348,True
C1_P06_N1_S3_2.JPG,0,C1_P06,212,1736,452,2068,240,332,True
C1_P04_N1_S3_2.JPG,0,C1_P04,2796,988,3012,1332,216,344,True
C1_P08_N2_S5_1.JPG,0,C1_P08,2164,1596,2324,1852,160,256,True
C2_P02_N3_S2_1.JPG,0,C2_P02,52,888,280,1228,228,340,True
C1_P02_N1_S4_1.JPG,0,C1_P02,2092,1348,2272,1732,180,384,True
C1_P09_N4_S3_1.JPG,0,C1_P09,1144,780,1312,1036,168,256,False
C1_P04_N1_S5_2.JPG,0,C1_P04,1988,1232,2128,1452,140,220,True
C1_P04_N1_S4_1.JPG,0,C1_P04,2832,72,3028,396,196,324,True
C1_P11_N1_S3_2.JPG,0,C1_P11,1516,496,1752,816,236,320,True
C3_P05_N1_S5_1.JPG,0,C3_P05,2284,1180,2448,1452,164,272,True
C3_P03_N1_S3_1.JPG,0,C3_P03,3364,1116,3644,1492,280,376,True
C1_P04_N1_S5_1.JPG,0,C1_P04,2292,1628,2456,1888,164,260,True
C4_P07_N2_S3_2.JPG,0,C4_P07,184,1440,368,1704,184,264,True
C2_P05_N1_S5_1.JPG,0,C2_P05,1156,1224,1268,1424,112,200,True
C2_P05_N3_S3_2.JPG,0,C2_P05,1888,1188,2048,1432,160,244,True
C3_P05_N1_S4_1.JPG,0,C3_P05,1528,1516,1732,1812,204,296,True
C2_P01_N3_S2_1.JPG,0,C2_P01,1656,296,1844,540,188,244,True
C4_P05_N5_S2_1.JPG,0,C4_P05,2332,264,2544,600,212,336,True
C1_P12_N2_S5_1.JPG,0,C1_P12,904,2120,1068,2380,164,260,True
C1_P03_N1_S2_2.JPG,0,C1_P03,2864,976,3084,1328,220,352,False
C2_P01_N2_S3_2.JPG,0,C2_P01,516,264,676,452,160,188,True
C4_P06_N1_S4_1.JPG,0,C4_P06,312,172,504,452,192,280,True
C2_P05_N3_S3_1.JPG,0,C2_P05,1840,680,2044,1016,204,336,True
C3_P06_N2_S3_2.JPG,0,C3_P06,752,1668,996,2052,244,384,True
C2_P08_N2_S4_1.JPG,0,C2_P08,516,524,668,764,152,240,False
C1_P09_N4_S3_1.JPG,0,C1_P09,1608,744,1776,1000,168,256,False
C1_P07_N1_S3_1.JPG,0,C1_P07,2592,1632,2796,1964,204,332,False
C4_P06_N4_S3_1.JPG,0,C4_P06,1568,264,1776,580,208,316,True
C2_P05_N3_S3_1.JPG,0,C2_P05,36,52,244,356,208,304,True
C2_P06_N1_S5_1.JPG,0,C2_P06,1536,468,1664,632,128,164,False
C1_P10_N3_S2_2.JPG,0,C1_P10,2516,1328,2812,1768,296,440,True
C4_P06_N1_S3_1.JPG,0,C4_P06,2124,392,2316,680,192,288,True
C3_P03_N2_S4_1.JPG,0,C3_P03,1504,248,1680,508,176,260,True
C4_P06_N4_S3_1.JPG,0,C4_P06,1776,228,1976,572,200,344,True
C3_P07_N4_S2_1.JPG,0,C3_P07,840,1544,1176,1972,336,428,True
C2_P01_N1_S2_1.JPG,0,C2_P01,564,220,732,444,168,224,True
C1_P07_N1_S3_2.JPG,0,C1_P07,224,744,424,1024,200,280,False
C2_P06_N2_S3_1.JPG,0,C2_P06,600,172,796,412,196,240,False
C2_P03_N2_S4_1.JPG,0,C2_P03,304,1492,472,1780,168,288,True
C3_P02_N1_S5_1.JPG,0,C3_P02,2020,1152,2184,1380,164,228,True
C4_P07_N2_S4_1.JPG,0,C4_P07,992,1236,1160,1504,168,268,True
C1_P09_N1_S5_2.JPG,0,C1_P09,1536,1376,1688,1588,152,212,False
C1_P05_N1_S4_2.JPG,0,C1_P05,1444,704,1676,1056,232,352,True
C1_P10_N2_S3_1.JPG,0,C1_P10,212,1728,472,2104,260,376,True
C2_P08_N2_S3_2.JPG,0,C2_P08,828,1244,984,1580,156,336,False
C4_P05_N1_S2_1.JPG,0,C4_P05,1884,1008,2108,1328,224,320,True
C4_P02_N1_S3_1.JPG,0,C4_P02,984,228,1152,456,168,228,True
C3_P05_N1_S3_1.JPG,0,C3_P05,2936,1108,3136,1416,200,308,True
C2_P01_N2_S3_2.JPG,0,C2_P01,676,1248,816,1468,140,220,True
C3_P05_N1_S5_1.JPG,0,C3_P05,1396,176,1560,436,164,260,True
C2_P09_N1_S7_1.JPG,0,C2_P09,640,664,740,820,100,156,False
C1_P03_N1_S4_2.JPG,0,C1_P03,1480,192,1604,368,124,176,False
C4_P07_N1_S5_1.JPG,0,C4_P07,1616,1388,1780,1612,164,224,True
C1_P06_N2_S3_3.JPG,0,C1_P06,2856,1680,3108,2008,252,328,True
C4_P08_N2_S3_2.JPG,0,C4_P08,1072,280,1300,596,228,316,False
C2_P07_N2_S4_1.JPG,0,C2_P07,604,932,760,1156,156,224,False
C4_P08_N2_S4_1.JPG,0,C4_P08,640,640,844,924,204,284,False
C4_P08_N1_S4_1.JPG,0,C4_P08,1096,676,1296,984,200,308,False
C3_P02_N2_S2_1.JPG,0,C3_P02,2312,396,2580,752,268,356,True
C2_P09_N1_S7_1.JPG,0,C2_P09,2052,1652,2148,1784,96,132,False
C2_P02_N1_S3_1.JPG,0,C2_P02,348,888,560,1200,212,312,True
C3_P03_N1_S2_2.JPG,0,C3_P03,3316,484,3628,876,312,392,True
C4_P01_N3_S3_1.JPG,0,C4_P01,2256,1660,2448,1924,192,264,True
C2_P07_N1_S6_2.JPG,0,C2_P07,596,600,700,752,104,152,False
C3_P07_N1_S5_1.JPG,0,C3_P07,728,1168,904,1440,176,272,True
C1_P09_N2_S4_1.JPG,0,C1_P09,1044,800,1248,1124,204,324,False
C3_P07_N1_S6_1.JPG,0,C3_P07,740,1860,908,2088,168,228,True
C2_P07_N3_S2_1.JPG,0,C2_P07,296,920,536,1292,240,372,False
C1_P08_N2_S5_1.JPG,0,C1_P08,2020,752,2188,1008,168,256,True
C4_P08_N1_S4_1.JPG,0,C4_P08,1980,1232,2180,1516,200,284,False
C4_P07_N1_S3_1.JPG,0,C4_P07,2156,948,2356,1232,200,284,True
C1_P06_N2_S3_2.JPG,0,C1_P06,1132,1464,1380,1856,248,392,True
C1_P03_N2_S2_1.JPG,0,C1_P03,2112,436,2348,816,236,380,False
C2_P09_N1_S7_2.JPG,0,C2_P09,48,316,144,504,96,188,False
C4_P08_N2_S2_1.JPG,0,C4_P08,2064,944,2296,1276,232,332,False
C3_P04_N2_S4_1.JPG,0,C3_P04,1088,1892,1292,2148,204,256,True
C1_P10_N1_S4_1.JPG,0,C1_P10,348,1820,512,2068,164,248,True
C2_P06_N1_S4_1.JPG,0,C2_P06,956,492,1120,712,164,220,False
C3_P06_N1_S5_1.JPG,0,C3_P06,616,1104,784,1396,168,292,True
C1_P11_N1_S5_1.JPG,0,C1_P11,1592,2024,1760,2300,168,276,True
C3_P03_N4_S2_1.JPG,0,C3_P03,3608,1288,3876,1668,268,380,True
C1_P04_N1_S3_2.JPG,0,C1_P04,820,1664,1048,2000,228,336,True
C1_P10_N1_S3_1.JPG,0,C1_P10,2740,1784,2984,2168,244,384,True
C4_P05_N3_S2_1.JPG,0,C4_P05,2324,788,2540,1116,216,328,True
C1_P09_N3_S4_2.JPG,0,C1_P09,368,780,540,1036,172,256,False
C1_P09_N1_S5_2.JPG,0,C1_P09,920,1384,1084,1612,164,228,False
C1_P07_N1_S3_2.JPG,0,C1_P07,428,736,628,1016,200,280,False
C1_P02_N3_S3_1.JPG,0,C1_P02,980,1116,1304,1632,324,516,True
C3_P03_N3_S3_1.JPG,0,C3_P03,1228,120,1484,564,256,444,True
C3_P06_N2_S3_1.JPG,0,C3_P06,3412,1108,3644,1560,232,452,True
C2_P03_N3_S2_1.JPG,0,C2_P03,1884,960,2200,1464,316,504,True
C4_P07_N2_S3_2.JPG,0,C4_P07,1460,1420,1640,1704,180,284,True
C3_P07_N4_S2_1.JPG,0,C3_P07,3436,500,3824,1064,388,564,True
C4_P02_N2_S4_1.JPG,0,C4_P02,580,48,736,260,156,212,True
C2_P08_N1_S6_1.JPG,0,C2_P08,680,372,800,536,120,164,False
C4_P08_N1_S5_1.JPG,0,C4_P08,1040,1408,1172,1628,132,220,False
C1_P02_N1_S5_1.JPG,0,C1_P02,520,1092,704,1388,184,296,True
C4_P08_N2_S3_1.JPG,0,C4_P08,1240,1268,1472,1656,232,388,False
C3_P07_N4_S2_1.JPG,0,C3_P07,160,1528,540,1988,380,460,True
C1_P03_N1_S4_2.JPG,0,C1_P03,1408,672,1540,852,132,180,False
C1_P10_N1_S3_1.JPG,0,C1_P10,812,284,1016,620,204,336,True
C2_P05_N2_S3_1.JPG,0,C2_P05,500,644,720,944,220,300,True
C2_P06_N2_S4_1.JPG,0,C2_P06,1348,604,1528,848,180,244,False
C4_P05_N1_S5_1.JPG,0,C4_P05,544,1792,712,2040,168,248,True
C1_P04_N2_S3_1.JPG,0,C1_P04,2196,396,2400,744,204,348,True
C1_P04_N3_S3_1.JPG,0,C1_P04,848,1164,1040,1484,192,320,True
C3_P02_N1_S2_1.JPG,0,C3_P02,2788,1224,3044,1600,256,376,True
C1_P02_N1_S3_1.JPG,0,C1_P02,640,944,952,1452,312,508,True
C1_P05_N1_S5_1.JPG,0,C1_P05,1388,144,1568,400,180,256,True
C2_P03_N1_S2_1.JPG,0,C2_P03,1088,1156,1420,1740,332,584,True
C1_P07_N2_S3_2.JPG,0,C1_P07,80,1104,300,1400,220,296,False
C3_P04_N2_S2_1.JPG,0,C3_P04,716,1404,1140,2080,424,676,True
C1_P11_N2_S3_1.JPG,0,C1_P11,2620,860,2812,1172,192,312,True
C2_P07_N3_S3_1.JPG,0,C2_P07,532,728,708,1004,176,276,False
C1_P04_N1_S3_1.JPG,0,C1_P04,2608,1236,2844,1596,236,360,True
C3_P03_N1_S5_1.JPG,0,C3_P03,1520,1160,1672,1388,152,228,True
C1_P09_N4_S4_1.JPG,0,C1_P09,728,1240,912,1528,184,288,False
C1_P03_N1_S4_2.JPG,0,C1_P03,1892,184,2016,360,124,176,False
C3_P06_N1_S5_1.JPG,0,C3_P06,444,1104,616,1396,172,292,True
C2_P04_N3_S3_1.JPG,0,C2_P04,1092,1120,1256,1384,164,264,False
C4_P01_N2_S4_1.JPG,0,C4_P01,1264,1164,1452,1472,188,308,True
C3_P04_N4_S2_1.JPG,0,C3_P04,2884,1724,3256,2268,372,544,True
C3_P04_N1_S4_1.JPG,0,C3_P04,252,1248,464,1556,212,308,True
C1_P08_N2_S5_1.JPG,0,C1_P08,2788,296,2944,580,156,284,True
C3_P02_N2_S3_1.JPG,0,C3_P02,568,1108,824,1476,256,368,True
C2_P06_N2_S4_2.JPG,0,C2_P06,304,72,472,304,168,232,False
C2_P02_N1_S4_1.JPG,0,C2_P02,1724,1504,1884,1744,160,240,True
C1_P03_N1_S3_2.JPG,0,C1_P03,216,220,436,504,220,284,False
C2_P01_N1_S3_1.JPG,0,C2_P01,240,760,376,932,136,172,True
C1_P04_N1_S3_2.JPG,0,C1_P04,180,968,380,1320,200,352,True
C2_P06_N3_S3_1.JPG,0,C2_P06,1540,624,1712,844,172,220,False
C2_P04_N1_S2_1.JPG,0,C2_P04,376,304,564,580,188,276,False
C4_P07_N2_S3_2.JPG,0,C4_P07,2348,872,2528,1164,180,292,True
C3_P01_N4_S2_1.JPG,0,C3_P01,1692,1340,2044,1936,352,596,True
C1_P05_N2_S4_2.JPG,0,C1_P05,2620,1412,2836,1760,216,348,True
C4_P07_N3_S3_1.JPG,0,C4_P07,1056,1408,1244,1708,188,300,True
C4_P08_N2_S3_2.JPG,0,C4_P08,856,268,1084,584,228,316,False
C4_P08_N2_S3_2.JPG,0,C4_P08,180,872,392,1180,212,308,False
C4_P04_N5_S2_1.JPG,0,C4_P04,1896,712,2132,1044,236,332,True
C2_P01_N1_S5_2.JPG,0,C2_P01,1268,1312,1384,1464,116,152,True
C4_P05_N2_S3_1.JPG,0,C4_P05,860,1432,1048,1780,188,348,True
C2_P02_N3_S3_1.JPG,0,C2_P02,1200,1288,1400,1612,200,324,True
C4_P08_N2_S3_1.JPG,0,C4_P08,520,668,752,1028,232,360,False
C1_P11_N1_S4_2.JPG,0,C1_P11,2728,912,2916,1176,188,264,True
C2_P04_N2_S4_1.JPG,0,C2_P04,1944,664,2112,920,168,256,False
C1_P05_N1_S3_1.JPG,0,C1_P05,1064,1276,1300,1588,236,312,True
C3_P07_N1_S6_1.JPG,0,C3_P07,1944,136,2120,408,176,272,True
C2_P06_N1_S4_1.JPG,0,C2_P06,1924,1368,2072,1580,148,212,False
C3_P01_N2_S2_2.JPG,0,C3_P01,380,1672,756,2224,376,552,True
C3_P04_N4_S2_1.JPG,0,C3_P04,92,140,616,944,524,804,True
C1_P08_N2_S4_2.JPG,0,C1_P08,2076,2036,2268,2296,192,260,True
C2_P04_N1_S2_1.JPG,0,C2_P04,2136,884,2328,1168,192,284,False
C1_P10_N3_S3_1.JPG,0,C1_P10,2464,1788,2712,2172,248,384,True
C3_P05_N2_S3_1.JPG,0,C3_P05,2360,436,2592,808,232,372,True
C3_P04_N1_S5_1.JPG,0,C3_P04,920,540,1092,868,172,328,True
C1_P08_N3_S4_1.JPG,0,C1_P08,2300,1420,2520,1764,220,344,True
C1_P08_N2_S5_1.JPG,0,C1_P08,1092,1588,1252,1844,160,256,True
C4_P04_N2_S2_1.JPG,0,C4_P04,244,640,476,1056,232,416,True
C1_P10_N2_S2_1.JPG,0,C1_P10,436,1212,724,1644,288,432,True
C1_P12_N4_S3_1.JPG,0,C1_P12,616,1116,912,1572,296,456,True
C2_P06_N3_S4_1.JPG,0,C2_P06,932,1512,1092,1756,160,244,False
C3_P07_N1_S3_1.JPG,0,C3_P07,3072,1144,3308,1496,236,352,True
C1_P05_N2_S4_1.JPG,0,C1_P05,144,624,364,1008,220,384,True
C1_P05_N2_S4_2.JPG,0,C1_P05,2236,256,2472,568,236,312,True
C2_P08_N3_S3_2.JPG,0,C2_P08,784,680,956,1008,172,328,False
C1_P08_N4_S3_1.JPG,0,C1_P08,612,944,856,1328,244,384,True
C2_P03_N2_S3_1.JPG,0,C2_P03,1984,1300,2160,1720,176,420,True
C3_P07_N2_S4_1.JPG,0,C3_P07,2984,792,3244,1172,260,380,True
C1_P08_N4_S4_1.JPG,0,C1_P08,2284,1568,2476,1904,192,336,True
C2_P05_N2_S5_1.JPG,0,C2_P05,32,52,144,216,112,164,True
C1_P01_N2_S4_1.JPG,0,C1_P01,708,1960,936,2336,228,376,True
C1_P12_N1_S4_1.JPG,0,C1_P12,1420,716,1636,1096,216,380,True
C1_P08_N2_S4_2.JPG,0,C1_P08,532,344,748,688,216,344,True
C1_P05_N1_S4_2.JPG,0,C1_P05,120,692,352,1044,232,352,True
C1_P11_N2_S3_1.JPG,0,C1_P11,1436,868,1644,1204,208,336,True
C4_P04_N1_S3_1.JPG,0,C4_P04,1004,952,1224,1260,220,308,True
C1_P03_N1_S4_2.JPG,0,C1_P03,936,192,1060,368,124,176,False
C4_P02_N2_S3_1.JPG,0,C4_P02,2288,244,2448,544,160,300,True
C1_P01_N1_S3_2.JPG,0,C1_P01,980,84,1248,488,268,404,True
C1_P05_N2_S4_2.JPG,0,C1_P05,2836,2016,3060,2340,224,324,True
C2_P01_N1_S5_1.JPG,0,C2_P01,372,616,484,764,112,148,True
C2_P07_N1_S2_1.JPG,0,C2_P07,0,920,256,1364,256,444,False
C4_P02_N2_S4_1.JPG,0,C4_P02,1516,36,1676,260,160,224,True
C1_P02_N1_S5_1.JPG,0,C1_P02,724,584,920,888,196,304,True
C1_P05_N3_S3_1.JPG,0,C1_P05,84,916,320,1300,236,384,True
C2_P05_N1_S5_1.JPG,0,C2_P05,1256,1592,1380,1740,124,148,True
C3_P02_N2_S4_1.JPG,0,C3_P02,2516,232,2728,548,212,316,True
C2_P02_N3_S2_1.JPG,0,C2_P02,504,268,748,616,244,348,True
C4_P05_N2_S3_1.JPG,0,C4_P05,112,896,304,1236,192,340,True
C2_P05_N1_S5_1.JPG,0,C2_P05,816,1256,944,1432,128,176,True
C4_P02_N1_S3_2.JPG,0,C4_P02,1236,236,1408,460,172,224,True
C2_P05_N3_S3_1.JPG,0,C2_P05,892,708,1100,992,208,284,True
C2_P02_N2_S4_1.JPG,0,C2_P02,132,1588,296,1840,164,252,True
C2_P01_N4_S2_1.JPG,0,C2_P01,860,864,1036,1112,176,248,True
C3_P06_N3_S4_2.JPG,0,C3_P06,1872,856,2048,1224,176,368,True
C1_P08_N4_S4_1.JPG,0,C1_P08,1896,1564,2108,1908,212,344,True
C2_P04_N2_S2_1.JPG,0,C2_P04,1020,240,1204,500,184,260,False
C2_P02_N1_S5_1.JPG,0,C2_P02,408,1480,524,1668,116,188,True
C4_P08_N3_S3_2.JPG,0,C4_P08,1052,1036,1252,1356,200,320,False
C2_P04_N3_S3_1.JPG,0,C2_P04,760,1148,948,1388,188,240,False
C2_P04_N2_S3_1.JPG,0,C2_P04,192,632,380,892,188,260,False
C2_P06_N1_S4_1.JPG,0,C2_P06,1320,932,1484,1152,164,220,False
C3_P01_N1_S5_1.JPG,0,C3_P01,900,320,1080,576,180,256,True
C4_P06_N1_S4_1.JPG,0,C4_P06,1448,1300,1664,1624,216,324,True
C1_P12_N1_S3_1.JPG,0,C1_P12,1228,1020,1504,1436,276,416,True
C1_P03_N1_S4_2.JPG,0,C1_P03,2080,644,2236,860,156,216,False
C4_P03_N1_S4_1.JPG,0,C4_P03,1980,648,2148,888,168,240,True
C2_P04_N3_S2_1.JPG,0,C2_P04,1192,184,1364,496,172,312,False
C3_P05_N1_S4_1.JPG,0,C3_P05,1564,1012,1748,1300,184,288,True
C4_P04_N1_S5_1.JPG,0,C4_P04,1992,1316,2164,1576,172,260,True
C4_P05_N2_S2_1.JPG,0,C4_P05,1532,312,1752,648,220,336,True
C3_P03_N1_S4_1.JPG,0,C3_P03,2524,296,2720,544,196,248,True
C2_P01_N1_S3_1.JPG,0,C2_P01,1636,280,1772,452,136,172,True
C2_P01_N1_S4_1.JPG,0,C2_P01,404,580,524,740,120,160,True
C1_P08_N2_S5_1.JPG,0,C1_P08,1568,1564,1728,1820,160,256,True
C3_P01_N4_S3_1.JPG,0,C3_P01,1784,336,2072,760,288,424,True
C3_P06_N1_S5_1.JPG,0,C3_P06,2892,2032,3088,2352,196,320,True
C4_P05_N2_S4_1.JPG,0,C4_P05,612,204,784,508,172,304,True
C3_P05_N1_S5_1.JPG,0,C3_P05,1660,756,1820,992,160,236,True
C4_P02_N1_S3_2.JPG,0,C4_P02,2120,1556,2296,1816,176,260,True
C4_P07_N3_S3_2.JPG,0,C4_P07,2332,780,2524,1080,192,300,True
C2_P02_N3_S2_1.JPG,0,C2_P02,2016,288,2228,604,212,316,True
C1_P08_N2_S4_2.JPG,0,C1_P08,1924,396,2112,744,188,348,True
C1_P03_N2_S3_2.JPG,0,C1_P03,452,1716,652,1984,200,268,False
C3_P06_N4_S3_1.JPG,0,C3_P06,1228,440,1464,948,236,508,True
C3_P03_N2_S4_1.JPG,0,C3_P03,156,844,332,1104,176,260,True
C3_P05_N1_S4_1.JPG,0,C3_P05,1020,1008,1204,1296,184,288,True
C3_P06_N2_S3_1.JPG,0,C3_P06,3720,420,3980,880,260,460,True
C1_P06_N1_S5_1.JPG,0,C1_P06,2216,1568,2360,1804,144,236,True
C2_P07_N1_S6_2.JPG,0,C2_P07,432,1280,532,1464,100,184,False
C1_P11_N1_S4_2.JPG,0,C1_P11,2252,1892,2392,2224,140,332,True
C4_P05_N4_S2_1.JPG,0,C4_P05,872,188,1052,540,180,352,True
C1_P07_N1_S3_3.JPG,0,C1_P07,1788,960,1992,1256,204,296,False
C2_P04_N1_S5_1.JPG,0,C2_P04,504,1236,624,1412,120,176,False
C1_P05_N1_S5_1.JPG,0,C1_P05,848,1636,1036,1916,188,280,True
C3_P07_N2_S4_1.JPG,0,C3_P07,3024,176,3252,512,228,336,True
C1_P10_N1_S4_1.JPG,0,C1_P10,1540,1852,1704,2100,164,248,True
C1_P11_N2_S3_1.JPG,0,C1_P11,2236,836,2416,1172,180,336,True
C1_P04_N3_S2_1.JPG,0,C1_P04,2484,1268,2728,1640,244,372,True
C4_P04_N1_S5_1.JPG,0,C4_P04,924,1288,1116,1576,192,288,True
C4_P06_N1_S4_1.JPG,0,C4_P06,444,1252,632,1608,188,356,True
C2_P06_N3_S3_1.JPG,0,C2_P06,1392,616,1564,836,172,220,False
C1_P10_N3_S2_2.JPG,0,C1_P10,888,1208,1152,1668,264,460,True
C3_P06_N4_S3_1.JPG,0,C3_P06,712,1252,976,1628,264,376,True
C4_P07_N1_S5_1.JPG,0,C4_P07,784,1808,940,2044,156,236,True
C3_P06_N1_S5_1.JPG,0,C3_P06,960,604,1136,908,176,304,True
C3_P05_N1_S2_1.JPG,0,C3_P05,504,1244,740,1592,236,348,True
C2_P08_N3_S3_1.JPG,0,C2_P08,1216,884,1424,1208,208,324,False
C1_P06_N1_S4_1.JPG,0,C1_P06,360,1388,564,1680,204,292,True
C1_P05_N4_S3_1.JPG,0,C1_P05,512,1468,728,1832,216,364,True
C3_P02_N2_S2_2.JPG,0,C3_P02,364,1332,652,1720,288,388,True
C4_P07_N3_S3_1.JPG,0,C4_P07,1776,1368,1964,1688,188,320,True
C4_P07_N1_S5_1.JPG,0,C4_P07,916,1820,1072,2040,156,220,True
C3_P06_N1_S5_1.JPG,0,C3_P06,824,2040,1008,2292,184,252,True
C1_P03_N1_S2_1.JPG,0,C1_P03,820,380,1036,672,216,292,False
C3_P06_N1_S5_1.JPG,0,C3_P06,1164,2056,1356,2320,192,264,True
C2_P07_N2_S4_1.JPG,0,C2_P07,316,1320,468,1564,152,244,False
C1_P04_N1_S5_1.JPG,0,C1_P04,1980,1636,2144,1896,164,260,True
C3_P01_N1_S4_1.JPG,0,C3_P01,412,1932,596,2208,184,276,True
C1_P01_N3_S2_1.JPG,0,C1_P01,596,52,1040,872,444,820,True
C1_P05_N1_S4_3.JPG,0,C1_P05,2268,860,2484,1192,216,332,True
C3_P05_N3_S3_1.JPG,0,C3_P05,1376,464,1628,852,252,388,True
C2_P01_N1_S3_1.JPG,0,C2_P01,1804,772,1940,944,136,172,True
C3_P06_N3_S4_1.JPG,0,C3_P06,2768,60,3024,504,256,444,True
C4_P02_N4_S2_1.JPG,0,C4_P02,1144,324,1372,648,228,324,True
C1_P12_N4_S2_1.JPG,0,C1_P12,812,1352,1132,1888,320,536,True
C3_P04_N1_S5_1.JPG,0,C3_P04,1492,616,1664,872,172,256,True
C2_P01_N3_S2_1.JPG,0,C2_P01,868,272,1056,516,188,244,True
C2_P01_N2_S3_2.JPG,0,C2_P01,1064,276,1224,464,160,188,True
C3_P07_N2_S3_1.JPG,0,C3_P07,2480,140,2792,592,312,452,True
C1_P08_N3_S4_1.JPG,0,C1_P08,1668,1384,1892,1772,224,388,True
C4_P08_N1_S5_1.JPG,0,C4_P08,1304,1444,1436,1632,132,188,False
C2_P07_N3_S3_1.JPG,0,C2_P07,892,1224,1084,1500,192,276,False
C1_P05_N2_S4_1.JPG,0,C1_P05,1056,660,1276,1024,220,364,True
C1_P06_N1_S4_1.JPG,0,C1_P06,2708,808,2912,1068,204,260,True
C2_P08_N2_S4_1.JPG,0,C2_P08,540,76,692,352,152,276,False
C2_P09_N1_S7_1.JPG,0,C2_P09,1988,700,2088,848,100,148,False
C2_P05_N1_S4_1.JPG,0,C2_P05,1572,204,1732,456,160,252,True
C4_P08_N1_S3_1.JPG,0,C4_P08,140,1588,364,1900,224,312,False
C1_P12_N3_S2_1.JPG,0,C1_P12,888,524,1244,1068,356,544,True
C1_P06_N3_S3_2.JPG,0,C1_P06,1652,508,1884,840,232,332,True
C3_P07_N3_S3_1.JPG,0,C3_P07,1468,1156,1728,1556,260,400,True
C4_P07_N1_S4_2.JPG,0,C4_P07,796,1156,968,1436,172,280,True
C4_P07_N2_S3_2.JPG,0,C4_P07,188,276,372,624,184,348,True
C3_P05_N1_S2_1.JPG,0,C3_P05,1712,1272,1944,1620,232,348,True
C2_P07_N1_S6_2.JPG,0,C2_P07,28,840,132,992,104,152,False
C3_P02_N2_S2_1.JPG,0,C3_P02,2608,1184,2844,1552,236,368,True
C3_P01_N1_S5_2.JPG,0,C3_P01,1304,1220,1468,1492,164,272,True
C1_P12_N1_S5_1.JPG,0,C1_P12,928,2128,1116,2424,188,296,True
C2_P01_N1_S3_1.JPG,0,C2_P01,1364,288,1500,460,136,172,True
C4_P03_N3_S3_2.JPG,0,C4_P03,728,1000,920,1288,192,288,True
C3_P06_N3_S4_1.JPG,0,C3_P06,3252,744,3488,1176,236,432,True
C1_P06_N1_S5_1.JPG,0,C1_P06,824,2108,968,2352,144,244,True
C3_P07_N1_S4_1.JPG,0,C3_P07,536,1984,732,2248,196,264,True
C2_P09_N1_S7_1.JPG,0,C2_P09,1296,680,1396,824,100,144,False
C4_P05_N1_S2_1.JPG,0,C4_P05,504,408,692,676,188,268,True
C4_P04_N2_S4_1.JPG,0,C4_P04,616,64,808,408,192,344,True
C4_P07_N1_S3_2.JPG,0,C4_P07,280,856,464,1208,184,352,True
C4_P08_N3_S3_1.JPG,0,C4_P08,1236,1556,1444,1856,208,300,False
C2_P01_N1_S4_1.JPG,0,C2_P01,956,1384,1076,1552,120,168,True
C1_P02_N3_S3_1.JPG,0,C1_P02,2208,1120,2532,1600,324,480,True
C2_P03_N4_S2_1.JPG,0,C2_P03,2160,1044,2384,1544,224,500,True
C1_P01_N1_S3_2.JPG,0,C1_P01,984,804,1252,1208,268,404,True
C1_P12_N2_S4_1.JPG,0,C1_P12,964,276,1180,612,216,336,True
C1_P06_N1_S4_1.JPG,0,C1_P06,2804,1964,3024,2280,220,316,True
C1_P05_N3_S3_1.JPG,0,C1_P05,320,1524,556,1924,236,400,True
C3_P06_N1_S4_1.JPG,0,C3_P06,1660,1356,1868,1696,208,340,True
C1_P12_N4_S2_1.JPG,0,C1_P12,1504,472,1852,992,348,520,True
C1_P09_N1_S5_2.JPG,0,C1_P09,1976,1076,2140,1296,164,220,False
C1_P08_N3_S4_1.JPG,0,C1_P08,2548,200,2816,564,268,364,True
C4_P03_N3_S3_2.JPG,0,C4_P03,512,1568,724,1892,212,324,True
C4_P05_N2_S3_1.JPG,0,C4_P05,1084,940,1292,1252,208,312,True
C2_P03_N3_S2_1.JPG,0,C2_P03,492,252,784,724,292,472,True
C3_P02_N1_S5_1.JPG,0,C3_P02,780,2068,944,2316,164,248,True
C4_P02_N2_S3_1.JPG,0,C4_P02,528,1588,684,1832,156,244,True
C4_P02_N2_S3_1.JPG,0,C4_P02,1916,296,2096,544,180,248,True
C3_P07_N3_S2_1.JPG,0,C3_P07,892,1504,1204,1940,312,436,True
C4_P03_N2_S4_1.JPG,0,C4_P03,2120,1732,2292,2004,172,272,True
C1_P01_N1_S5_1.JPG,0,C1_P01,1252,2076,1472,2388,220,312,True
C3_P06_N4_S3_1.JPG,0,C3_P06,3908,1124,4212,1600,304,476,True
C3_P01_N2_S3_1.JPG,0,C3_P01,2012,1792,2272,2220,260,428,True
C1_P04_N1_S3_2.JPG,0,C1_P04,2564,1676,2800,2032,236,356,True
C2_P03_N1_S2_1.JPG,0,C2_P03,404,1160,708,1744,304,584,True
C2_P04_N2_S4_1.JPG,0,C2_P04,452,1436,624,1688,172,252,False
C1_P08_N1_S4_1.JPG,0,C1_P08,1976,1436,2188,1760,212,324,True
C2_P02_N3_S3_1.JPG,0,C2_P02,128,756,356,1080,228,324,True
C4_P07_N2_S3_1.JPG,0,C4_P07,1984,248,2192,552,208,304,True
C1_P04_N1_S3_2.JPG,0,C1_P04,3036,984,3224,1324,188,340,True
C2_P02_N2_S4_1.JPG,0,C2_P02,468,680,636,948,168,268,True
C1_P08_N4_S3_1.JPG,0,C1_P08,2344,1516,2544,1872,200,356,True
C3_P06_N3_S3_1.JPG,0,C3_P06,140,1660,428,2068,288,408,True
C3_P07_N3_S2_1.JPG,0,C3_P07,3668,1420,4056,1928,388,508,True
C3_P05_N4_S2_1.JPG,0,C3_P05,2800,432,3076,872,276,440,True
C3_P05_N2_S3_1.JPG,0,C3_P05,3112,432,3344,804,232,372,True
C3_P07_N3_S3_1.JPG,0,C3_P07,1212,1944,1488,2276,276,332,True
C2_P08_N2_S3_2.JPG,0,C2_P08,440,1280,636,1584,196,304,False
C1_P02_N1_S4_1.JPG,0,C1_P02,1596,132,1832,524,236,392,True
C3_P01_N2_S4_1.JPG,0,C3_P01,712,220,920,560,208,340,True
C1_P09_N3_S3_1.JPG,0,C1_P09,1640,116,1796,380,156,264,False
C1_P05_N4_S3_1.JPG,0,C1_P05,2696,888,2892,1244,196,356,True
C2_P05_N1_S4_1.JPG,0,C2_P05,648,1536,800,1752,152,216,True
C1_P01_N2_S4_1.JPG,0,C1_P01,1392,1972,1640,2336,248,364,True
C3_P06_N1_S5_1.JPG,0,C3_P06,752,144,932,420,180,276,True
C3_P01_N4_S3_1.JPG,0,C3_P01,2028,1028,2276,1472,248,444,True
C1_P06_N1_S5_1.JPG,0,C1_P06,1164,1140,1320,1356,156,216,True
C2_P02_N1_S3_1.JPG,0,C2_P02,1176,836,1388,1220,212,384,True
C2_P05_N2_S5_1.JPG,0,C2_P05,296,408,408,572,112,164,True
C2_P06_N2_S3_1.JPG,0,C2_P06,1216,684,1412,924,196,240,False
C3_P05_N2_S4_1.JPG,0,C3_P05,284,108,520,444,236,336,True
C2_P08_N3_S3_1.JPG,0,C2_P08,112,840,332,1220,220,380,False
C3_P05_N2_S2_1.JPG,0,C3_P05,1752,1164,2016,1560,264,396,True
C2_P09_N1_S7_1.JPG,0,C2_P09,840,936,940,1092,100,156,False
C1_P07_N2_S3_1.JPG,0,C1_P07,2660,1084,2864,1380,204,296,False
C1_P09_N2_S4_1.JPG,0,C1_P09,1596,456,1784,716,188,260,False
C3_P07_N2_S4_1.JPG,0,C3_P07,1732,2008,1912,2236,180,228,True
C2_P05_N1_S5_1.JPG,0,C2_P05,1368,1580,1492,1728,124,148,True
C4_P04_N1_S3_1.JPG,0,C4_P04,1864,900,2088,1260,224,360,True
C1_P02_N2_S2_1.JPG,0,C1_P02,1832,672,2092,1256,260,584,True
C3_P02_N3_S3_1.JPG,0,C3_P02,2204,1852,2452,2228,248,376,True
C2_P02_N1_S3_1.JPG,0,C2_P02,152,296,344,624,192,328,True
C4_P07_N2_S3_1.JPG,0,C4_P07,724,820,916,1116,192,296,True
C4_P08_N2_S4_1.JPG,0,C4_P08,312,1176,528,1476,216,300,False
C4_P08_N2_S3_2.JPG,0,C4_P08,416,1468,628,1776,212,308,False
C4_P02_N4_S3_1.JPG,0,C4_P02,184,1424,352,1664,168,240,True
C3_P01_N1_S2_1.JPG,0,C3_P01,2364,504,2744,1084,380,580,True
C2_P05_N2_S3_2.JPG,0,C2_P05,564,796,744,1052,180,256,True
C3_P04_N2_S2_1.JPG,0,C3_P04,160,404,620,1048,460,644,True
C4_P07_N3_S3_2.JPG,0,C4_P07,1792,1292,1976,1608,184,316,True
C3_P06_N3_S4_1.JPG,0,C3_P06,784,1312,1048,1624,264,312,True
C2_P04_N1_S4_1.JPG,0,C2_P04,2032,1088,2204,1336,172,248,False
C1_P06_N2_S3_3.JPG,0,C1_P06,1624,1768,1876,2096,252,328,True
C2_P05_N2_S5_1.JPG,0,C2_P05,732,744,844,908,112,164,True
C3_P02_N2_S2_1.JPG,0,C3_P02,3076,416,3344,772,268,356,True
C4_P05_N2_S4_1.JPG,0,C4_P05,924,1148,1108,1480,184,332,True
C2_P02_N2_S3_1.JPG,0,C2_P02,1160,160,1376,524,216,364,True
C1_P10_N2_S3_1.JPG,0,C1_P10,1156,224,1384,548,228,324,True
C1_P08_N1_S4_1.JPG,0,C1_P08,2796,852,3008,1164,212,312,True
C1_P11_N2_S4_2.JPG,0,C1_P11,1820,1868,2032,2192,212,324,True
C2_P06_N2_S3_1.JPG,0,C2_P06,84,684,280,924,196,240,False
C3_P01_N1_S3_1.JPG,0,C3_P01,1252,1816,1488,2252,236,436,True
C4_P05_N2_S3_1.JPG,0,C4_P05,504,420,712,732,208,312,True
C3_P04_N2_S2_1.JPG,0,C3_P04,300,1496,696,2056,396,560,True
C2_P08_N3_S3_1.JPG,0,C2_P08,548,1464,756,1788,208,324,False
C3_P06_N1_S3_1.JPG,0,C3_P06,344,1176,556,1524,212,348,True
C1_P02_N1_S5_1.JPG,0,C1_P02,1364,1608,1528,1888,164,280,True
C3_P03_N3_S3_1.JPG,0,C3_P03,364,1788,608,2232,244,444,True
C1_P06_N1_S4_1.JPG,0,C1_P06,1736,1392,1940,1684,204,292,True
C1_P07_N1_S3_3.JPG,0,C1_P07,1980,956,2184,1252,204,296,False
C4_P07_N1_S3_1.JPG,0,C4_P07,1080,356,1256,708,176,352,True
C4_P08_N1_S5_1.JPG,0,C4_P08,1688,1440,1820,1632,132,192,False
C3_P05_N1_S4_1.JPG,0,C3_P05,660,1464,844,1788,184,324,True
C4_P07_N1_S3_2.JPG,0,C4_P07,2480,1428,2644,1732,164,304,True
C2_P01_N2_S3_1.JPG,0,C2_P01,2060,1556,2240,1748,180,192,True
C1_P06_N2_S3_3.JPG,0,C1_P06,1380,1716,1632,2044,252,328,True
C3_P07_N1_S5_1.JPG,0,C3_P07,2628,36,2804,308,176,272,True
C2_P01_N2_S4_1.JPG,0,C2_P01,196,272,316,432,120,160,True
C4_P04_N2_S2_1.JPG,0,C4_P04,456,712,688,1060,232,348,True
C3_P05_N3_S2_1.JPG,0,C3_P05,96,388,424,904,328,516,True
C1_P06_N1_S4_2.JPG,0,C1_P06,1916,1464,2112,1744,196,280,True
C3_P05_N3_S2_1.JPG,0,C3_P05,2052,1196,2324,1588,272,392,True
C1_P06_N1_S4_2.JPG,0,C1_P06,1700,2020,1908,2376,208,356,True
C3_P03_N4_S2_1.JPG,0,C3_P03,2736,1216,3004,1676,268,460,True
C3_P04_N2_S4_1.JPG,0,C3_P04,644,696,864,996,220,300,True
C1_P12_N2_S5_1.JPG,0,C1_P12,76,2084,240,2344,164,260,True
C2_P01_N1_S3_1.JPG,0,C2_P01,1940,776,2076,948,136,172,True
C1_P04_N2_S4_1.JPG,0,C1_P04,3016,2052,3212,2376,196,324,True
C3_P06_N3_S4_1.JPG,0,C3_P06,584,1232,824,1588,240,356,True
C1_P03_N2_S3_2.JPG,0,C1_P03,1868,1068,2064,1336,196,268,False
C2_P05_N2_S5_1.JPG,0,C2_P05,844,1016,952,1172,108,156,True
C1_P09_N1_S5_2.JPG,0,C1_P09,1948,1996,2120,2236,172,240,False
C2_P02_N2_S4_1.JPG,0,C2_P02,948,1536,1112,1812,164,276,True
C1_P04_N1_S5_1.JPG,0,C1_P04,856,1636,1020,1896,164,260,True
C1_P06_N1_S4_2.JPG,0,C1_P06,2764,264,2960,544,196,280,True
C4_P07_N2_S3_1.JPG,0,C4_P07,1288,1348,1476,1656,188,308,True
C4_P04_N1_S4_1.JPG,0,C4_P04,1644,344,1836,620,192,276,True
C4_P01_N1_S3_1.JPG,0,C4_P01,2520,224,2724,508,204,284,True
C2_P08_N3_S3_1.JPG,0,C2_P08,996,852,1196,1212,200,360,False
C3_P06_N1_S3_1.JPG,0,C3_P06,1224,580,1436,908,212,328,True
C4_P08_N3_S3_1.JPG,0,C4_P08,352,876,600,1248,248,372,False
C3_P06_N1_S5_1.JPG,0,C3_P06,400,156,568,424,168,268,True
C2_P07_N1_S6_1.JPG,0,C2_P07,536,696,644,836,108,140,False
C1_P05_N3_S4_1.JPG,0,C1_P05,1652,1340,1872,1712,220,372,True
C2_P01_N1_S5_1.JPG,0,C2_P01,324,244,436,392,112,148,True
C4_P01_N2_S4_1.JPG,0,C4_P01,1256,1736,1436,2020,180,284,True
C3_P07_N1_S6_1.JPG,0,C3_P07,2136,128,2312,400,176,272,True
C2_P07_N1_S6_2.JPG,0,C2_P07,784,856,888,1008,104,152,False
C1_P01_N2_S4_1.JPG,0,C1_P01,1132,1968,1380,2332,248,364,True
C2_P03_N1_S5_1.JPG,0,C2_P03,732,1244,876,1472,144,228,True
C3_P06_N3_S4_2.JPG,0,C3_P06,2708,1968,2896,2288,188,320,True
C4_P05_N1_S3_1.JPG,0,C4_P05,1108,1460,1304,1764,196,304,True
C4_P06_N4_S3_1.JPG,0,C4_P06,2172,252,2364,552,192,300,True
C1_P12_N1_S5_1.JPG,0,C1_P12,396,272,568,508,172,236,True
C3_P02_N2_S2_1.JPG,0,C3_P02,2252,1136,2520,1544,268,408,True
C1_P05_N2_S3_1.JPG,0,C1_P05,2732,312,2964,688,232,376,True
C1_P03_N2_S2_1.JPG,0,C1_P03,256,416,464,760,208,344,False
C1_P04_N1_S4_1.JPG,0,C1_P04,1204,704,1384,1052,180,348,True
C4_P08_N2_S3_2.JPG,0,C4_P08,384,884,596,1192,212,308,False
C4_P08_N3_S3_2.JPG,0,C4_P08,560,416,792,736,232,320,False
C3_P05_N2_S4_1.JPG,0,C3_P05,952,148,1168,472,216,324,True
C2_P04_N1_S5_1.JPG,0,C2_P04,1180,908,1300,1104,120,196,False
C3_P04_N2_S4_1.JPG,0,C3_P04,1288,1892,1488,2148,200,256,True
C2_P08_N1_S4_1.JPG,0,C2_P08,1088,908,1244,1168,156,260,False
C1_P05_N2_S3_1.JPG,0,C1_P05,584,876,816,1304,232,428,True
C3_P01_N4_S3_1.JPG,0,C3_P01,400,316,652,760,252,444,True
C3_P01_N3_S2_1.JPG,0,C3_P01,1016,1432,1368,2016,352,584,True
C3_P02_N1_S5_1.JPG,0,C3_P02,80,2080,240,2296,160,216,True
C4_P07_N1_S5_1.JPG,0,C4_P07,208,1404,360,1628,152,224,True
C2_P07_N1_S6_2.JPG,0,C2_P07,124,836,228,988,104,152,False
C1_P02_N1_S5_1.JPG,0,C1_P02,932,96,1132,408,200,312,True
C2_P04_N3_S4_1.JPG,0,C2_P04,1124,1028,1304,1292,180,264,False
C1_P06_N1_S4_2.JPG,0,C1_P06,1160,832,1356,1112,196,280,True
C1_P10_N3_S2_1.JPG,0,C1_P10,2836,480,3116,888,280,408,True
C2_P02_N2_S2_1.JPG,0,C2_P02,224,908,444,1272,220,364,True
C2_P09_N1_S7_2.JPG,0,C2_P09,972,1360,1068,1496,96,136,False
C4_P08_N1_S5_2.JPG,0,C4_P08,272,1420,408,1600,136,180,False
C1_P03_N2_S3_1.JPG,0,C1_P03,1668,1196,1864,1452,196,256,False
C2_P04_N1_S3_1.JPG,0,C2_P04,2160,720,2312,952,152,232,False
C3_P06_N3_S4_1.JPG,0,C3_P06,636,1760,864,2076,228,316,True
C3_P04_N1_S4_1.JPG,0,C3_P04,260,1828,456,2096,196,268,True
C3_P06_N2_S3_1.JPG,0,C3_P06,1856,1136,2084,1524,228,388,True
C3_P04_N1_S5_1.JPG,0,C3_P04,228,2016,384,2268,156,252,True
C3_P07_N4_S2_1.JPG,0,C3_P07,472,516,856,1032,384,516,True
C3_P07_N5_S2_1.JPG,0,C3_P07,2480,512,2788,980,308,468,True
C4_P07_N2_S4_1.JPG,0,C4_P07,632,172,812,492,180,320,True
C1_P02_N3_S3_1.JPG,0,C1_P02,1624,1112,1948,1592,324,480,True
C3_P05_N2_S3_1.JPG,0,C3_P05,2080,1092,2328,1464,248,372,True
C3_P06_N3_S3_1.JPG,0,C3_P06,1636,1752,1884,2112,248,360,True
C1_P06_N3_S3_1.JPG,0,C1_P06,680,108,900,416,220,308,True
C2_P02_N1_S3_1.JPG,0,C2_P02,2304,412,2516,724,212,312,True
C1_P01_N2_S3_1.JPG,0,C1_P01,980,1048,1292,1544,312,496,True
C3_P02_N2_S4_1.JPG,0,C3_P02,1520,2084,1708,2356,188,272,True
C1_P03_N1_S2_1.JPG,0,C1_P03,36,320,252,652,216,332,False
C1_P06_N3_S3_1.JPG,0,C1_P06,456,100,676,408,220,308,True
C4_P07_N2_S3_1.JPG,0,C4_P07,192,784,384,1124,192,340,True
C2_P05_N2_S3_1.JPG,0,C2_P05,2288,720,2508,1020,220,300,True
C3_P02_N3_S2_2.JPG,0,C3_P02,3668,1404,3976,1868,308,464,True
C3_P02_N4_S2_1.JPG,0,C3_P02,3316,1360,3580,1812,264,452,True
C2_P02_N4_S2_1.JPG,0,C2_P02,756,840,984,1208,228,368,True
C1_P02_N2_S2_1.JPG,0,C1_P02,12,1652,352,2236,340,584,True
C2_P09_N1_S7_1.JPG,0,C2_P09,332,364,428,548,96,184,False
C4_P06_N1_S4_1.JPG,0,C4_P06,1704,148,1908,432,204,284,True
C1_P02_N2_S3_1.JPG,0,C1_P02,592,1040,928,1512,336,472,True
C3_P04_N2_S3_1.JPG,0,C3_P04,1408,1784,1700,2240,292,456,True
C2_P08_N1_S4_1.JPG,0,C2_P08,820,560,964,776,144,216,False
C4_P05_N1_S4_1.JPG,0,C4_P05,628,124,800,376,172,252,True
C1_P09_N1_S5_1.JPG,0,C1_P09,1564,2032,1736,2312,172,280,False
C1_P04_N1_S5_2.JPG,0,C1_P04,1188,2076,1316,2276,128,200,True
C2_P01_N1_S5_1.JPG,0,C2_P01,948,1304,1052,1464,104,160,True
C1_P03_N2_S2_1.JPG,0,C1_P03,3016,1168,3252,1540,236,372,False
C2_P01_N2_S4_1.JPG,0,C2_P01,320,272,440,432,120,160,True
C4_P07_N2_S3_2.JPG,0,C4_P07,756,1396,924,1708,168,312,True
C3_P01_N1_S5_2.JPG,0,C3_P01,940,1700,1104,1944,164,244,True
C3_P03_N1_S3_1.JPG,0,C3_P03,3484,308,3740,652,256,344,True
C4_P05_N4_S2_1.JPG,0,C4_P05,488,184,680,520,192,336,True
C1_P01_N1_S3_1.JPG,0,C1_P01,996,1060,1272,1508,276,448,True
C1_P03_N3_S2_1.JPG,0,C1_P03,520,508,744,788,224,280,False
C2_P09_N1_S7_1.JPG,0,C2_P09,1104,1672,1204,1804,100,132,False
C4_P01_N1_S2_1.JPG,0,C4_P01,2524,424,2720,720,196,296,True
C1_P05_N1_S5_1.JPG,0,C1_P05,2044,648,2228,908,184,260,True
C1_P02_N1_S2_1.JPG,0,C1_P02,1168,1404,1532,2052,364,648,True
C2_P09_N1_S7_1.JPG,0,C2_P09,2244,964,2348,1120,104,156,False
C2_P04_N2_S3_1.JPG,0,C2_P04,1416,1104,1588,1348,172,244,False
C1_P12_N3_S3_1.JPG,0,C1_P12,1616,320,1880,708,264,388,True
C1_P12_N1_S5_1.JPG,0,C1_P12,48,2108,220,2404,172,296,True
C2_P05_N2_S5_1.JPG,0,C2_P05,944,1036,1052,1192,108,156,True
C1_P03_N1_S3_2.JPG,0,C1_P03,1700,904,1864,1132,164,228,False
C3_P05_N1_S5_1.JPG,0,C3_P05,1924,188,2092,456,168,268,True
C1_P02_N1_S4_1.JPG,0,C1_P02,1052,2028,1292,2412,240,384,True
C4_P01_N3_S3_1.JPG,0,C4_P01,664,388,860,684,196,296,True
C3_P05_N4_S2_1.JPG,0,C3_P05,3060,1256,3296,1620,236,364,True
C2_P02_N1_S5_1.JPG,0,C2_P02,1260,1484,1356,1676,96,192,True
C1_P04_N1_S5_1.JPG,0,C1_P04,1820,640,1976,896,156,256,True
C3_P03_N1_S5_1.JPG,0,C3_P03,2008,2176,2160,2408,152,232,True
C3_P07_N2_S4_1.JPG,0,C3_P07,1920,1476,2116,1732,196,256,True
C2_P03_N2_S4_1.JPG,0,C2_P03,876,604,1056,908,180,304,True
C4_P03_N3_S3_1.JPG,0,C4_P03,1684,240,1896,556,212,316,True
C2_P01_N2_S2_1.JPG,0,C2_P01,4,924,128,1204,124,280,True
C2_P05_N3_S3_2.JPG,0,C2_P05,1552,1204,1712,1448,160,244,True
C2_P07_N1_S3_1.JPG,0,C2_P07,364,1132,548,1432,184,300,False
C3_P05_N1_S5_1.JPG,0,C3_P05,1456,1212,1640,1448,184,236,True
C4_P01_N2_S4_1.JPG,0,C4_P01,1696,660,1880,920,184,260,True
C4_P07_N3_S3_2.JPG,0,C4_P07,1844,788,2004,1092,160,304,True
C4_P08_N1_S5_1.JPG,0,C4_P08,352,1052,484,1248,132,196,False
C2_P03_N1_S3_1.JPG,0,C2_P03,1316,1452,1588,1876,272,424,True
C2_P05_N2_S5_1.JPG,0,C2_P05,1308,56,1420,220,112,164,True
C2_P02_N3_S3_1.JPG,0,C2_P02,1904,748,2112,1056,208,308,True
C1_P05_N2_S4_2.JPG,0,C1_P05,344,1996,560,2360,216,364,True
C2_P01_N1_S5_2.JPG,0,C2_P01,1352,952,1452,1108,100,156,True
C3_P04_N2_S4_1.JPG,0,C3_P04,1292,1244,1484,1528,192,284,True
C1_P10_N2_S3_1.JPG,0,C1_P10,2332,1788,2592,2164,260,376,True
C3_P06_N3_S3_1.JPG,0,C3_P06,3696,244,3988,776,292,532,True
C4_P05_N1_S3_1.JPG,0,C4_P05,2120,344,2320,612,200,268,True
C3_P01_N2_S3_2.JPG,0,C3_P01,288,1908,528,2336,240,428,True
C3_P03_N1_S4_1.JPG,0,C3_P03,2316,280,2512,528,196,248,True
C3_P03_N2_S4_1.JPG,0,C3_P03,1772,872,1948,1136,176,264,True
C3_P01_N1_S5_2.JPG,0,C3_P01,1176,716,1308,1032,132,316,True
C2_P06_N2_S4_1.JPG,0,C2_P06,44,52,224,296,180,244,False
C1_P11_N1_S4_2.JPG,0,C1_P11,1512,368,1716,652,204,284,True
C1_P06_N1_S5_1.JPG,0,C1_P06,1032,2132,1176,2376,144,244,True
C2_P07_N1_S6_1.JPG,0,C2_P07,240,684,348,824,108,140,False
C1_P05_N1_S3_2.JPG,0,C1_P05,996,388,1208,716,212,328,True
C1_P05_N1_S3_1.JPG,0,C1_P05,2488,676,2700,996,212,320,True
C1_P06_N3_S3_2.JPG,0,C1_P06,420,1192,652,1524,232,332,True
C2_P04_N1_S3_1.JPG,0,C2_P04,1372,680,1532,928,160,248,False
C1_P06_N3_S3_1.JPG,0,C1_P06,2708,1496,2920,1832,212,336,True
C2_P04_N3_S3_1.JPG,0,C2_P04,1756,236,1952,528,196,292,False
C1_P01_N4_S2_1.JPG,0,C1_P01,1380,1376,1772,1972,392,596,True
C1_P12_N1_S4_1.JPG,0,C1_P12,1392,1368,1628,1716,236,348,True
C4_P07_N1_S4_1.JPG,0,C4_P07,1932,1716,2144,2004,212,288,True
C2_P06_N2_S4_1.JPG,0,C2_P06,588,1092,760,1324,172,232,False
C1_P02_N1_S5_1.JPG,0,C1_P02,1040,1600,1224,1892,184,292,True
C1_P08_N4_S4_1.JPG,0,C1_P08,376,2136,616,2448,240,312,True
C1_P12_N2_S5_1.JPG,0,C1_P12,568,1684,732,1928,164,244,True
C1_P02_N3_S3_1.JPG,0,C1_P02,2152,208,2400,724,248,516,True
C3_P03_N3_S3_1.JPG,0,C3_P03,2044,1776,2272,2176,228,400,True
C1_P10_N1_S5_1.JPG,0,C1_P10,560,1968,716,2248,156,280,True
C2_P03_N3_S3_1.JPG,0,C2_P03,1400,180,1660,568,260,388,True
C3_P07_N1_S5_1.JPG,0,C3_P07,2292,1632,2460,1900,168,268,True
C1_P04_N1_S5_2.JPG,0,C1_P04,1584,1232,1724,1452,140,220,True
C4_P03_N2_S3_2.JPG,0,C4_P03,2268,1432,2460,1748,192,316,True
C2_P08_N1_S6_1.JPG,0,C2_P08,472,648,584,824,112,176,False
C1_P10_N1_S3_1.JPG,0,C1_P10,132,1024,364,1388,232,364,True
C4_P02_N2_S4_1.JPG,0,C4_P02,1248,1700,1392,1952,144,252,True
C2_P09_N1_S7_1.JPG,0,C2_P09,540,928,640,1084,100,156,False
C2_P01_N1_S3_1.JPG,0,C2_P01,1204,1240,1356,1424,152,184,True
C3_P01_N1_S4_1.JPG,0,C3_P01,376,1392,588,1692,212,300,True
C2_P05_N2_S5_1.JPG,0,C2_P05,60,412,172,576,112,164,True
C1_P06_N1_S3_2.JPG,0,C1_P06,2120,1088,2348,1392,228,304,True
C1_P05_N4_S3_1.JPG,0,C1_P05,1388,880,1600,1248,212,368,True
C2_P06_N1_S3_1.JPG,0,C2_P06,608,672,804,916,196,244,False
C1_P10_N1_S5_1.JPG,0,C1_P10,1304,2020,1460,2300,156,280,True
C2_P07_N1_S6_1.JPG,0,C2_P07,240,948,340,1096,100,148,False
C1_P08_N2_S4_1.JPG,0,C1_P08,1248,164,1520,520,272,356,True
C3_P03_N3_S2_1.JPG,0,C3_P03,136,536,452,976,316,440,True
C3_P05_N1_S4_1.JPG,0,C3_P05,1636,376,1820,648,184,272,True
C2_P05_N1_S4_1.JPG,0,C2_P05,664,172,824,424,160,252,True
C1_P08_N3_S4_1.JPG,0,C1_P08,1452,1376,1692,1788,240,412,True
C1_P10_N1_S3_1.JPG,0,C1_P10,2196,1784,2440,2168,244,384,True
C4_P05_N1_S3_1.JPG,0,C4_P05,1720,332,1920,600,200,268,True
C4_P06_N1_S4_1.JPG,0,C4_P06,1312,144,1516,428,204,284,True
C3_P04_N1_S5_1.JPG,0,C3_P04,916,1052,1088,1304,172,252,True
C3_P04_N2_S4_1.JPG,0,C3_P04,1888,1860,2060,2116,172,256,True
C1_P05_N1_S4_1.JPG,0,C1_P05,2092,2028,2316,2388,224,360,True
C3_P07_N1_S5_1.JPG,0,C3_P07,2456,1096,2664,1428,208,332,True
C3_P05_N2_S2_1.JPG,0,C3_P05,1252,468,1508,852,256,384,True
C1_P03_N1_S3_1.JPG,0,C1_P03,2696,244,2888,560,192,316,False
C3_P01_N1_S5_1.JPG,0,C3_P01,124,1716,284,1968,160,252,True
C2_P02_N1_S5_1.JPG,0,C2_P02,608,272,724,472,116,200,True
C3_P06_N4_S3_1.JPG,0,C3_P06,3056,384,3304,904,248,520,True
C3_P03_N1_S5_1.JPG,0,C3_P03,2096,664,2248,880,152,216,True
C1_P01_N2_S2_1.JPG,0,C1_P01,1492,40,1952,760,460,720,True
C2_P04_N2_S3_1.JPG,0,C2_P04,700,188,888,452,188,264,False
C1_P11_N1_S3_2.JPG,0,C1_P11,1524,1648,1744,1980,220,332,True
C2_P03_N1_S5_1.JPG,0,C2_P03,736,1552,844,1800,108,248,True
C1_P03_N1_S2_2.JPG,0,C1_P03,1300,268,1508,548,208,280,False
C1_P10_N3_S2_2.JPG,0,C1_P10,1420,1268,1684,1672,264,404,True
C3_P04_N2_S4_1.JPG,0,C3_P04,1992,196,2192,520,200,324,True
C4_P03_N3_S3_2.JPG,0,C4_P03,2352,1624,2556,1916,204,292,True
C2_P01_N3_S2_1.JPG,0,C2_P01,1816,292,2004,536,188,244,True
C4_P08_N2_S3_2.JPG,0,C4_P08,204,264,432,580,228,316,False
C1_P10_N2_S3_1.JPG,0,C1_P10,16,260,244,584,228,324,True
C2_P02_N1_S2_1.JPG,0,C2_P02,1144,472,1384,840,240,368,True
C3_P05_N3_S3_1.JPG,0,C3_P05,3148,404,3384,860,236,456,True
C1_P10_N2_S4_1.JPG,0,C1_P10,1692,1472,1880,1728,188,256,True
C3_P06_N1_S5_1.JPG,0,C3_P06,1804,1552,1948,1868,144,316,True
C3_P06_N2_S3_2.JPG,0,C3_P06,308,1660,528,2064,220,404,True
C3_P03_N1_S2_1.JPG,0,C3_P03,3440,1384,3732,1832,292,448,True
C1_P06_N1_S4_2.JPG,0,C1_P06,2464,2012,2672,2344,208,332,True
C2_P02_N1_S2_1.JPG,0,C2_P02,1392,1088,1620,1412,228,324,True
C1_P08_N3_S4_2.JPG,0,C1_P08,1336,1436,1524,1784,188,348,True
C2_P07_N1_S6_1.JPG,0,C2_P07,108,380,216,560,108,180,False
C4_P07_N1_S3_1.JPG,0,C4_P07,1992,1520,2184,1820,192,300,True
C3_P04_N2_S3_1.JPG,0,C3_P04,2060,1140,2364,1560,304,420,True
C3_P04_N2_S3_1.JPG,0,C3_P04,2656,1852,2920,2232,264,380,True
C3_P06_N1_S3_1.JPG,0,C3_P06,1236,1164,1452,1528,216,364,True
C3_P05_N2_S4_1.JPG,0,C3_P05,2652,1348,2852,1652,200,304,True
C2_P07_N3_S2_1.JPG,0,C2_P07,52,252,292,624,240,372,False
C3_P04_N2_S2_1.JPG,0,C3_P04,3356,492,3776,1108,420,616,True
C2_P03_N2_S3_1.JPG,0,C2_P03,416,808,648,1200,232,392,True
C2_P07_N1_S6_1.JPG,0,C2_P07,116,92,216,300,100,208,False
C2_P04_N1_S3_1.JPG,0,C2_P04,580,648,740,896,160,248,False
C3_P02_N3_S3_1.JPG,0,C3_P02,1700,288,1964,728,264,440,True
C1_P06_N3_S3_1.JPG,0,C1_P06,1872,1492,2084,1832,212,340,True
C1_P10_N2_S2_1.JPG,0,C1_P10,1328,380,1580,752,252,372,True
C4_P04_N1_S5_1.JPG,0,C4_P04,1108,148,1276,404,168,256,True
C4_P07_N1_S5_1.JPG,0,C4_P07,920,528,1068,784,148,256,True
C4_P03_N1_S4_1.JPG,0,C4_P03,2232,1672,2400,1960,168,288,True
C4_P05_N2_S3_1.JPG,0,C4_P05,1488,944,1696,1256,208,312,True
C4_P07_N1_S4_2.JPG,0,C4_P07,2296,1608,2468,1892,172,284,True
C3_P05_N1_S3_1.JPG,0,C3_P05,748,428,1016,764,268,336,True
C3_P06_N3_S4_1.JPG,0,C3_P06,1956,64,2188,492,232,428,True
C4_P05_N1_S3_1.JPG,0,C4_P05,904,1464,1100,1768,196,304,True
C2_P05_N2_S2_1.JPG,0,C2_P05,2140,80,2360,380,220,300,True
C1_P06_N2_S3_3.JPG,0,C1_P06,204,1784,456,2112,252,328,True
C1_P12_N3_S3_1.JPG,0,C1_P12,1356,1012,1620,1400,264,388,True
C1_P04_N2_S3_1.JPG,0,C1_P04,236,412,444,748,208,336,True
C4_P04_N1_S4_1.JPG,0,C4_P04,1468,1188,1668,1484,200,296,True
C1_P11_N1_S4_2.JPG,0,C1_P11,1172,896,1392,1180,220,284,True
C3_P05_N1_S3_1.JPG,0,C3_P05,1928,1120,2128,1428,200,308,True
C1_P08_N3_S4_2.JPG,0,C1_P08,2568,1960,2772,2272,204,312,True
C1_P05_N1_S3_2.JPG,0,C1_P05,92,1592,324,1992,232,400,True
C2_P08_N2_S4_1.JPG,0,C2_P08,1252,928,1400,1148,148,220,False
C3_P06_N1_S3_2.JPG,0,C3_P06,3012,1680,3224,2116,212,436,True
C2_P05_N2_S5_1.JPG,0,C2_P05,300,716,412,880,112,164,True
C1_P02_N3_S3_1.JPG,0,C1_P02,2768,1108,3068,1588,300,480,True
C1_P08_N3_S4_1.JPG,0,C1_P08,2932,784,3156,1160,224,376,True
C4_P08_N3_S3_2.JPG,0,C4_P08,336,1576,568,1912,232,336,False
C1_P06_N1_S5_1.JPG,0,C1_P06,2032,1136,2188,1352,156,216,True
C1_P09_N3_S4_2.JPG,0,C1_P09,1428,748,1600,1004,172,256,False
C4_P05_N2_S4_1.JPG,0,C4_P05,1848,1196,2048,1500,200,304,True
C3_P04_N3_S2_1.JPG,0,C3_P04,1188,1632,1576,2176,388,544,True
C1_P12_N2_S3_1.JPG,0,C1_P12,168,436,424,812,256,376,True
C1_P09_N1_S5_1.JPG,0,C1_P09,892,868,1080,1152,188,284,False
C3_P03_N4_S2_1.JPG,0,C3_P03,3024,1300,3292,1680,268,380,True
C1_P10_N3_S3_1.JPG,0,C1_P10,56,932,304,1308,248,376,True
C2_P06_N1_S5_1.JPG,0,C2_P06,412,804,540,968,128,164,False
C1_P08_N1_S4_1.JPG,0,C1_P08,424,772,640,1132,216,360,True
C4_P02_N2_S3_1.JPG,0,C4_P02,2484,240,2656,552,172,312,True
C1_P11_N1_S5_1.JPG,0,C1_P11,912,1636,1080,1888,168,252,True
C1_P03_N1_S3_1.JPG,0,C1_P03,196,1632,380,1904,184,272,False
C1_P04_N2_S4_1.JPG,0,C1_P04,1448,1424,1636,1776,188,352,True
C1_P04_N1_S5_1.JPG,0,C1_P04,2288,112,2448,372,160,260,True
C4_P05_N1_S4_1.JPG,0,C4_P05,1348,104,1548,380,200,276,True
C4_P03_N2_S4_1.JPG,0,C4_P03,664,1724,848,2012,184,288,True
C3_P07_N1_S4_1.JPG,0,C3_P07,1504,2008,1700,2272,196,264,True
C2_P03_N1_S5_1.JPG,0,C2_P03,464,1596,596,1804,132,208,True
C1_P09_N3_S3_1.JPG,0,C1_P09,1592,472,1784,728,192,256,False
C4_P02_N4_S3_1.JPG,0,C4_P02,1412,316,1588,580,176,264,True
C3_P06_N2_S3_1.JPG,0,C3_P06,1100,488,1336,896,236,408,True
C3_P03_N1_S5_1.JPG,0,C3_P03,1996,1660,2148,1896,152,236,True
C4_P08_N2_S2_1.JPG,0,C4_P08,592,268,840,616,248,348,False
C1_P09_N2_S4_1.JPG,0,C1_P09,2300,480,2476,732,176,252,False
C4_P08_N1_S4_1.JPG,0,C4_P08,2384,92,2576,436,192,344,False
C4_P06_N1_S3_1.JPG,0,C4_P06,296,944,488,1288,192,344,True
C1_P09_N3_S4_2.JPG,0,C1_P09,1596,1060,1768,1316,172,256,False
C3_P05_N1_S4_1.JPG,0,C3_P05,1748,1004,1932,1292,184,288,True
C1_P03_N2_S2_1.JPG,0,C1_P03,496,420,704,764,208,344,False
C2_P09_N1_S7_2.JPG,0,C2_P09,1064,88,1168,252,104,164,False
C4_P08_N1_S2_1.JPG,0,C4_P08,336,1272,592,1616,256,344,False
C4_P03_N2_S4_1.JPG,0,C4_P03,1708,656,1884,928,176,272,True
C1_P12_N2_S4_1.JPG,0,C1_P12,1412,892,1632,1224,220,332,True
C2_P09_N1_S7_2.JPG,0,C2_P09,1900,880,1992,1028,92,148,False
C3_P02_N3_S2_1.JPG,0,C3_P02,2580,496,2888,992,308,496,True
C1_P06_N1_S4_2.JPG,0,C1_P06,2820,2052,3020,2336,200,284,True
C4_P05_N1_S4_1.JPG,0,C4_P05,556,1608,740,1944,184,336,True
C4_P07_N3_S3_1.JPG,0,C4_P07,896,848,1068,1152,172,304,True
C2_P02_N3_S2_1.JPG,0,C2_P02,292,888,520,1228,228,340,True
C2_P04_N1_S5_1.JPG,0,C2_P04,1440,232,1560,420,120,188,False
C3_P01_N4_S2_1.JPG,0,C3_P01,1300,1320,1652,1916,352,596,True
C1_P03_N1_S4_1.JPG,0,C1_P03,1756,888,1920,1112,164,224,False
C2_P01_N2_S4_1.JPG,0,C2_P01,1376,300,1496,460,120,160,True
C4_P04_N4_S2_1.JPG,0,C4_P04,2052,664,2300,1064,248,400,True
C2_P01_N1_S5_1.JPG,0,C2_P01,168,604,280,752,112,148,True
C2_P06_N1_S4_1.JPG,0,C2_P06,664,12,828,232,164,220,False
C1_P06_N2_S3_1.JPG,0,C1_P06,1464,1776,1688,2168,224,392,True
C1_P03_N1_S3_2.JPG,0,C1_P03,752,280,928,500,176,220,False
C3_P04_N3_S2_1.JPG,0,C3_P04,300,1552,708,2156,408,604,True
C4_P04_N2_S4_1.JPG,0,C4_P04,608,560,816,864,208,304,True
C3_P01_N1_S3_1.JPG,0,C3_P01,496,1856,780,2244,284,388,True
C1_P06_N3_S3_1.JPG,0,C1_P06,1664,812,1860,1132,196,320,True
C1_P11_N1_S4_2.JPG,0,C1_P11,988,1936,1168,2268,180,332,True
C1_P08_N4_S3_1.JPG,0,C1_P08,80,248,360,688,280,440,True
C4_P02_N4_S3_1.JPG,0,C4_P02,1080,1528,1236,1728,156,200,True
C1_P06_N2_S3_2.JPG,0,C1_P06,1736,780,1964,1108,228,328,True
C4_P07_N1_S4_1.JPG,0,C4_P07,156,72,324,348,168,276,True
C3_P02_N1_S5_1.JPG,0,C3_P02,440,2024,608,2280,168,256,True
C1_P12_N2_S4_1.JPG,0,C1_P12,740,1488,960,1820,220,332,True
C3_P07_N1_S3_1.JPG,0,C3_P07,544,344,824,720,280,376,True
C4_P03_N2_S3_1.JPG,0,C4_P03,1644,728,1828,1004,184,276,True
C4_P05_N2_S4_1.JPG,0,C4_P05,1712,700,1904,1000,192,300,True
C3_P07_N1_S5_1.JPG,0,C3_P07,1628,2156,1796,2372,168,216,True
C2_P08_N1_S6_2.JPG,0,C2_P08,256,1264,368,1432,112,168,False
C2_P06_N2_S4_2.JPG,0,C2_P06,1476,1348,1620,1556,144,208,False
C4_P01_N3_S3_1.JPG,0,C4_P01,40,1016,236,1284,196,268,True
C1_P12_N2_S4_1.JPG,0,C1_P12,304,292,520,628,216,336,True
C1_P05_N2_S4_2.JPG,0,C1_P05,2004,1412,2220,1760,216,348,True
C2_P01_N3_S2_1.JPG,0,C2_P01,520,284,708,528,188,244,True
C3_P06_N3_S3_1.JPG,0,C3_P06,2568,1008,2780,1468,212,460,True
C4_P07_N3_S3_1.JPG,0,C4_P07,1416,1372,1604,1692,188,320,True
C2_P01_N3_S2_1.JPG,0,C2_P01,1168,284,1356,528,188,244,True
C1_P12_N1_S4_1.JPG,0,C1_P12,100,768,316,1080,216,312,True
C1_P04_N1_S5_2.JPG,0,C1_P04,1444,1212,1580,1444,136,232,True
C1_P09_N2_S4_1.JPG,0,C1_P09,680,820,880,1132,200,312,False
C2_P03_N1_S5_1.JPG,0,C2_P03,640,904,792,1132,152,228,True
C4_P06_N1_S3_1.JPG,0,C4_P06,1908,980,2132,1292,224,312,True
C1_P08_N2_S4_2.JPG,0,C1_P08,1540,1984,1724,2328,184,344,True
C4_P05_N1_S5_1.JPG,0,C4_P05,1836,1808,2004,2096,168,288,True
C3_P06_N4_S3_1.JPG,0,C3_P06,3004,1156,3276,1616,272,460,True
C3_P06_N1_S5_1.JPG,0,C3_P06,2068,2060,2256,2352,188,292,True
C1_P06_N1_S4_1.JPG,0,C1_P06,1924,1396,2128,1688,204,292,True
C4_P02_N2_S4_1.JPG,0,C4_P02,2168,4,2316,272,148,268,True
C2_P03_N1_S3_1.JPG,0,C2_P03,508,1460,780,1884,272,424,True
C1_P12_N2_S5_1.JPG,0,C1_P12,44,720,204,1036,160,316,True
C1_P05_N1_S4_1.JPG,0,C1_P05,2920,836,3132,1160,212,324,True
C1_P08_N2_S3_1.JPG,0,C1_P08,2408,368,2620,716,212,348,True
C3_P05_N1_S3_1.JPG,0,C3_P05,2128,1592,2344,1984,216,392,True
C2_P01_N2_S4_1.JPG,0,C2_P01,908,300,1028,460,120,160,True
C1_P11_N2_S4_1.JPG,0,C1_P11,1568,2052,1812,2408,244,356,True
C2_P04_N1_S4_1.JPG,0,C2_P04,24,156,200,416,176,260,False
C1_P06_N1_S5_1.JPG,0,C1_P06,1332,2088,1476,2364,144,276,True
C3_P06_N1_S3_1.JPG,0,C3_P06,2188,552,2400,880,212,328,True
C3_P06_N1_S3_2.JPG,0,C3_P06,2796,1000,2976,1432,180,432,True
C2_P06_N1_S5_1.JPG,0,C2_P06,1348,1480,1472,1660,124,180,False
C2_P01_N1_S5_2.JPG,0,C2_P01,1292,616,1388,760,96,144,True
C1_P08_N3_S3_1.JPG,0,C1_P08,2084,1500,2292,1848,208,348,True
C2_P04_N1_S4_1.JPG,0,C2_P04,1712,1096,1884,1344,172,248,False
C3_P07_N2_S4_1.JPG,0,C3_P07,620,816,860,1152,240,336,True
C1_P06_N3_S3_2.JPG,0,C1_P06,1148,1864,1380,2236,232,372,True
C3_P01_N1_S4_1.JPG,0,C3_P01,772,1936,1000,2220,228,284,True
C4_P06_N2_S3_1.JPG,0,C4_P06,916,848,1116,1160,200,312,True
C2_P04_N3_S4_1.JPG,0,C2_P04,1068,596,1252,872,184,276,False
C2_P01_N2_S3_1.JPG,0,C2_P01,772,380,940,612,168,232,True
C2_P05_N1_S5_1.JPG,0,C2_P05,464,1556,588,1740,124,184,True
C2_P02_N1_S5_1.JPG,0,C2_P02,68,1212,184,1380,116,168,True
C1_P08_N2_S5_1.JPG,0,C1_P08,1740,300,1900,560,160,260,True
C4_P07_N2_S4_1.JPG,0,C4_P07,1288,1700,1460,1984,172,284,True
C3_P06_N1_S3_2.JPG,0,C3_P06,760,1068,984,1440,224,372,True
C3_P06_N3_S4_2.JPG,0,C3_P06,1752,264,2000,664,248,400,True
C1_P04_N4_S2_1.JPG,0,C1_P04,1144,1064,1408,1472,264,408,True
C2_P07_N2_S4_1.JPG,0,C2_P07,4,516,172,740,168,224,False
C2_P09_N1_S7_2.JPG,0,C2_P09,72,868,168,1012,96,144,False
C2_P07_N1_S6_1.JPG,0,C2_P07,344,956,444,1104,100,148,False
C2_P04_N1_S3_1.JPG,0,C2_P04,424,1088,576,1320,152,232,False
C1_P09_N3_S3_1.JPG,0,C1_P09,1288,820,1480,1076,192,256,False
C1_P11_N1_S4_2.JPG,0,C1_P11,1516,1444,1704,1724,188,280,True
C3_P01_N1_S2_1.JPG,0,C3_P01,852,1596,1232,2236,380,640,True
C2_P06_N3_S3_1.JPG,0,C2_P06,776,604,948,828,172,224,False
C4_P07_N1_S5_1.JPG,0,C4_P07,1480,136,1620,352,140,216,True
C1_P11_N2_S4_1.JPG,0,C1_P11,2764,2008,2984,2340,220,332,True
C3_P01_N1_S3_1.JPG,0,C3_P01,492,340,740,688,248,348,True
C1_P11_N1_S4_1.JPG,0,C1_P11,2932,2000,3176,2352,244,352,True
C1_P12_N2_S3_1.JPG,0,C1_P12,1184,1148,1440,1552,256,404,True
C1_P08_N4_S3_1.JPG,0,C1_P08,1508,904,1744,1292,236,388,True
C3_P07_N1_S5_1.JPG,0,C3_P07,1312,2164,1480,2380,168,216,True
C1_P05_N1_S3_2.JPG,0,C1_P05,2496,956,2720,1316,224,360,True
C4_P07_N2_S3_2.JPG,0,C4_P07,2324,1392,2520,1692,196,300,True
C2_P01_N1_S5_1.JPG,0,C2_P01,1116,252,1228,400,112,148,True
C1_P09_N3_S4_2.JPG,0,C1_P09,364,104,536,344,172,240,False
C1_P10_N3_S2_2.JPG,0,C1_P10,352,424,616,816,264,392,True
C2_P09_N1_S7_2.JPG,0,C2_P09,576,1556,672,1704,96,148,False
C3_P01_N4_S3_1.JPG,0,C3_P01,1228,332,1516,756,288,424,True
C4_P07_N2_S3_1.JPG,0,C4_P07,1628,1352,1816,1660,188,308,True
C1_P04_N3_S2_1.JPG,0,C1_P04,1516,1216,1780,1668,264,452,True
C2_P08_N2_S3_1.JPG,0,C2_P08,780,1396,980,1760,200,364,False
C1_P06_N1_S4_1.JPG,0,C1_P06,2052,2024,2260,2332,208,308,True
C2_P09_N1_S7_2.JPG,0,C2_P09,672,1544,768,1692,96,148,False
C2_P05_N1_S3_1.JPG,0,C2_P05,2072,1288,2256,1548,184,260,True
C4_P04_N4_S2_1.JPG,0,C4_P04,188,112,440,560,252,448,True
C1_P08_N3_S3_1.JPG,0,C1_P08,1680,1464,1896,1884,216,420,True
C4_P05_N3_S2_1.JPG,0,C4_P05,1720,748,1888,1104,168,356,True
C3_P05_N1_S3_1.JPG,0,C3_P05,1488,1672,1688,1976,200,304,True
C1_P04_N1_S3_1.JPG,0,C1_P04,996,460,1204,844,208,384,True
C1_P09_N2_S6_1.JPG,0,C1_P09,2188,132,2356,380,168,248,False
C4_P05_N2_S2_1.JPG,0,C4_P05,1340,280,1560,644,220,364,True
C4_P05_N1_S4_1.JPG,0,C4_P05,1096,1676,1296,1968,200,292,True
C2_P06_N3_S3_1.JPG,0,C2_P06,776,116,952,348,176,232,False
C2_P04_N1_S3_1.JPG,0,C2_P04,1684,672,1828,936,144,264,False
C2_P09_N1_S7_2.JPG,0,C2_P09,404,1556,500,1704,96,148,False
C1_P03_N2_S3_2.JPG,0,C1_P03,2140,1764,2324,2056,184,292,False
C2_P08_N1_S6_1.JPG,0,C2_P08,52,1216,164,1368,112,152,False
C1_P02_N2_S2_1.JPG,0,C1_P02,2264,1596,2544,2180,280,584,True
C2_P03_N1_S2_1.JPG,0,C2_P03,2152,1128,2416,1692,264,564,True
C4_P04_N1_S2_1.JPG,0,C4_P04,948,1032,1180,1364,232,332,True
C1_P11_N2_S4_3.JPG,0,C1_P11,2064,260,2264,560,200,300,True
C4_P04_N1_S5_1.JPG,0,C4_P04,2172,1320,2344,1580,172,260,True
C2_P08_N1_S6_1.JPG,0,C2_P08,472,920,572,1096,100,176,False
C3_P04_N2_S4_1.JPG,0,C3_P04,1568,164,1768,488,200,324,True
C4_P03_N3_S3_2.JPG,0,C4_P03,984,1576,1176,1916,192,340,True
C2_P02_N2_S3_1.JPG,0,C2_P02,528,1336,756,1668,228,332,True
C2_P08_N1_S3_2.JPG,0,C2_P08,240,264,460,604,220,340,False
C2_P01_N3_S3_1.JPG,0,C2_P01,264,600,416,824,152,224,True
C1_P04_N1_S5_1.JPG,0,C1_P04,2444,108,2604,368,160,260,True
C2_P03_N2_S4_1.JPG,0,C2_P03,1064,620,1244,908,180,288,True
C2_P09_N1_S7_2.JPG,0,C2_P09,124,1088,196,1236,72,148,False
C1_P05_N1_S4_2.JPG,0,C1_P05,1020,112,1244,432,224,320,True
C1_P08_N2_S5_1.JPG,0,C1_P08,2176,744,2344,1000,168,256,True
C2_P01_N2_S3_1.JPG,0,C2_P01,1904,1560,2084,1752,180,192,True
C1_P12_N2_S2_1.JPG,0,C1_P12,288,436,636,948,348,512,True
C1_P03_N2_S3_1.JPG,0,C1_P03,524,1156,720,1424,196,268,False
C4_P07_N3_S3_2.JPG,0,C4_P07,576,1340,780,1624,204,284,True
C4_P02_N1_S3_1.JPG,0,C4_P02,44,796,236,1076,192,280,True
C2_P01_N1_S4_1.JPG,0,C2_P01,1188,1372,1308,1552,120,180,True
C4_P07_N2_S4_1.JPG,0,C4_P07,1972,1216,2144,1484,172,268,True
C2_P04_N1_S3_1.JPG,0,C2_P04,1372,252,1532,492,160,240,False
C1_P05_N3_S3_1.JPG,0,C1_P05,1004,948,1240,1300,236,352,True
C1_P12_N1_S5_1.JPG,0,C1_P12,904,248,1076,484,172,236,True
C3_P06_N1_S3_1.JPG,0,C3_P06,2460,1128,2656,1532,196,404,True
C1_P09_N3_S4_2.JPG,0,C1_P09,832,412,1004,668,172,256,False
C2_P04_N1_S2_1.JPG,0,C2_P04,2128,388,2304,664,176,276,False
C1_P09_N2_S6_1.JPG,0,C1_P09,644,820,832,1124,188,304,False
C1_P08_N3_S4_2.JPG,0,C1_P08,940,1440,1148,1796,208,356,True
C1_P09_N2_S4_1.JPG,0,C1_P09,1400,468,1596,740,196,272,False
C2_P05_N2_S5_1.JPG,0,C2_P05,168,412,280,576,112,164,True
C4_P04_N1_S4_1.JPG,0,C4_P04,436,728,644,1040,208,312,True
C4_P01_N2_S4_1.JPG,0,C4_P01,888,656,1072,916,184,260,True
C2_P05_N2_S3_2.JPG,0,C2_P05,1724,1308,1908,1580,184,272,True
C4_P08_N1_S5_2.JPG,0,C4_P08,1200,288,1340,484,140,196,False
C1_P10_N2_S3_1.JPG,0,C1_P10,236,256,464,580,228,324,True
C3_P06_N4_S3_1.JPG,0,C3_P06,1792,1224,2064,1624,272,400,True
C2_P07_N1_S6_2.JPG,0,C2_P07,320,852,424,1004,104,152,False
C1_P04_N1_S3_2.JPG,0,C1_P04,2784,1676,3020,2032,236,356,True
C2_P06_N3_S4_1.JPG,0,C2_P06,1428,624,1608,880,180,256,False
C4_P06_N1_S3_1.JPG,0,C4_P06,332,404,516,692,184,288,True
C3_P03_N2_S4_1.JPG,0,C3_P03,340,848,516,1108,176,260,True
C2_P06_N2_S4_2.JPG,0,C2_P06,1376,964,1520,1160,144,196,False
C3_P06_N1_S5_1.JPG,0,C3_P06,584,156,752,424,168,268,True
C2_P01_N1_S5_2.JPG,0,C2_P01,476,1660,592,1812,116,152,True
C2_P03_N3_S2_1.JPG,0,C2_P03,208,244,500,716,292,472,True
C2_P01_N2_S3_1.JPG,0,C2_P01,436,360,604,592,168,232,True
C2_P06_N2_S4_2.JPG,0,C2_P06,1608,84,1756,316,148,232,False
C3_P01_N2_S3_1.JPG,0,C3_P01,188,1068,444,1472,256,404,True
C4_P02_N1_S3_2.JPG,0,C4_P02,232,244,392,464,160,220,True
C2_P01_N1_S5_1.JPG,0,C2_P01,1276,1632,1380,1792,104,160,True
C3_P05_N1_S5_1.JPG,0,C3_P05,2316,772,2476,1020,160,248,True
C3_P04_N1_S3_2.JPG,0,C3_P04,2040,1120,2344,1572,304,452,True
C4_P06_N1_S4_1.JPG,0,C4_P06,1652,1288,1868,1612,216,324,True
C1_P02_N4_S2_1.JPG,0,C1_P02,2840,548,3200,1120,360,572,True
C1_P11_N2_S3_1.JPG,0,C1_P11,1060,900,1268,1236,208,336,True
C4_P07_N2_S3_2.JPG,0,C4_P07,2172,340,2348,640,176,300,True
C2_P04_N1_S5_1.JPG,0,C2_P04,132,244,248,436,116,192,False
C1_P11_N1_S3_1.JPG,0,C1_P11,2064,1156,2320,1528,256,372,True
C2_P08_N1_S3_1.JPG,0,C2_P08,1736,204,1980,568,244,364,False
C3_P01_N1_S4_1.JPG,0,C3_P01,540,148,768,460,228,312,True
C4_P04_N1_S5_1.JPG,0,C4_P04,2000,572,2156,832,156,260,True
C4_P05_N1_S5_1.JPG,0,C4_P05,1372,20,1540,248,168,228,True
C4_P07_N1_S4_1.JPG,0,C4_P07,2108,1680,2320,1968,212,288,True
C2_P08_N1_S6_1.JPG,0,C2_P08,252,928,364,1092,112,164,False
C4_P05_N2_S3_1.JPG,0,C4_P05,880,944,1088,1256,208,312,True
C1_P04_N1_S5_2.JPG,0,C1_P04,24,824,164,1036,140,212,True
C2_P07_N1_S4_1.JPG,0,C2_P07,740,1404,896,1656,156,252,False
C2_P06_N1_S3_1.JPG,0,C2_P06,240,108,436,352,196,244,False
C4_P08_N1_S5_1.JPG,0,C4_P08,1580,280,1712,528,132,248,False
C2_P03_N3_S3_1.JPG,0,C2_P03,1284,1320,1512,1744,228,424,True
C1_P11_N2_S3_2.JPG,0,C1_P11,2456,1456,2660,1772,204,316,True
C3_P01_N2_S3_1.JPG,0,C3_P01,1500,1836,1760,2192,260,356,True
C1_P01_N1_S5_1.JPG,0,C1_P01,864,24,1084,328,220,304,True
C1_P08_N2_S4_1.JPG,0,C1_P08,316,124,588,480,272,356,True
C3_P07_N3_S3_1.JPG,0,C3_P07,64,172,460,668,396,496,True
C3_P07_N1_S5_1.JPG,0,C3_P07,2464,600,2640,872,176,272,True
C3_P04_N2_S4_1.JPG,0,C3_P04,1516,1196,1700,1516,184,320,True
C4_P05_N1_S4_1.JPG,0,C4_P05,2024,1676,2224,1984,200,308,True
C3_P06_N1_S5_1.JPG,0,C3_P06,1520,2072,1700,2324,180,252,True
C4_P07_N1_S4_2.JPG,0,C4_P07,480,172,656,420,176,248,True
C2_P06_N1_S3_1.JPG,0,C2_P06,2168,176,2364,420,196,244,False
C2_P09_N1_S7_2.JPG,0,C2_P09,1604,1324,1696,1484,92,160,False
C1_P12_N3_S2_1.JPG,0,C1_P12,1952,520,2328,1064,376,544,True
C4_P05_N5_S2_1.JPG,0,C4_P05,700,244,896,608,196,364,True
C2_P01_N4_S2_1.JPG,0,C2_P01,1608,300,1784,552,176,252,True
C3_P07_N1_S5_1.JPG,0,C3_P07,1788,2156,1956,2372,168,216,True
C2_P02_N1_S4_1.JPG,0,C2_P02,860,1536,1040,1788,180,252,True
C4_P03_N2_S3_1.JPG,0,C4_P03,1556,1312,1736,1596,180,284,True
C3_P03_N3_S3_1.JPG,0,C3_P03,1796,1788,2024,2180,228,392,True
C1_P10_N1_S2_1.JPG,0,C1_P10,1276,1280,1520,1652,244,372,True
C1_P05_N1_S4_3.JPG,0,C1_P05,1652,252,1860,600,208,348,True
C1_P12_N1_S5_1.JPG,0,C1_P12,384,2140,572,2436,188,296,True
C4_P02_N1_S3_1.JPG,0,C4_P02,1860,228,2028,456,168,228,True
C4_P07_N3_S3_1.JPG,0,C4_P07,124,868,308,1152,184,284,True
C3_P04_N3_S2_1.JPG,0,C3_P04,2052,1540,2420,2160,368,620,True
C4_P08_N2_S3_2.JPG,0,C4_P08,1228,892,1440,1200,212,308,False
C3_P05_N1_S4_1.JPG,0,C3_P05,1208,1004,1392,1292,184,288,True
C4_P02_N2_S4_1.JPG,0,C4_P02,1048,28,1204,252,156,224,True
C2_P01_N1_S5_2.JPG,0,C2_P01,1432,956,1532,1112,100,156,True
C2_P06_N1_S2_1.JPG,0,C2_P06,2036,144,2220,400,184,256,False
C3_P02_N3_S3_1.JPG,0,C3_P02,1164,1124,1436,1492,272,368,True
C1_P02_N1_S5_1.JPG,0,C1_P02,660,2128,844,2432,184,304,True
C1_P08_N2_S4_2.JPG,0,C1_P08,2852,424,3032,752,180,328,True
C1_P06_N1_S4_2.JPG,0,C1_P06,2272,2016,2480,2348,208,332,True
C1_P04_N1_S5_1.JPG,0,C1_P04,1496,1604,1660,1896,164,292,True
C2_P04_N2_S4_1.JPG,0,C2_P04,1356,184,1520,440,164,256,False
C1_P10_N1_S5_1.JPG,0,C1_P10,864,628,1004,844,140,216,True
C4_P08_N2_S3_1.JPG,0,C4_P08,280,668,496,1028,216,360,False
C3_P06_N1_S5_1.JPG,0,C3_P06,2120,1096,2308,1396,188,300,True
C1_P01_N3_S3_1.JPG,0,C1_P01,728,1824,1000,2272,272,448,True
C3_P01_N1_S2_2.JPG,0,C3_P01,912,492,1292,1056,380,564,True
C2_P04_N1_S4_1.JPG,0,C2_P04,2084,208,2236,444,152,236,False
C4_P07_N1_S4_1.JPG,0,C4_P07,860,1724,1064,2016,204,292,True
C3_P06_N1_S5_1.JPG,0,C3_P06,1140,604,1316,908,176,304,True
C4_P06_N4_S3_1.JPG,0,C4_P06,1220,1264,1432,1608,212,344,True
C1_P10_N1_S5_1.JPG,0,C1_P10,1584,1096,1740,1324,156,228,True
C3_P02_N4_S2_1.JPG,0,C3_P02,1668,1432,1960,1824,292,392,True
C1_P01_N1_S3_1.JPG,0,C1_P01,1824,1068,2100,1516,276,448,True
C2_P08_N1_S6_2.JPG,0,C2_P08,776,696,884,860,108,164,False
C1_P04_N1_S3_2.JPG,0,C1_P04,4,960,188,1312,184,352,True
C1_P04_N2_S4_1.JPG,0,C1_P04,1640,2068,1836,2392,196,324,True
C1_P06_N3_S3_2.JPG,0,C1_P06,2104,492,2336,824,232,332,True
C4_P04_N2_S4_1.JPG,0,C4_P04,1012,124,1204,436,192,312,True
C2_P03_N1_S4_1.JPG,0,C2_P03,512,176,712,464,200,288,True
C1_P09_N2_S6_1.JPG,0,C1_P09,1012,488,1172,724,160,236,False
C1_P05_N1_S4_3.JPG,0,C1_P05,2916,2024,3132,2360,216,336,True
C4_P08_N1_S5_1.JPG,0,C4_P08,276,292,408,500,132,208,False
C1_P08_N4_S4_1.JPG,0,C1_P08,612,2112,820,2447,208,335,True
C2_P05_N2_S2_1.JPG,0,C2_P05,1908,676,2128,964,220,288,True
C2_P03_N3_S3_1.JPG,0,C2_P03,1300,736,1560,1172,260,436,True
C4_P06_N4_S3_1.JPG,0,C4_P06,1164,276,1372,592,208,316,True
C1_P08_N4_S3_1.JPG,0,C1_P08,1944,1512,2160,1860,216,348,True
C4_P02_N2_S4_1.JPG,0,C4_P02,156,1144,308,1364,152,220,True
C2_P01_N2_S4_1.JPG,0,C2_P01,960,712,1080,888,120,176,True
C2_P04_N1_S4_1.JPG,0,C2_P04,1144,644,1296,880,152,236,False
C3_P05_N1_S3_1.JPG,0,C3_P05,1720,1116,1920,1424,200,308,True
C1_P04_N1_S5_2.JPG,0,C1_P04,2108,380,2248,592,140,212,True
C1_P12_N4_S3_1.JPG,0,C1_P12,1140,1860,1392,2220,252,360,True
C3_P05_N1_S5_1.JPG,0,C3_P05,680,736,840,972,160,236,True
C2_P09_N1_S7_1.JPG,0,C2_P09,1856,160,1968,320,112,160,False
C1_P03_N1_S3_2.JPG,0,C1_P03,908,1532,1084,1756,176,224,False
C1_P11_N2_S4_1.JPG,0,C1_P11,1468,320,1696,656,228,336,True
C2_P06_N2_S4_2.JPG,0,C2_P06,772,80,940,312,168,232,False
C2_P07_N2_S4_1.JPG,0,C2_P07,908,1328,1060,1572,152,244,False
C2_P01_N2_S3_2.JPG,0,C2_P01,1976,1240,2116,1444,140,204,True
C4_P07_N2_S4_1.JPG,0,C4_P07,304,1244,476,1496,172,252,True
C4_P04_N1_S5_1.JPG,0,C4_P04,1100,908,1280,1208,180,300,True
C2_P06_N2_S3_1.JPG,0,C2_P06,1236,172,1432,412,196,240,False
C2_P05_N1_S4_1.JPG,0,C2_P05,80,1104,236,1320,156,216,True
C1_P10_N2_S3_1.JPG,0,C1_P10,156,1016,416,1344,260,328,True
C1_P04_N1_S4_1.JPG,0,C1_P04,2028,1960,2228,2328,200,368,True
C1_P11_N1_S5_1.JPG,0,C1_P11,428,1660,596,1908,168,248,True
C1_P02_N4_S2_1.JPG,0,C1_P02,64,1484,440,2116,376,632,True
C4_P08_N2_S3_2.JPG,0,C4_P08,584,884,796,1192,212,308,False
C1_P03_N1_S4_1.JPG,0,C1_P03,1536,2060,1712,2324,176,264,False
C4_P07_N1_S4_1.JPG,0,C4_P07,512,76,680,352,168,276,True
C2_P01_N1_S4_1.JPG,0,C2_P01,1400,1380,1520,1560,120,180,True
C3_P05_N2_S3_1.JPG,0,C3_P05,660,408,892,780,232,372,True
C2_P03_N2_S4_1.JPG,0,C2_P03,660,124,872,436,212,312,True
C2_P01_N1_S3_1.JPG,0,C2_P01,676,1232,828,1416,152,184,True
C4_P03_N2_S4_1.JPG,0,C4_P03,860,1764,1032,2004,172,240,True
C2_P04_N2_S3_1.JPG,0,C2_P04,972,1080,1144,1324,172,244,False
C2_P08_N3_S3_1.JPG,0,C2_P08,1628,1424,1836,1768,208,344,False
C4_P04_N1_S5_1.JPG,0,C4_P04,1488,560,1644,820,156,260,True
C2_P02_N2_S3_1.JPG,0,C2_P02,540,764,756,1096,216,332,True
C2_P04_N1_S4_1.JPG,0,C2_P04,1232,1508,1392,1732,160,224,False
C3_P04_N4_S2_2.JPG,0,C3_P04,3000,492,3300,904,300,412,True
C2_P06_N1_S2_1.JPG,0,C2_P06,996,128,1180,384,184,256,False
C2_P05_N3_S3_1.JPG,0,C2_P05,2320,120,2528,424,208,304,True
C3_P02_N2_S3_1.JPG,0,C3_P02,3516,1136,3744,1472,228,336,True
C1_P05_N1_S3_2.JPG,0,C1_P05,2944,1600,3176,1940,232,340,True
C2_P01_N1_S5_1.JPG,0,C2_P01,524,244,636,392,112,148,True
C1_P06_N2_S3_2.JPG,0,C1_P06,1448,784,1676,1112,228,328,True
C2_P06_N1_S3_2.JPG,0,C2_P06,1944,156,2132,408,188,252,False
C1_P02_N2_S2_1.JPG,0,C1_P02,728,1648,1068,2232,340,584,True
C2_P07_N1_S6_1.JPG,0,C2_P07,832,696,932,836,100,140,False
C3_P02_N1_S5_1.JPG,0,C3_P02,1664,660,1828,892,164,232,True
C2_P04_N2_S2_1.JPG,0,C2_P04,1540,220,1708,516,168,296,False
C4_P05_N2_S4_1.JPG,0,C4_P05,1316,688,1508,988,192,300,True
C1_P09_N2_S6_1.JPG,0,C1_P09,1028,1552,1196,1792,168,240,False
C2_P06_N2_S4_1.JPG,0,C2_P06,456,1516,612,1764,156,248,False
C2_P04_N3_S4_1.JPG,0,C2_P04,112,968,288,1272,176,304,False
C3_P05_N1_S4_1.JPG,0,C3_P05,840,1456,1024,1780,184,324,True
C1_P11_N1_S4_2.JPG,0,C1_P11,580,1984,792,2296,212,312,True
C1_P06_N1_S5_1.JPG,0,C1_P06,2064,2104,2208,2328,144,224,True
C3_P01_N2_S2_1.JPG,0,C3_P01,1020,1532,1400,2116,380,584,True
C1_P01_N1_S3_1.JPG,0,C1_P01,740,1788,1016,2236,276,448,True
C3_P07_N2_S4_1.JPG,0,C3_P07,2332,852,2548,1164,216,312,True
C4_P07_N1_S3_1.JPG,0,C4_P07,2332,396,2524,684,192,288,True
C4_P02_N2_S4_1.JPG,0,C4_P02,292,1164,444,1384,152,220,True
C2_P01_N1_S5_1.JPG,0,C2_P01,64,604,176,752,112,148,True
C3_P01_N1_S5_1.JPG,0,C3_P01,76,816,256,1072,180,256,True
C1_P09_N2_S4_1.JPG,0,C1_P09,2124,104,2316,376,192,272,False
C3_P01_N1_S5_1.JPG,0,C3_P01,232,808,412,1064,180,256,True
C3_P05_N1_S4_1.JPG,0,C3_P05,2284,1996,2448,2276,164,280,True
C2_P04_N1_S5_1.JPG,0,C2_P04,36,584,156,772,120,188,False
C1_P05_N3_S3_1.JPG,0,C1_P05,64,304,324,708,260,404,True
C1_P08_N2_S5_1.JPG,0,C1_P08,2592,1160,2752,1444,160,284,True
C3_P01_N2_S3_1.JPG,0,C3_P01,944,172,1232,640,288,468,True
C2_P08_N3_S3_1.JPG,0,C2_P08,136,1444,344,1768,208,324,False
C2_P03_N1_S4_1.JPG,0,C2_P03,980,1504,1160,1780,180,276,True
C1_P05_N1_S3_2.JPG,0,C1_P05,324,404,564,732,240,328,True
C2_P08_N1_S6_1.JPG,0,C2_P08,776,1184,880,1356,104,172,False
C1_P10_N3_S2_2.JPG,0,C1_P10,2812,444,3076,836,264,392,True
C1_P08_N2_S3_1.JPG,0,C1_P08,2196,1536,2392,1884,196,348,True
C2_P01_N1_S5_1.JPG,0,C2_P01,144,1664,248,1824,104,160,True
C4_P08_N1_S5_2.JPG,0,C4_P08,364,1752,500,1964,136,212,False
C4_P08_N2_S4_1.JPG,0,C4_P08,264,1688,472,2032,208,344,False
C1_P08_N4_S4_1.JPG,0,C1_P08,1252,2108,1460,2448,208,340,True
C4_P05_N1_S4_1.JPG,0,C4_P05,2256,1156,2452,1464,196,308,True
C1_P09_N3_S4_2.JPG,0,C1_P09,680,1096,852,1352,172,256,False
C3_P06_N3_S4_1.JPG,0,C3_P06,852,1816,1080,2112,228,296,True
C3_P01_N2_S3_1.JPG,0,C3_P01,1236,160,1456,632,220,472,True
C1_P01_N1_S3_1.JPG,0,C1_P01,1012,1808,1288,2256,276,448,True
C1_P05_N2_S3_1.JPG,0,C1_P05,2096,1548,2328,1908,232,360,True
C4_P02_N2_S4_1.JPG,0,C4_P02,2356,0,2504,268,148,268,True
C4_P02_N2_S4_1.JPG,0,C4_P02,868,1172,1020,1404,152,232,True
C2_P05_N2_S4_1.JPG,0,C2_P05,1484,1476,1640,1692,156,216,True
C4_P08_N2_S3_1.JPG,0,C4_P08,2112,1288,2332,1648,220,360,False
C1_P04_N3_S3_1.JPG,0,C1_P04,1688,1112,1904,1492,216,380,True
C4_P08_N2_S4_1.JPG,0,C4_P08,1728,20,1948,332,220,312,False
C4_P03_N1_S4_1.JPG,0,C4_P03,1560,1728,1728,1988,168,260,True
C4_P02_N2_S4_1.JPG,0,C4_P02,1204,32,1364,256,160,224,True
C1_P04_N1_S5_2.JPG,0,C1_P04,652,2028,800,2268,148,240,True
C1_P08_N2_S4_2.JPG,0,C1_P08,2484,456,2664,764,180,308,True
C1_P10_N3_S3_1.JPG,0,C1_P10,1244,1724,1492,2108,248,384,True
C2_P08_N1_S3_1.JPG,0,C2_P08,1916,1408,2136,1792,220,384,False
C4_P07_N1_S3_2.JPG,0,C4_P07,2476,372,2664,644,188,272,True
C3_P06_N1_S3_1.JPG,0,C3_P06,2480,1808,2684,2184,204,376,True
C4_P01_N1_S3_1.JPG,0,C4_P01,1804,244,1988,516,184,272,True
C3_P01_N4_S3_1.JPG,0,C3_P01,1748,1040,1996,1484,248,444,True
C3_P05_N2_S4_1.JPG,0,C3_P05,2664,716,2868,1088,204,372,True
C1_P12_N3_S4_1.JPG,0,C1_P12,688,2068,904,2400,216,332,True
C1_P09_N2_S6_1.JPG,0,C1_P09,2004,140,2176,396,172,256,False
C1_P06_N1_S3_1.JPG,0,C1_P06,2908,1816,3124,2108,216,292,True
C3_P02_N1_S5_1.JPG,0,C3_P02,624,1108,788,1340,164,232,True
C2_P06_N1_S3_1.JPG,0,C2_P06,772,680,968,924,196,244,False
C4_P07_N1_S5_1.JPG,0,C4_P07,792,132,940,340,148,208,True
C1_P08_N2_S4_2.JPG,0,C1_P08,1752,380,1940,728,188,348,True
C1_P06_N1_S4_1.JPG,0,C1_P06,792,1396,996,1688,204,292,True
C2_P06_N2_S4_1.JPG,0,C2_P06,2032,1084,2188,1324,156,240,False
C2_P03_N3_S3_1.JPG,0,C2_P03,404,1324,632,1744,228,420,True
C2_P06_N1_S4_1.JPG,0,C2_P06,356,940,520,1160,164,220,False
C1_P03_N1_S4_1.JPG,0,C1_P03,808,1460,976,1696,168,236,False
C4_P04_N1_S4_1.JPG,0,C4_P04,460,284,612,616,152,332,True
C1_P06_N2_S3_1.JPG,0,C1_P06,196,1848,420,2184,224,336,True
C1_P12_N4_S3_1.JPG,0,C1_P12,1164,388,1456,832,292,444,True
C2_P03_N1_S4_1.JPG,0,C2_P03,1124,612,1284,924,160,312,True
C1_P04_N1_S5_2.JPG,0,C1_P04,920,2040,1068,2268,148,228,True
C3_P06_N1_S5_1.JPG,0,C3_P06,2720,1068,2876,1392,156,324,True
C1_P09_N1_S2_1.JPG,0,C1_P09,724,204,892,484,168,280,False
C2_P04_N1_S3_1.JPG,0,C2_P04,1068,652,1228,900,160,248,False
C1_P05_N4_S3_1.JPG,0,C1_P05,1600,264,1812,624,212,360,True
C4_P05_N2_S2_1.JPG,0,C4_P05,540,320,740,636,200,316,True
C3_P07_N2_S4_1.JPG,0,C3_P07,588,132,816,468,228,336,True
C4_P07_N3_S3_2.JPG,0,C4_P07,1972,1308,2156,1604,184,296,True
C3_P07_N1_S3_1.JPG,0,C3_P07,612,1860,860,2196,248,336,True
C3_P02_N1_S4_1.JPG,0,C3_P02,2560,308,2760,596,200,288,True
C3_P06_N3_S4_2.JPG,0,C3_P06,712,1444,928,1756,216,312,True
C1_P06_N2_S3_1.JPG,0,C1_P06,432,1836,656,2172,224,336,True
C1_P03_N1_S2_1.JPG,0,C1_P03,244,376,460,668,216,292,False
C1_P10_N1_S4_1.JPG,0,C1_P10,1712,1292,1876,1540,164,248,True
C1_P04_N2_S4_1.JPG,0,C1_P04,1632,840,1840,1172,208,332,True
C2_P09_N1_S7_1.JPG,0,C2_P09,2080,692,2180,840,100,148,False
C1_P03_N1_S3_1.JPG,0,C1_P03,576,288,764,552,188,264,False
C1_P12_N2_S5_1.JPG,0,C1_P12,1072,2092,1236,2360,164,268,True
C4_P05_N3_S2_1.JPG,0,C4_P05,1900,796,2116,1124,216,328,True
C1_P05_N1_S4_3.JPG,0,C1_P05,2696,2024,2912,2360,216,336,True
C3_P03_N2_S3_1.JPG,0,C3_P03,1600,1988,1840,2352,240,364,True
C4_P02_N1_S3_2.JPG,0,C4_P02,1584,1540,1760,1800,176,260,True
C2_P01_N3_S3_1.JPG,0,C2_P01,340,1100,492,1324,152,224,True
C3_P07_N3_S3_1.JPG,0,C3_P07,888,1148,1196,1512,308,364,True
C2_P01_N1_S4_1.JPG,0,C2_P01,1256,1004,1376,1168,120,164,True
C2_P04_N2_S2_1.JPG,0,C2_P04,520,204,704,464,184,260,False
C2_P04_N1_S4_1.JPG,0,C2_P04,496,1076,660,1316,164,240,False
C1_P03_N1_S4_1.JPG,0,C1_P03,660,1464,828,1700,168,236,False
C3_P02_N1_S3_1.JPG,0,C3_P02,556,1860,800,2204,244,344,True
C4_P04_N1_S5_1.JPG,0,C4_P04,920,948,1100,1224,180,276,True
C2_P05_N2_S4_1.JPG,0,C2_P05,340,132,508,360,168,228,True
C2_P06_N2_S3_1.JPG,0,C2_P06,1716,176,1912,416,196,240,False
C2_P09_N1_S7_1.JPG,0,C2_P09,2152,956,2256,1112,104,156,False
C2_P02_N1_S5_1.JPG,0,C2_P02,724,912,844,1080,120,168,True
C2_P08_N4_S3_1.JPG,0,C2_P08,1132,232,1340,576,208,344,False
C1_P02_N4_S2_1.JPG,0,C1_P02,2528,560,2888,1132,360,572,True
C2_P03_N1_S5_1.JPG,0,C2_P03,484,892,644,1132,160,240,True
C2_P07_N2_S4_1.JPG,0,C2_P07,1208,1324,1360,1568,152,244,False
C2_P07_N1_S6_2.JPG,0,C2_P07,72,1308,176,1464,104,156,False
C3_P01_N2_S3_2.JPG,0,C3_P01,1844,2008,2084,2384,240,376,True
C1_P01_N1_S5_1.JPG,0,C1_P01,1052,32,1272,336,220,304,True
C4_P05_N5_S2_1.JPG,0,C4_P05,1100,292,1296,636,196,344,True
C1_P01_N1_S2_2.JPG,0,C1_P01,1372,1556,1872,2304,500,748,True
C4_P07_N1_S5_1.JPG,0,C4_P07,2016,548,2164,776,148,228,True
C2_P08_N1_S6_2.JPG,0,C2_P08,264,996,372,1160,108,164,False
C2_P05_N2_S3_1.JPG,0,C2_P05,512,1200,724,1504,212,304,True
C1_P12_N4_S2_1.JPG,0,C1_P12,812,496,1160,1016,348,520,True
C1_P03_N1_S3_2.JPG,0,C1_P03,152,848,296,1116,144,268,False
C3_P06_N2_S3_2.JPG,0,C3_P06,2852,1664,3052,2124,200,460,True
C3_P06_N1_S4_1.JPG,0,C3_P06,3276,1320,3480,1720,204,400,True
C1_P05_N1_S4_2.JPG,0,C1_P05,1436,1904,1652,2272,216,368,True
C4_P02_N4_S3_1.JPG,0,C4_P02,1240,320,1416,568,176,248,True
C1_P10_N2_S4_1.JPG,0,C1_P10,664,1928,836,2268,172,340,True
C2_P09_N1_S7_2.JPG,0,C2_P09,364,1104,468,1244,104,140,False
C1_P12_N2_S4_1.JPG,0,C1_P12,1392,2072,1616,2416,224,344,True
C4_P02_N1_S3_1.JPG,0,C4_P02,1248,856,1412,1104,164,248,True
C3_P07_N3_S3_1.JPG,0,C3_P07,1760,1160,2020,1560,260,400,True
C1_P08_N4_S4_1.JPG,0,C1_P08,80,232,324,688,244,456,True
C3_P01_N2_S4_1.JPG,0,C3_P01,312,208,520,548,208,340,True
C1_P03_N1_S4_1.JPG,0,C1_P03,984,256,1152,484,168,228,False
C1_P01_N1_S2_2.JPG,0,C1_P01,2372,272,2872,1020,500,748,True
C1_P01_N1_S5_1.JPG,0,C1_P01,840,2120,1040,2432,200,312,True
C3_P06_N3_S4_2.JPG,0,C3_P06,1116,1476,1344,1744,228,268,True
C1_P04_N3_S3_1.JPG,0,C1_P04,1060,1772,1284,2124,224,352,True
C1_P04_N3_S2_1.JPG,0,C1_P04,572,1272,816,1656,244,384,True
C4_P02_N4_S3_1.JPG,0,C4_P02,372,940,528,1164,156,224,True
C3_P06_N3_S4_1.JPG,0,C3_P06,1036,1304,1252,1620,216,316,True
C2_P08_N4_S3_1.JPG,0,C2_P08,96,1340,304,1680,208,340,False
C4_P05_N2_S4_1.JPG,0,C4_P05,1140,1660,1336,1988,196,328,True
C2_P09_N1_S7_1.JPG,0,C2_P09,1488,416,1584,556,96,140,False
C2_P05_N1_S3_1.JPG,0,C2_P05,192,1224,376,1484,184,260,True
C3_P05_N1_S2_1.JPG,0,C3_P05,1052,452,1324,804,272,352,True
C1_P02_N1_S5_1.JPG,0,C1_P02,832,2076,1004,2404,172,328,True
C4_P08_N1_S5_2.JPG,0,C4_P08,528,280,672,488,144,208,False
C1_P05_N1_S4_1.JPG,0,C1_P05,816,2040,1040,2400,224,360,True
C4_P04_N1_S5_1.JPG,0,C4_P04,764,948,944,1224,180,276,True
C4_P04_N1_S4_1.JPG,0,C4_P04,1036,1152,1220,1488,184,336,True
C1_P09_N2_S4_1.JPG,0,C1_P09,1936,60,2140,360,204,300,False
C2_P09_N1_S7_2.JPG,0,C2_P09,468,1112,572,1252,104,140,False
C4_P08_N1_S5_2.JPG,0,C4_P08,256,664,392,868,136,204,False
C1_P08_N2_S4_1.JPG,0,C1_P08,92,1380,328,1788,236,408,True
C1_P04_N2_S3_1.JPG,0,C1_P04,892,396,1100,732,208,336,True
C1_P05_N1_S3_2.JPG,0,C1_P05,2092,348,2308,716,216,368,True
C1_P03_N2_S2_1.JPG,0,C1_P03,1636,436,1872,816,236,380,False
C1_P01_N1_S3_1.JPG,0,C1_P01,1284,1068,1560,1516,276,448,True
C1_P08_N4_S3_1.JPG,0,C1_P08,408,1564,680,1936,272,372,True
C4_P04_N1_S5_1.JPG,0,C4_P04,1816,904,1996,1172,180,268,True
C2_P06_N1_S3_1.JPG,0,C2_P06,1016,1192,1192,1436,176,244,False
C2_P07_N1_S6_1.JPG,0,C2_P07,456,1432,556,1604,100,172,False
C2_P01_N3_S3_1.JPG,0,C2_P01,1208,608,1360,832,152,224,True
C1_P03_N2_S3_2.JPG,0,C1_P03,2864,1036,3088,1368,224,332,False
C3_P06_N2_S3_2.JPG,0,C3_P06,980,1044,1228,1448,248,404,True
C1_P12_N2_S4_1.JPG,0,C1_P12,552,896,740,1228,188,332,True
C3_P03_N2_S4_1.JPG,0,C3_P03,1756,1424,1924,1744,168,320,True
C3_P04_N2_S2_1.JPG,0,C3_P04,624,432,1084,1076,460,644,True
C4_P08_N3_S3_1.JPG,0,C4_P08,2412,272,2664,660,252,388,False
C1_P09_N3_S4_1.JPG,0,C1_P09,1544,876,1732,1164,188,288,False
C4_P08_N2_S2_1.JPG,0,C4_P08,516,908,748,1240,232,332,False
C1_P05_N4_S3_1.JPG,0,C1_P05,256,852,468,1248,212,396,True
C3_P02_N3_S3_1.JPG,0,C3_P02,1452,280,1716,720,264,440,True
C2_P05_N3_S3_2.JPG,0,C2_P05,596,716,780,960,184,244,True
C2_P02_N4_S2_1.JPG,0,C2_P02,2360,868,2568,1184,208,316,True
C1_P10_N3_S2_2.JPG,0,C1_P10,656,1252,920,1656,264,404,True
C4_P08_N3_S3_2.JPG,0,C4_P08,1008,420,1240,740,232,320,False
C2_P08_N2_S4_1.JPG,0,C2_P08,92,916,244,1156,152,240,False
C3_P01_N4_S2_1.JPG,0,C3_P01,1716,408,2084,972,368,564,True
C2_P02_N2_S2_1.JPG,0,C2_P02,2408,256,2588,648,180,392,True
C3_P02_N1_S2_1.JPG,0,C3_P02,3008,1228,3264,1604,256,376,True
C3_P04_N1_S4_1.JPG,0,C3_P04,1192,1728,1388,2076,196,348,True
C3_P01_N2_S3_1.JPG,0,C3_P01,1816,1056,2076,1480,260,424,True
C2_P03_N3_S3_1.JPG,0,C2_P03,832,1376,1084,1744,252,368,True
C1_P03_N1_S4_1.JPG,0,C1_P03,2360,264,2528,492,168,228,False
C1_P02_N2_S3_1.JPG,0,C1_P02,920,1880,1240,2400,320,520,True
C4_P07_N2_S4_1.JPG,0,C4_P07,1456,1688,1628,1972,172,284,True
C3_P02_N2_S4_1.JPG,0,C3_P02,1708,2088,1896,2360,188,272,True
C2_P05_N3_S3_2.JPG,0,C2_P05,1784,732,1936,1004,152,272,True
C1_P08_N2_S3_1.JPG,0,C1_P08,2808,384,3020,732,212,348,True
C4_P03_N3_S3_1.JPG,0,C4_P03,984,1504,1184,1836,200,332,True
C2_P03_N1_S4_1.JPG,0,C2_P03,140,1472,320,1748,180,276,True
C4_P07_N1_S3_1.JPG,0,C4_P07,2520,932,2708,1244,188,312,True
C2_P04_N1_S5_1.JPG,0,C2_P04,1220,568,1332,776,112,208,False
C2_P01_N1_S4_1.JPG,0,C2_P01,116,148,236,324,120,176,True
C2_P06_N1_S5_1.JPG,0,C2_P06,1028,1480,1152,1664,124,184,False
C1_P05_N1_S4_1.JPG,0,C1_P05,1028,2040,1252,2400,224,360,True
C1_P08_N2_S4_2.JPG,0,C1_P08,2084,968,2316,1280,232,312,True
C2_P07_N2_S3_1.JPG,0,C2_P07,1100,692,1292,972,192,280,False
C1_P05_N3_S3_1.JPG,0,C1_P05,2092,936,2328,1288,236,352,True
C2_P09_N1_S7_2.JPG,0,C2_P09,760,1544,840,1692,80,148,False
C1_P06_N1_S5_1.JPG,0,C1_P06,2184,1132,2340,1348,156,216,True
C3_P01_N1_S3_1.JPG,0,C3_P01,1752,1884,2012,2252,260,368,True
C4_P04_N2_S3_1.JPG,0,C4_P04,1664,712,1876,1044,212,332,True
C1_P05_N1_S3_2.JPG,0,C1_P05,1656,344,1872,712,216,368,True
C2_P01_N1_S5_1.JPG,0,C2_P01,1412,1288,1516,1448,104,160,True
C2_P06_N2_S4_2.JPG,0,C2_P06,520,1348,676,1560,156,212,False
C4_P07_N1_S4_1.JPG,0,C4_P07,2156,68,2340,372,184,304,True
C2_P01_N1_S5_1.JPG,0,C2_P01,424,960,536,1116,112,156,True
C4_P05_N2_S3_1.JPG,0,C4_P05,2108,904,2284,1252,176,348,True
C2_P02_N1_S4_1.JPG,0,C2_P02,1648,680,1792,936,144,256,True
C1_P03_N1_S2_1.JPG,0,C1_P03,632,372,848,664,216,292,False
C3_P06_N3_S4_1.JPG,0,C3_P06,2620,1388,2844,1728,224,340,True
C4_P05_N1_S4_1.JPG,0,C4_P05,388,1136,580,1444,192,308,True
C4_P04_N1_S5_1.JPG,0,C4_P04,1476,940,1656,1208,180,268,True
C1_P10_N1_S2_1.JPG,0,C1_P10,2928,1188,3220,1648,292,460,True
C1_P05_N3_S3_1.JPG,0,C1_P05,992,324,1228,688,236,364,True
C3_P02_N3_S3_1.JPG,0,C3_P02,1132,332,1404,712,272,380,True
C1_P02_N3_S2_1.JPG,0,C1_P02,2612,632,2900,1184,288,552,True
C2_P02_N1_S3_1.JPG,0,C2_P02,104,880,316,1192,212,312,True
C1_P06_N1_S3_2.JPG,0,C1_P06,2580,460,2768,752,188,292,True
C4_P08_N3_S3_2.JPG,0,C4_P08,2076,1588,2308,1948,232,360,False
C1_P09_N1_S5_2.JPG,0,C1_P09,1220,1676,1376,1948,156,272,False
C4_P02_N1_S3_2.JPG,0,C4_P02,1592,248,1764,472,172,224,True
C1_P12_N2_S5_1.JPG,0,C1_P12,364,276,544,536,180,260,True
C2_P05_N1_S4_1.JPG,0,C2_P05,1676,704,1832,912,156,208,True
C2_P02_N3_S3_1.JPG,0,C2_P02,2108,1232,2312,1572,204,340,True
C2_P03_N2_S4_1.JPG,0,C2_P03,852,104,1008,448,156,344,True
C4_P05_N1_S2_1.JPG,0,C4_P05,1692,392,1880,680,188,288,True
C3_P03_N3_S2_1.JPG,0,C3_P03,2116,1496,2396,1920,280,424,True
C1_P04_N1_S5_1.JPG,0,C1_P04,2132,1636,2296,1896,164,260,True
C2_P08_N1_S6_2.JPG,0,C2_P08,672,708,780,872,108,164,False
C2_P04_N1_S4_1.JPG,0,C2_P04,1288,188,1448,452,160,264,False
C1_P04_N1_S5_1.JPG,0,C1_P04,1160,92,1320,372,160,280,True
C2_P01_N1_S2_1.JPG,0,C2_P01,1044,244,1212,468,168,224,True
C3_P07_N1_S4_1.JPG,0,C3_P07,2436,64,2652,388,216,324,True
C3_P01_N1_S2_2.JPG,0,C3_P01,3096,552,3444,1088,348,536,True
C1_P04_N2_S4_1.JPG,0,C1_P04,104,1996,304,2344,200,348,True
C2_P04_N3_S4_1.JPG,0,C2_P04,1580,612,1764,888,184,276,False
C1_P12_N3_S4_1.JPG,0,C1_P12,296,2024,512,2356,216,332,True
C2_P06_N3_S4_1.JPG,0,C2_P06,8,44,180,292,172,248,False
C1_P05_N1_S5_1.JPG,0,C1_P05,1888,1616,2076,1896,188,280,True
C2_P08_N1_S6_2.JPG,0,C2_P08,468,1264,580,1432,112,168,False
C4_P05_N3_S2_1.JPG,0,C4_P05,1932,232,2144,552,212,320,True
C2_P08_N4_S3_1.JPG,0,C2_P08,56,820,264,1140,208,320,False
C2_P09_N1_S7_2.JPG,0,C2_P09,2188,628,2280,788,92,160,False
C2_P03_N2_S4_1.JPG,0,C2_P03,284,604,464,908,180,304,True
C2_P06_N2_S4_2.JPG,0,C2_P06,1232,1332,1388,1552,156,220,False
C1_P08_N3_S4_2.JPG,0,C1_P08,1132,2008,1336,2320,204,312,True
C1_P09_N1_S5_2.JPG,0,C1_P09,764,1332,928,1608,164,276,False
C4_P07_N1_S3_1.JPG,0,C4_P07,128,400,320,700,192,300,True
C4_P01_N3_S3_1.JPG,0,C4_P01,632,1628,824,1888,192,260,True
C2_P09_N1_S7_1.JPG,0,C2_P09,2420,176,2532,336,112,160,False
C2_P08_N2_S4_1.JPG,0,C2_P08,224,512,360,752,136,240,False
C2_P01_N1_S4_1.JPG,0,C2_P01,1484,968,1604,1148,120,180,True
C4_P07_N1_S4_1.JPG,0,C4_P07,492,1736,692,2008,200,272,True
C2_P05_N1_S3_1.JPG,0,C2_P05,1988,212,2172,496,184,284,True
C1_P08_N2_S4_1.JPG,0,C1_P08,2328,796,2552,1148,224,352,True
C1_P02_N2_S3_1.JPG,0,C1_P02,2268,1044,2544,1516,276,472,True
C1_P07_N2_S3_1.JPG,0,C1_P07,332,1064,536,1360,204,296,False
C4_P05_N2_S2_1.JPG,0,C4_P05,900,836,1104,1160,204,324,True
C1_P05_N1_S4_2.JPG,0,C1_P05,824,1320,1040,1688,216,368,True
C3_P06_N1_S5_1.JPG,0,C3_P06,824,1556,1000,1848,176,292,True
C1_P02_N3_S3_1.JPG,0,C1_P02,1292,1112,1616,1628,324,516,True
C1_P02_N1_S4_1.JPG,0,C1_P02,560,2032,800,2416,240,384,True
C1_P08_N2_S4_1.JPG,0,C1_P08,2544,800,2768,1152,224,352,True
C1_P01_N2_S3_1.JPG,0,C1_P01,1860,1092,2172,1588,312,496,True
C2_P06_N3_S4_1.JPG,0,C2_P06,1088,1516,1248,1760,160,244,False
C4_P07_N2_S3_1.JPG,0,C4_P07,360,772,552,1112,192,340,True
C4_P08_N1_S5_2.JPG,0,C4_P08,500,1784,636,1996,136,212,False
C4_P08_N3_S3_2.JPG,0,C4_P08,1940,1028,2152,1356,212,328,False
C1_P07_N2_S3_3.JPG,0,C1_P07,2172,388,2384,664,212,276,False
C3_P04_N4_S2_2.JPG,0,C3_P04,1696,348,2000,880,304,532,True
C2_P07_N3_S2_1.JPG,0,C2_P07,1528,920,1764,1292,236,372,False
C1_P08_N2_S4_2.JPG,0,C1_P08,1720,1972,1904,2316,184,344,True
C1_P02_N3_S2_1.JPG,0,C1_P02,1520,1592,1884,2144,364,552,True
C3_P01_N2_S2_2.JPG,0,C3_P01,348,556,704,1140,356,584,True
C2_P07_N1_S6_2.JPG,0,C2_P07,308,296,412,488,104,192,False
C3_P06_N2_S3_2.JPG,0,C3_P06,1748,316,1964,768,216,452,True
C2_P06_N2_S4_1.JPG,0,C2_P06,1836,1532,1992,1760,156,228,False
C1_P10_N2_S4_1.JPG,0,C1_P10,148,1420,336,1676,188,256,True
C2_P05_N2_S2_1.JPG,0,C2_P05,512,676,732,964,220,288,True
C2_P01_N1_S3_1.JPG,0,C2_P01,24,1192,164,1408,140,216,True
C1_P04_N1_S4_1.JPG,0,C1_P04,1604,28,1800,396,196,368,True
C2_P08_N4_S3_1.JPG,0,C2_P08,696,820,904,1140,208,320,False
C2_P09_N1_S7_2.JPG,0,C2_P09,540,868,644,1032,104,164,False
C1_P03_N3_S2_1.JPG,0,C1_P03,1512,540,1720,812,208,272,False
C1_P05_N1_S4_2.JPG,0,C1_P05,2268,704,2500,1056,232,352,True
C1_P08_N2_S5_1.JPG,0,C1_P08,2004,1964,2164,2244,160,280,True
C4_P01_N2_S4_1.JPG,0,C4_P01,2136,1776,2316,2036,180,260,True
C3_P02_N1_S5_1.JPG,0,C3_P02,1860,1152,2024,1380,164,228,True
C2_P05_N1_S4_1.JPG,0,C2_P05,1124,228,1284,444,160,216,True
C1_P02_N1_S5_1.JPG,0,C1_P02,1308,156,1488,440,180,284,True
C4_P08_N2_S3_1.JPG,0,C4_P08,2340,1304,2560,1664,220,360,False
C1_P06_N3_S3_1.JPG,0,C1_P06,1440,112,1660,420,220,308,True
C4_P07_N1_S5_1.JPG,0,C4_P07,1068,528,1216,784,148,256,True
C1_P02_N3_S2_1.JPG,0,C1_P02,2128,616,2416,1168,288,552,True
C1_P08_N4_S3_1.JPG,0,C1_P08,2572,888,2796,1276,224,388,True
C1_P10_N1_S5_1.JPG,0,C1_P10,260,1104,416,1324,156,220,True
C1_P02_N1_S5_1.JPG,0,C1_P02,116,1592,300,1904,184,312,True
C2_P06_N1_S5_1.JPG,0,C2_P06,1140,1472,1264,1656,124,184,False
C2_P06_N2_S4_1.JPG,0,C2_P06,984,1084,1156,1316,172,232,False
C3_P06_N3_S4_1.JPG,0,C3_P06,3312,1936,3552,2324,240,388,True
C1_P03_N1_S3_1.JPG,0,C1_P03,752,292,940,556,188,264,False
C1_P04_N2_S3_1.JPG,0,C1_P04,2812,1080,3016,1432,204,352,True
C4_P05_N2_S4_1.JPG,0,C4_P05,2096,656,2272,984,176,328,True
C3_P02_N1_S3_1.JPG,0,C3_P02,836,1100,1112,1464,276,364,True
C4_P07_N2_S4_1.JPG,0,C4_P07,1136,216,1316,480,180,264,True
C3_P01_N1_S5_2.JPG,0,C3_P01,780,248,960,504,180,256,True
C1_P04_N1_S5_1.JPG,0,C1_P04,1652,1604,1816,1896,164,292,True
C2_P04_N1_S3_1.JPG,0,C2_P04,1764,1104,1932,1356,168,252,False
C2_P08_N1_S6_1.JPG,0,C2_P08,876,932,988,1084,112,152,False
C3_P04_N2_S2_1.JPG,0,C3_P04,2932,476,3352,1092,420,616,True
C1_P03_N1_S4_1.JPG,0,C1_P03,2660,1480,2828,1760,168,280,False
C1_P09_N1_S2_1.JPG,0,C1_P09,888,212,1056,492,168,280,False
C1_P04_N1_S4_1.JPG,0,C1_P04,2428,1996,2624,2308,196,312,True
C4_P04_N1_S5_1.JPG,0,C4_P04,1980,1656,2156,1928,176,272,True
C3_P06_N3_S3_1.JPG,0,C3_P06,848,1040,1116,1452,268,412,True
C2_P09_N1_S7_1.JPG,0,C2_P09,124,352,220,536,96,184,False
C2_P08_N3_S3_2.JPG,0,C2_P08,388,712,568,1008,180,296,False
C1_P05_N4_S3_1.JPG,0,C1_P05,1612,880,1824,1248,212,368,True
C2_P05_N1_S5_1.JPG,0,C2_P05,96,904,224,1080,128,176,True
C1_P08_N3_S4_1.JPG,0,C1_P08,2460,1976,2696,2348,236,372,True
C1_P07_N1_S3_2.JPG,0,C1_P07,2236,2028,2440,2308,204,280,False
C1_P04_N1_S5_2.JPG,0,C1_P04,1180,1628,1324,1872,144,244,True
C1_P10_N1_S3_1.JPG,0,C1_P10,1232,192,1464,604,232,412,True
C2_P03_N4_S2_1.JPG,0,C2_P03,1388,300,1680,828,292,528,True
C2_P01_N1_S5_2.JPG,0,C2_P01,372,1668,488,1820,116,152,True
C1_P04_N1_S3_2.JPG,0,C1_P04,2124,1664,2360,2020,236,356,True
C1_P07_N2_S3_3.JPG,0,C1_P07,1764,1024,1976,1308,212,284,False
C3_P04_N2_S3_1.JPG,0,C3_P04,1732,1100,2044,1536,312,436,True
C1_P03_N1_S2_1.JPG,0,C1_P03,2772,1120,2992,1440,220,320,False
C1_P11_N2_S4_2.JPG,0,C1_P11,2508,696,2708,1048,200,352,True
C3_P02_N2_S4_1.JPG,0,C3_P02,36,1480,272,1756,236,276,True
C3_P02_N2_S2_2.JPG,0,C3_P02,1336,1284,1612,1724,276,440,True
C1_P05_N1_S4_2.JPG,0,C1_P05,2088,1920,2304,2288,216,368,True
C1_P08_N2_S5_1.JPG,0,C1_P08,788,644,968,964,180,320,True
C3_P01_N1_S2_1.JPG,0,C3_P01,1612,1600,1992,2240,380,640,True
C1_P11_N2_S4_3.JPG,0,C1_P11,1124,1844,1304,2156,180,312,True
C3_P01_N2_S2_1.JPG,0,C3_P01,1372,432,1728,1012,356,580,True
C3_P06_N1_S4_1.JPG,0,C3_P06,2592,740,2764,1128,172,388,True
C3_P07_N2_S3_1.JPG,0,C3_P07,648,132,960,584,312,452,True
C4_P05_N1_S4_1.JPG,0,C4_P05,1328,1172,1496,1444,168,272,True
C2_P04_N3_S3_1.JPG,0,C2_P04,936,1128,1100,1392,164,264,False
C4_P05_N3_S3_1.JPG,0,C4_P05,188,1268,368,1576,180,308,True
C3_P01_N2_S3_2.JPG,0,C3_P01,1544,320,1772,800,228,480,True
C2_P02_N2_S4_1.JPG,0,C2_P02,1540,708,1708,952,168,244,True
C3_P06_N4_S3_1.JPG,0,C3_P06,2656,1228,2928,1628,272,400,True
C2_P08_N1_S6_2.JPG,0,C2_P08,152,716,260,880,108,164,False
C2_P03_N1_S5_1.JPG,0,C2_P03,204,200,356,424,152,224,True
C2_P04_N3_S3_1.JPG,0,C2_P04,596,1088,780,1376,184,288,False
C2_P03_N2_S4_1.JPG,0,C2_P03,120,1004,308,1336,188,332,True
C2_P07_N1_S6_1.JPG,0,C2_P07,832,964,932,1112,100,148,False
C1_P05_N1_S4_1.JPG,0,C1_P05,840,1452,1056,1792,216,340,True
C2_P01_N1_S5_1.JPG,0,C2_P01,52,1648,156,1808,104,160,True
C1_P05_N1_S4_2.JPG,0,C1_P05,2500,124,2712,456,212,332,True
C2_P01_N3_S2_1.JPG,0,C2_P01,1864,860,2040,1100,176,240,True
C4_P07_N1_S5_1.JPG,0,C4_P07,784,972,924,1212,140,240,True
C2_P03_N4_S2_1.JPG,0,C2_P03,1640,1044,1932,1544,292,500,True
C3_P07_N3_S3_1.JPG,0,C3_P07,2952,88,3424,684,472,596,True
C1_P09_N3_S4_2.JPG,0,C1_P09,200,416,372,696,172,280,False
C1_P08_N2_S5_1.JPG,0,C1_P08,1108,2008,1268,2288,160,280,True
C1_P04_N2_S3_1.JPG,0,C1_P04,2780,1760,2996,2092,216,332,True
C1_P09_N1_S5_1.JPG,0,C1_P09,688,500,884,780,196,280,False
C4_P05_N5_S2_1.JPG,0,C4_P05,900,812,1108,1136,208,324,True
C1_P04_N2_S3_1.JPG,0,C1_P04,2620,396,2832,752,212,356,True
C4_P08_N1_S2_1.JPG,0,C4_P08,1056,588,1288,984,232,396,False
C3_P07_N5_S2_1.JPG,0,C3_P07,1940,1200,2272,1836,332,636,True
C2_P07_N2_S4_1.JPG,0,C2_P07,288,512,456,756,168,244,False
C3_P05_N1_S5_1.JPG,0,C3_P05,1148,1200,1312,1456,164,256,True
C2_P01_N1_S5_1.JPG,0,C2_P01,712,972,824,1128,112,156,True
C1_P10_N1_S5_1.JPG,0,C1_P10,280,1544,420,1772,140,228,True
C1_P02_N1_S5_1.JPG,0,C1_P02,1348,2068,1520,2396,172,328,True
C1_P03_N1_S4_2.JPG,0,C1_P03,1612,184,1736,360,124,176,False
C2_P08_N2_S4_1.JPG,0,C2_P08,372,528,524,768,152,240,False
C1_P08_N3_S3_1.JPG,0,C1_P08,1020,916,1276,1292,256,376,True
C1_P11_N1_S4_1.JPG,0,C1_P11,324,2096,560,2432,236,336,True
C1_P04_N1_S4_1.JPG,0,C1_P04,2640,728,2840,1040,200,312,True
C3_P02_N4_S2_1.JPG,0,C3_P02,392,1396,704,1820,312,424,True
C2_P02_N1_S3_1.JPG,0,C2_P02,2332,892,2544,1224,212,332,True
C3_P04_N4_S2_2.JPG,0,C3_P04,2020,1412,2292,1772,272,360,True
C3_P06_N1_S5_1.JPG,0,C3_P06,2908,1552,3064,1880,156,328,True
C1_P05_N1_S4_3.JPG,0,C1_P05,2280,2044,2496,2380,216,336,True
C3_P07_N2_S3_1.JPG,0,C3_P07,1600,1908,1860,2264,260,356,True
C1_P02_N1_S5_1.JPG,0,C1_P02,188,8,388,320,200,312,True
C4_P05_N3_S3_1.JPG,0,C4_P05,748,1248,936,1588,188,340,True
C4_P08_N1_S2_1.JPG,0,C4_P08,1704,664,1932,1032,228,368,False
C2_P02_N2_S3_1.JPG,0,C2_P02,1564,248,1776,548,212,300,True
C4_P07_N1_S4_1.JPG,0,C4_P07,304,1144,496,1468,192,324,True
C1_P04_N1_S4_1.JPG,0,C1_P04,620,60,800,412,180,352,True
C3_P01_N2_S3_2.JPG,0,C3_P01,812,1912,1052,2340,240,428,True
C1_P06_N3_S3_2.JPG,0,C1_P06,1384,1124,1616,1500,232,376,True
C4_P08_N1_S5_1.JPG,0,C4_P08,232,1040,364,1236,132,196,False
C3_P03_N2_S3_1.JPG,0,C3_P03,752,1984,1004,2348,252,364,True
C3_P05_N1_S5_1.JPG,0,C3_P05,2596,1212,2760,1484,164,272,True
C1_P03_N1_S3_1.JPG,0,C1_P03,2192,1024,2372,1268,180,244,False
C3_P02_N2_S2_1.JPG,0,C3_P02,584,400,852,756,268,356,True
C2_P01_N1_S3_1.JPG,0,C2_P01,280,1236,432,1420,152,184,True
C1_P12_N1_S3_1.JPG,0,C1_P12,988,260,1236,636,248,376,True
C4_P06_N4_S3_1.JPG,0,C4_P06,784,232,972,588,188,356,True
C4_P02_N1_S3_1.JPG,0,C4_P02,40,800,232,1072,192,272,True
C1_P08_N2_S4_2.JPG,0,C1_P08,2780,1968,2972,2264,192,296,True
C2_P08_N1_S6_2.JPG,0,C2_P08,880,992,984,1156,104,164,False
C2_P08_N2_S4_1.JPG,0,C2_P08,824,924,972,1144,148,220,False
C1_P03_N1_S3_2.JPG,0,C1_P03,396,1532,572,1756,176,224,False
C2_P06_N3_S3_1.JPG,0,C2_P06,2016,92,2192,360,176,268,False
C4_P05_N2_S3_1.JPG,0,C4_P05,1288,944,1496,1256,208,312,True
C4_P06_N1_S3_1.JPG,0,C4_P06,1696,980,1920,1292,224,312,True
C3_P01_N4_S2_1.JPG,0,C3_P01,2076,416,2444,980,368,564,True
C2_P08_N1_S3_2.JPG,0,C2_P08,1616,284,1824,604,208,320,False
C4_P07_N1_S3_2.JPG,0,C4_P07,2288,904,2468,1180,180,276,True
C2_P04_N2_S4_1.JPG,0,C2_P04,1620,1492,1792,1756,172,264,False
C2_P04_N2_S4_1.JPG,0,C2_P04,1280,1108,1432,1344,152,236,False
C3_P06_N3_S4_1.JPG,0,C3_P06,2748,716,2984,1148,236,432,True
C2_P06_N2_S4_2.JPG,0,C2_P06,476,936,636,1156,160,220,False
C2_P01_N1_S5_1.JPG,0,C2_P01,1012,972,1124,1112,112,140,True
C1_P11_N1_S4_1.JPG,0,C1_P11,2756,220,2976,548,220,328,True
C2_P06_N1_S3_1.JPG,0,C2_P06,56,120,252,364,196,244,False
C1_P09_N3_S4_2.JPG,0,C1_P09,548,1100,720,1356,172,256,False
C4_P08_N1_S4_1.JPG,0,C4_P08,1652,132,1844,428,192,296,False
C4_P03_N2_S4_1.JPG,0,C4_P03,856,1208,1032,1480,176,272,True
C4_P08_N1_S5_2.JPG,0,C4_P08,1732,684,1868,888,136,204,False
C3_P01_N2_S4_1.JPG,0,C3_P01,1460,1888,1648,2192,188,304,True
C1_P10_N3_S2_2.JPG,0,C1_P10,1944,1228,2240,1732,296,504,True
C3_P06_N1_S3_1.JPG,0,C3_P06,3536,1120,3732,1540,196,420,True
C4_P02_N2_S3_1.JPG,0,C4_P02,184,340,348,568,164,228,True
C2_P07_N1_S6_2.JPG,0,C2_P07,144,1068,240,1220,96,152,False
C1_P07_N1_S3_1.JPG,0,C1_P07,1924,1604,2128,1936,204,332,False
C2_P09_N1_S7_1.JPG,0,C2_P09,1032,1652,1132,1800,100,148,False
C1_P06_N1_S4_1.JPG,0,C1_P06,560,2044,764,2336,204,292,True
C4_P02_N2_S3_1.JPG,0,C4_P02,2432,1596,2596,1876,164,280,True
C4_P06_N2_S3_1.JPG,0,C4_P06,1552,328,1752,604,200,276,True
C4_P04_N1_S5_1.JPG,0,C4_P04,1292,532,1460,828,168,296,True
C3_P02_N1_S5_1.JPG,0,C3_P02,788,1092,952,1352,164,260,True
C1_P04_N2_S3_1.JPG,0,C1_P04,1948,1052,2152,1404,204,352,True
C1_P05_N3_S3_1.JPG,0,C1_P05,780,328,1016,692,236,364,True
C2_P06_N3_S4_1.JPG,0,C2_P06,1576,628,1756,884,180,256,False
C2_P09_N1_S7_2.JPG,0,C2_P09,1672,1552,1764,1684,92,132,False
C1_P09_N2_S4_1.JPG,0,C1_P09,1416,56,1608,360,192,304,False
C1_P04_N2_S3_1.JPG,0,C1_P04,2592,1076,2796,1428,204,352,True
C2_P01_N1_S5_2.JPG,0,C2_P01,896,1304,1012,1456,116,152,True
C2_P06_N2_S3_1.JPG,0,C2_P06,1164,1148,1336,1404,172,256,False
C4_P04_N2_S3_1.JPG,0,C4_P04,744,1140,992,1532,248,392,True
C1_P06_N1_S4_2.JPG,0,C1_P06,1268,1416,1464,1728,196,312,True
C1_P04_N3_S3_1.JPG,0,C1_P04,2744,1172,2944,1504,200,332,True
C2_P03_N1_S3_1.JPG,0,C2_P03,1628,240,1872,640,244,400,True
C4_P05_N1_S5_1.JPG,0,C4_P05,1356,488,1536,776,180,288,True
C3_P03_N1_S4_1.JPG,0,C3_P03,2548,1460,2732,1792,184,332,True
C1_P12_N1_S2_1.JPG,0,C1_P12,1228,532,1524,988,296,456,True
C3_P07_N3_S2_1.JPG,0,C3_P07,756,500,1140,992,384,492,True
C2_P01_N1_S4_1.JPG,0,C2_P01,120,992,240,1156,120,164,True
C4_P06_N1_S4_1.JPG,0,C4_P06,820,1292,1036,1616,216,324,True
C4_P02_N2_S3_1.JPG,0,C4_P02,1196,304,1384,544,188,240,True
C4_P04_N2_S2_1.JPG,0,C4_P04,2304,696,2536,1056,232,360,True
C2_P05_N2_S4_1.JPG,0,C2_P05,32,604,200,832,168,228,True
C1_P09_N1_S5_2.JPG,0,C1_P09,2132,712,2296,952,164,240,False
C4_P06_N1_S3_1.JPG,0,C4_P06,1052,1528,1252,1848,200,320,True
C2_P08_N2_S3_1.JPG,0,C2_P08,1420,820,1632,1176,212,356,False
C2_P08_N1_S3_1.JPG,0,C2_P08,112,124,352,532,240,408,False
C2_P01_N1_S5_2.JPG,0,C2_P01,1184,1312,1300,1464,116,152,True
C3_P04_N1_S4_1.JPG,0,C3_P04,1676,704,1888,1012,212,308,True
C2_P08_N3_S3_1.JPG,0,C2_P08,1420,1424,1628,1768,208,344,False
C1_P07_N1_S3_1.JPG,0,C1_P07,2756,976,2960,1308,204,332,False
C1_P04_N1_S5_2.JPG,0,C1_P04,1856,820,1996,1036,140,216,True
C4_P03_N2_S3_1.JPG,0,C4_P03,2424,132,2608,396,184,264,True
C4_P02_N1_S3_2.JPG,0,C4_P02,1848,876,2036,1120,188,244,True
C3_P04_N1_S3_1.JPG,0,C3_P04,1772,1172,2068,1592,296,420,True
C1_P03_N2_S3_2.JPG,0,C1_P03,912,1040,1108,1308,196,268,False
C2_P04_N1_S3_1.JPG,0,C2_P04,1612,1104,1780,1356,168,252,False
C4_P02_N1_S3_2.JPG,0,C4_P02,1948,1560,2124,1820,176,260,True
C2_P04_N1_S4_1.JPG,0,C2_P04,1852,1092,2024,1340,172,248,False
C3_P07_N3_S3_1.JPG,0,C3_P07,1492,1960,1752,2292,260,332,True
C3_P02_N1_S4_1.JPG,0,C3_P02,1092,932,1292,1220,200,288,True
C3_P07_N1_S6_1.JPG,0,C3_P07,244,1852,412,2080,168,228,True
C1_P03_N1_S3_1.JPG,0,C1_P03,1856,1696,2040,1956,184,260,False
C1_P09_N4_S3_1.JPG,0,C1_P09,980,444,1144,688,164,244,False
C1_P11_N2_S3_2.JPG,0,C1_P11,164,848,412,1236,248,388,True
C1_P07_N2_S3_3.JPG,0,C1_P07,1464,1660,1672,1948,208,288,False
C3_P05_N1_S3_1.JPG,0,C3_P05,1820,412,2028,692,208,280,True
C3_P01_N2_S3_2.JPG,0,C3_P01,1900,1232,2144,1636,244,404,True
C4_P08_N1_S3_1.JPG,0,C4_P08,2024,1616,2248,1928,224,312,False
C4_P02_N1_S3_2.JPG,0,C4_P02,2400,844,2564,1132,164,288,True
C1_P11_N1_S3_1.JPG,0,C1_P11,1696,1140,1952,1512,256,372,True
C1_P05_N1_S3_1.JPG,0,C1_P05,2944,656,3156,976,212,320,True
C1_P08_N2_S4_2.JPG,0,C1_P08,344,2048,520,2392,176,344,True
C1_P08_N3_S4_1.JPG,0,C1_P08,324,1440,584,1824,260,384,True
C4_P01_N2_S4_1.JPG,0,C4_P01,1904,72,2088,332,184,260,True
C3_P05_N1_S3_1.JPG,0,C3_P05,2880,444,3088,732,208,288,True
C3_P01_N1_S5_2.JPG,0,C3_P01,204,1660,368,1932,164,272,True
C1_P09_N2_S6_1.JPG,0,C1_P09,1512,88,1688,372,176,284,False
C1_P11_N1_S3_2.JPG,0,C1_P11,2672,500,2908,820,236,320,True
C3_P07_N1_S5_1.JPG,0,C3_P07,832,68,1032,340,200,272,True
C1_P07_N2_S3_1.JPG,0,C1_P07,2424,436,2628,732,204,296,False
C1_P03_N1_S3_1.JPG,0,C1_P03,1112,292,1300,556,188,264,False
C1_P09_N3_S4_1.JPG,0,C1_P09,1236,1268,1424,1560,188,292,False
C2_P05_N3_S3_1.JPG,0,C2_P05,1308,708,1484,996,176,288,True
C1_P08_N1_S4_1.JPG,0,C1_P08,1052,2064,1284,2432,232,368,True
C1_P02_N3_S3_1.JPG,0,C1_P02,612,180,944,696,332,516,True
C3_P01_N1_S3_1.JPG,0,C3_P01,960,1092,1240,1500,280,408,True
C3_P05_N1_S5_1.JPG,0,C3_P05,984,1196,1164,1436,180,240,True
C2_P08_N1_S6_2.JPG,0,C2_P08,476,140,592,308,116,168,False
C3_P07_N1_S6_1.JPG,0,C3_P07,408,2356,576,2588,168,232,True
C2_P07_N1_S4_1.JPG,0,C2_P07,1196,1412,1352,1664,156,252,False
C2_P08_N3_S3_2.JPG,0,C2_P08,1336,736,1516,1016,180,280,False
C3_P06_N1_S4_1.JPG,0,C3_P06,2832,728,3004,1116,172,388,True
C1_P05_N1_S4_2.JPG,0,C1_P05,604,1264,820,1676,216,412,True
C2_P01_N3_S3_1.JPG,0,C2_P01,1756,608,1908,832,152,224,True
C1_P11_N1_S4_1.JPG,0,C1_P11,572,2052,808,2388,236,336,True
C1_P03_N2_S3_2.JPG,0,C1_P03,2196,316,2420,584,224,268,False
C4_P07_N2_S4_1.JPG,0,C4_P07,816,1708,988,1972,172,264,True
C4_P06_N2_S3_1.JPG,0,C4_P06,1116,848,1316,1160,200,312,True
C1_P01_N1_S3_2.JPG,0,C1_P01,1492,104,1760,508,268,404,True
C4_P04_N1_S2_1.JPG,0,C4_P04,1640,988,1848,1384,208,396,True
C3_P07_N4_S2_1.JPG,0,C3_P07,1160,1548,1496,1976,336,428,True
C1_P06_N3_S3_1.JPG,0,C1_P06,688,1492,932,1832,244,340,True
C1_P04_N1_S3_2.JPG,0,C1_P04,3012,1664,3220,2020,208,356,True
C2_P08_N2_S3_1.JPG,0,C2_P08,1856,1408,2076,1752,220,344,False
C2_P02_N2_S3_1.JPG,0,C2_P02,1364,232,1576,532,212,300,True
C1_P02_N3_S3_1.JPG,0,C1_P02,2384,224,2632,740,248,516,True
C2_P07_N1_S2_1.JPG,0,C2_P07,1988,256,2244,700,256,444,False
C2_P08_N1_S6_2.JPG,0,C2_P08,656,1244,768,1428,112,184,False
C3_P05_N2_S2_1.JPG,0,C3_P05,264,1084,528,1556,264,472,True
C1_P09_N1_S5_2.JPG,0,C1_P09,1232,2044,1364,2276,132,232,False
C3_P05_N1_S3_1.JPG,0,C3_P05,1300,1672,1484,1972,184,300,True
C4_P08_N2_S4_1.JPG,0,C4_P08,1068,1736,1276,2044,208,308,False
C4_P04_N5_S2_1.JPG,0,C4_P04,1892,204,2136,544,244,340,True
C1_P02_N1_S3_1.JPG,0,C1_P02,2276,1776,2532,2288,256,512,True
C1_P12_N1_S4_1.JPG,0,C1_P12,88,1316,304,1696,216,380,True
C2_P01_N1_S5_2.JPG,0,C2_P01,468,240,564,384,96,144,True
C1_P01_N1_S3_1.JPG,0,C1_P01,992,284,1268,732,276,448,True
C1_P12_N4_S3_1.JPG,0,C1_P12,1416,1872,1668,2232,252,360,True
C2_P09_N1_S7_2.JPG,0,C2_P09,1872,1132,1964,1268,92,136,False
C3_P07_N1_S6_1.JPG,0,C3_P07,404,1848,572,2076,168,228,True
C1_P02_N1_S3_1.JPG,0,C1_P02,1536,1812,1856,2324,320,512,True
C2_P06_N2_S4_1.JPG,0,C2_P06,164,1532,320,1772,156,240,False
C1_P11_N2_S3_1.JPG,0,C1_P11,1560,1408,1792,1776,232,368,True
C1_P05_N1_S4_2.JPG,0,C1_P05,584,1896,800,2264,216,368,True
C3_P03_N1_S3_1.JPG,0,C3_P03,1436,252,1692,596,256,344,True
C2_P06_N3_S3_1.JPG,0,C2_P06,408,572,580,836,172,264,False
C2_P09_N1_S7_1.JPG,0,C2_P09,1296,1644,1396,1792,100,148,False
C2_P08_N3_S3_1.JPG,0,C2_P08,1864,872,2072,1196,208,324,False
C4_P06_N1_S4_1.JPG,0,C4_P06,1688,760,1904,1072,216,312,True
C4_P08_N1_S4_1.JPG,0,C4_P08,1992,1700,2184,1996,192,296,False
C1_P05_N2_S3_1.JPG,0,C1_P05,112,1524,344,1916,232,392,True
C2_P01_N1_S3_1.JPG,0,C2_P01,500,752,636,924,136,172,True
C4_P01_N1_S2_1.JPG,0,C4_P01,2308,436,2504,712,196,276,True
C1_P11_N1_S3_2.JPG,0,C1_P11,2660,1052,2884,1376,224,324,True
C2_P01_N1_S5_2.JPG,0,C2_P01,808,628,904,772,96,144,True
C1_P09_N1_S5_2.JPG,0,C1_P09,1364,1648,1532,1916,168,268,False
C1_P11_N2_S4_2.JPG,0,C1_P11,2680,1284,2892,1592,212,308,True
C2_P04_N1_S5_1.JPG,0,C2_P04,1060,904,1180,1100,120,196,False
C2_P05_N3_S3_2.JPG,0,C2_P05,768,724,952,968,184,244,True
C2_P04_N1_S3_1.JPG,0,C2_P04,912,656,1072,904,160,248,False
C3_P05_N2_S3_1.JPG,0,C3_P05,3596,432,3828,804,232,372,True
C1_P09_N2_S6_1.JPG,0,C1_P09,984,1884,1152,2144,168,260,False
C1_P11_N1_S5_1.JPG,0,C1_P11,668,2064,836,2348,168,284,True
C2_P05_N3_S3_1.JPG,0,C2_P05,100,676,308,980,208,304,True
C2_P07_N1_S3_1.JPG,0,C2_P07,1456,136,1652,452,196,316,False
C4_P07_N2_S4_1.JPG,0,C4_P07,972,1732,1144,1996,172,264,True
C2_P08_N2_S4_1.JPG,0,C2_P08,1104,1252,1252,1504,148,252,False
C1_P10_N2_S4_1.JPG,0,C1_P10,1000,336,1196,580,196,244,True
C1_P04_N4_S2_1.JPG,0,C1_P04,2652,260,2908,684,256,424,True
C3_P07_N5_S2_1.JPG,0,C3_P07,248,1184,688,1824,440,640,True
C2_P01_N1_S4_1.JPG,0,C2_P01,924,988,1044,1152,120,164,True
C4_P07_N2_S3_2.JPG,0,C4_P07,1988,1408,2160,1696,172,288,True
C2_P01_N4_S2_1.JPG,0,C2_P01,1176,856,1352,1104,176,248,True
C4_P08_N1_S3_1.JPG,0,C4_P08,852,1008,1076,1320,224,312,False
C2_P07_N1_S6_1.JPG,0,C2_P07,252,1208,352,1356,100,148,False
C2_P06_N2_S4_2.JPG,0,C2_P06,392,1380,536,1564,144,184,False
C1_P03_N1_S4_1.JPG,0,C1_P03,2088,896,2252,1120,164,224,False
C2_P08_N2_S3_2.JPG,0,C2_P08,248,1276,444,1580,196,304,False
C3_P02_N3_S2_1.JPG,0,C3_P02,708,1468,1008,1864,300,396,True
C2_P08_N2_S4_1.JPG,0,C2_P08,828,1292,976,1512,148,220,False
C4_P05_N1_S5_1.JPG,0,C4_P05,1944,1380,2132,1644,188,264,True
C2_P07_N3_S3_1.JPG,0,C2_P07,1428,1240,1620,1516,192,276,False
C1_P03_N1_S2_2.JPG,0,C1_P03,1696,260,1904,540,208,280,False
C1_P05_N1_S3_1.JPG,0,C1_P05,2708,1256,2932,1576,224,320,True
C3_P05_N2_S4_1.JPG,0,C3_P05,2432,1924,2616,2196,184,272,True
C4_P07_N1_S4_1.JPG,0,C4_P07,492,576,688,920,196,344,True
C4_P07_N3_S3_2.JPG,0,C4_P07,2332,280,2520,576,188,296,True
C1_P01_N3_S3_1.JPG,0,C1_P01,700,1080,1024,1572,324,492,True
C2_P02_N1_S5_1.JPG,0,C2_P02,628,1504,748,1664,120,160,True
C2_P07_N3_S3_1.JPG,0,C2_P07,1264,744,1440,1020,176,276,False
C1_P08_N4_S4_1.JPG,0,C1_P08,100,888,372,1308,272,420,True
C3_P02_N2_S4_1.JPG,0,C3_P02,2268,2096,2452,2360,184,264,True
C1_P07_N1_S3_1.JPG,0,C1_P07,660,332,852,632,192,300,False
C1_P03_N1_S3_2.JPG,0,C1_P03,2120,276,2284,508,164,232,False
C4_P03_N1_S3_1.JPG,0,C4_P03,2024,240,2212,484,188,244,True
C1_P03_N3_S2_1.JPG,0,C1_P03,2936,544,3156,868,220,324,False
C3_P07_N3_S3_1.JPG,0,C3_P07,1048,180,1396,676,348,496,True
C2_P03_N1_S4_1.JPG,0,C2_P03,912,204,1112,492,200,288,True
C3_P05_N2_S3_1.JPG,0,C3_P05,1868,428,2100,800,232,372,True
C3_P02_N1_S5_1.JPG,0,C3_P02,80,1116,244,1348,164,232,True
C2_P08_N1_S6_1.JPG,0,C2_P08,892,80,1012,260,120,180,False
C2_P05_N2_S3_1.JPG,0,C2_P05,1896,696,2116,996,220,300,True
C4_P07_N2_S3_1.JPG,0,C4_P07,536,768,728,1108,192,340,True
C4_P03_N3_S3_2.JPG,0,C4_P03,1164,1580,1356,1920,192,340,True
C4_P07_N3_S3_2.JPG,0,C4_P07,404,1312,576,1636,172,324,True
C4_P07_N1_S4_2.JPG,0,C4_P07,1140,1136,1312,1416,172,280,True
C1_P08_N1_S4_1.JPG,0,C1_P08,2576,848,2788,1160,212,312,True
C3_P03_N1_S5_1.JPG,0,C3_P03,1372,1156,1524,1384,152,228,True
C4_P06_N1_S3_1.JPG,0,C4_P06,444,1472,644,1816,200,344,True
C4_P01_N2_S4_1.JPG,0,C4_P01,668,1216,840,1472,172,256,True
C3_P02_N1_S3_1.JPG,0,C3_P02,2928,1148,3188,1480,260,332,True
C2_P02_N2_S2_1.JPG,0,C2_P02,220,288,436,644,216,356,True
C1_P04_N1_S3_2.JPG,0,C1_P04,4,276,168,616,164,340,True
C1_P04_N4_S2_1.JPG,0,C1_P04,368,272,620,688,252,416,True
C1_P12_N1_S2_1.JPG,0,C1_P12,1220,1424,1544,1932,324,508,True
C4_P07_N1_S4_1.JPG,0,C4_P07,1580,1704,1784,1996,204,292,True
C4_P02_N1_S3_1.JPG,0,C4_P02,388,864,544,1088,156,224,True
C4_P08_N2_S3_1.JPG,0,C4_P08,2184,32,2408,392,224,360,False
C3_P01_N1_S5_2.JPG,0,C3_P01,800,716,932,1032,132,316,True
C4_P08_N1_S5_1.JPG,0,C4_P08,1720,684,1852,880,132,196,False
C2_P04_N1_S5_1.JPG,0,C2_P04,588,212,696,428,108,216,False
C1_P04_N1_S3_2.JPG,0,C1_P04,2812,280,3020,632,208,352,True
C3_P02_N1_S5_1.JPG,0,C3_P02,444,632,608,864,164,232,True
C4_P07_N3_S3_1.JPG,0,C4_P07,2184,292,2388,580,204,288,True
C1_P01_N2_S4_1.JPG,0,C1_P01,1132,104,1392,508,260,404,True
C3_P02_N1_S2_1.JPG,0,C3_P02,980,456,1236,832,256,376,True
C4_P05_N1_S4_1.JPG,0,C4_P05,1912,672,2116,968,204,296,True
C3_P06_N2_S3_1.JPG,0,C3_P06,700,1696,936,2076,236,380,True
C4_P07_N1_S4_2.JPG,0,C4_P07,2444,176,2612,412,168,236,True
C4_P03_N2_S4_1.JPG,0,C4_P03,332,1204,508,1476,176,272,True
C1_P06_N3_S3_2.JPG,0,C1_P06,864,1196,1096,1528,232,332,True
C1_P09_N3_S4_2.JPG,0,C1_P09,676,772,848,1028,172,256,False
C4_P07_N1_S5_1.JPG,0,C4_P07,1620,956,1760,1196,140,240,True
C3_P06_N3_S4_1.JPG,0,C3_P06,1428,56,1668,476,240,420,True
C4_P07_N3_S3_2.JPG,0,C4_P07,1476,812,1660,1096,184,284,True
C4_P07_N2_S4_1.JPG,0,C4_P07,1624,1688,1796,1972,172,284,True
C1_P06_N2_S3_3.JPG,0,C1_P06,216,1088,436,1408,220,320,True
C4_P05_N1_S2_1.JPG,0,C4_P05,2096,404,2284,692,188,288,True
C4_P08_N1_S5_1.JPG,0,C4_P08,1056,300,1188,508,132,208,False
C3_P02_N1_S5_1.JPG,0,C3_P02,772,1576,932,1832,160,256,True
C1_P03_N2_S3_1.JPG,0,C1_P03,68,1748,276,2068,208,320,False
C3_P01_N4_S3_1.JPG,0,C3_P01,1212,1704,1460,2124,248,420,True
C1_P05_N4_S3_1.JPG,0,C1_P05,2040,272,2252,632,212,360,True
C2_P08_N1_S3_1.JPG,0,C2_P08,1932,840,2172,1192,240,352,False
C1_P01_N1_S2_1.JPG,0,C1_P01,536,1556,788,1932,252,376,True
C1_P10_N1_S5_1.JPG,0,C1_P10,148,1544,288,1772,140,228,True
C2_P06_N1_S5_1.JPG,0,C2_P06,284,1176,396,1344,112,168,False
C2_P01_N1_S5_1.JPG,0,C2_P01,1040,1312,1144,1472,104,160,True
C1_P10_N1_S3_1.JPG,0,C1_P10,1936,192,2168,556,232,364,True
C2_P02_N2_S4_1.JPG,0,C2_P02,636,1520,800,1812,164,292,True
C3_P07_N1_S5_1.JPG,0,C3_P07,2448,2120,2616,2376,168,256,True
C4_P02_N3_S2_1.JPG,0,C4_P02,2488,1020,2668,1316,180,296,True
C2_P05_N2_S2_1.JPG,0,C2_P05,296,48,516,348,220,300,True
C2_P06_N2_S4_2.JPG,0,C2_P06,1312,548,1428,760,116,212,False
C3_P03_N2_S4_1.JPG,0,C3_P03,1372,1468,1552,1728,180,260,True
C4_P04_N2_S4_1.JPG,0,C4_P04,416,504,624,860,208,356,True
C4_P08_N3_S3_1.JPG,0,C4_P08,1020,904,1268,1240,248,336,False
C1_P09_N2_S6_1.JPG,0,C1_P09,608,92,812,344,204,252,False
C4_P08_N1_S3_1.JPG,0,C4_P08,1056,1016,1280,1328,224,312,False
C1_P02_N2_S3_1.JPG,0,C1_P02,1844,1896,2164,2368,320,472,True
C2_P03_N2_S2_1.JPG,0,C2_P03,2128,304,2344,848,216,544,True
C2_P04_N1_S4_1.JPG,0,C2_P04,1400,1084,1572,1332,172,248,False
C2_P08_N1_S6_2.JPG,0,C2_P08,48,716,156,880,108,164,False
C1_P10_N3_S2_1.JPG,0,C1_P10,2820,1404,3100,1812,280,408,True
C1_P09_N1_S5_2.JPG,0,C1_P09,1520,708,1684,956,164,248,False
C1_P09_N1_S5_2.JPG,0,C1_P09,748,672,912,936,164,264,False
C3_P05_N3_S3_1.JPG,0,C3_P05,1432,1852,1644,2196,212,344,True
C1_P06_N3_S3_1.JPG,0,C1_P06,1156,764,1376,1140,220,376,True
C3_P04_N2_S3_1.JPG,0,C3_P04,404,1792,720,2244,316,452,True
C2_P05_N2_S5_1.JPG,0,C2_P05,1184,60,1296,224,112,164,True
C2_P04_N1_S3_1.JPG,0,C2_P04,1924,1092,2092,1344,168,252,False
C2_P07_N1_S4_1.JPG,0,C2_P07,1056,1420,1212,1672,156,252,False
C2_P05_N1_S5_1.JPG,0,C2_P05,356,1564,480,1748,124,184,True
C3_P06_N4_S3_1.JPG,0,C3_P06,152,1200,452,1636,300,436,True
C4_P08_N2_S3_2.JPG,0,C4_P08,212,1456,424,1764,212,308,False
C3_P02_N2_S2_1.JPG,0,C3_P02,1112,396,1380,752,268,356,True
C4_P02_N1_S3_2.JPG,0,C4_P02,928,872,1116,1108,188,236,True
C1_P05_N2_S3_1.JPG,0,C1_P05,760,1560,992,1920,232,360,True
C2_P09_N1_S7_2.JPG,0,C2_P09,988,356,1080,508,92,152,False
C2_P01_N1_S3_1.JPG,0,C2_P01,812,1224,964,1408,152,184,True
C1_P03_N1_S4_1.JPG,0,C1_P03,576,2052,744,2304,168,252,False
C2_P09_N1_S7_1.JPG,0,C2_P09,1272,956,1372,1096,100,140,False
C2_P03_N2_S3_1.JPG,0,C2_P03,1932,796,2164,1188,232,392,True
C3_P05_N2_S3_1.JPG,0,C3_P05,3360,432,3592,804,232,372,True
C1_P08_N2_S3_1.JPG,0,C1_P08,2992,920,3208,1296,216,376,True
C2_P04_N1_S5_1.JPG,0,C2_P04,820,244,952,428,132,184,False
C2_P02_N1_S5_1.JPG,0,C2_P02,616,1216,732,1384,116,168,True
C1_P04_N1_S4_1.JPG,0,C1_P04,1612,1968,1820,2316,208,348,True
C3_P01_N1_S5_2.JPG,0,C3_P01,1248,2028,1396,2288,148,260,True
C1_P05_N1_S4_1.JPG,0,C1_P05,816,840,1056,1156,240,316,True
C2_P05_N3_S3_2.JPG,0,C2_P05,1408,1192,1568,1436,160,244,True
C2_P06_N1_S5_1.JPG,0,C2_P06,640,1168,772,1336,132,168,False
C4_P05_N1_S4_1.JPG,0,C4_P05,292,140,464,392,172,252,True
C2_P04_N1_S2_1.JPG,0,C2_P04,552,828,728,1104,176,276,False
C3_P07_N3_S3_1.JPG,0,C3_P07,312,1156,620,1520,308,364,True
C1_P01_N2_S3_1.JPG,0,C1_P01,1920,200,2232,692,312,492,True
C3_P01_N1_S5_2.JPG,0,C3_P01,984,1236,1148,1508,164,272,True
C2_P08_N1_S6_2.JPG,0,C2_P08,156,1516,260,1684,104,168,False
C1_P04_N1_S5_2.JPG,0,C1_P04,512,824,652,1036,140,212,True
C2_P06_N3_S4_1.JPG,0,C2_P06,1736,612,1916,900,180,288,False
C2_P02_N1_S5_1.JPG,0,C2_P02,172,608,280,776,108,168,True
C1_P04_N1_S3_1.JPG,0,C1_P04,988,1952,1208,2320,220,368,True
C2_P04_N1_S5_1.JPG,0,C2_P04,1348,1536,1484,1736,136,200,False
C3_P03_N2_S4_1.JPG,0,C3_P03,1764,2000,1932,2300,168,300,True
C1_P06_N1_S4_2.JPG,0,C1_P06,1072,1460,1268,1740,196,280,True
C2_P01_N4_S2_1.JPG,0,C2_P01,1020,864,1196,1112,176,248,True
C4_P06_N2_S3_1.JPG,0,C4_P06,352,1364,548,1660,196,296,True
C4_P08_N1_S2_1.JPG,0,C4_P08,2136,1300,2392,1644,256,344,False
C2_P09_N1_S7_2.JPG,0,C2_P09,444,860,548,1024,104,164,False
C4_P08_N1_S5_1.JPG,0,C4_P08,1324,676,1456,888,132,212,False
C2_P02_N1_S5_1.JPG,0,C2_P02,1244,1764,1352,1928,108,164,True
C1_P12_N2_S2_1.JPG,0,C1_P12,2008,456,2356,968,348,512,True
C1_P04_N2_S3_1.JPG,0,C1_P04,1284,1732,1500,2084,216,352,True
C1_P08_N3_S4_1.JPG,0,C1_P08,2324,200,2592,564,268,364,True
C2_P05_N2_S5_1.JPG,0,C2_P05,1056,712,1168,892,112,180,True
C2_P02_N2_S4_1.JPG,0,C2_P02,932,220,1104,516,172,296,True
C2_P01_N1_S2_1.JPG,0,C2_P01,1660,252,1828,476,168,224,True
C3_P01_N1_S5_1.JPG,0,C3_P01,1240,320,1420,576,180,256,True
C1_P12_N4_S3_1.JPG,0,C1_P12,1424,1124,1720,1580,296,456,True
C4_P02_N2_S3_1.JPG,0,C4_P02,2496,248,2656,548,160,300,True
C4_P08_N2_S2_1.JPG,0,C4_P08,348,272,596,620,248,348,False
C4_P07_N2_S4_1.JPG,0,C4_P07,2456,200,2640,460,184,260,True
C3_P03_N1_S3_1.JPG,0,C3_P03,416,1940,696,2356,280,416,True
C1_P12_N1_S3_1.JPG,0,C1_P12,140,1720,408,2196,268,476,True
C1_P08_N2_S4_1.JPG,0,C1_P08,2908,1964,3132,2280,224,316,True
C3_P01_N2_S4_1.JPG,0,C3_P01,528,860,720,1176,192,316,True
C4_P06_N1_S3_1.JPG,0,C4_P06,116,952,300,1296,184,344,True
C3_P06_N3_S4_2.JPG,0,C3_P06,920,1460,1128,1748,208,288,True
C1_P09_N1_S5_2.JPG,0,C1_P09,1052,676,1216,940,164,264,False
C2_P02_N3_S2_1.JPG,0,C2_P02,2216,284,2428,600,212,316,True
C2_P04_N1_S5_1.JPG,0,C2_P04,972,592,1092,780,120,188,False
C2_P09_N1_S7_1.JPG,0,C2_P09,1372,1172,1472,1312,100,140,False
C2_P08_N1_S3_1.JPG,0,C2_P08,816,184,1060,548,244,364,False
C1_P08_N1_S4_1.JPG,0,C1_P08,2808,1384,3008,1752,200,368,True
C1_P02_N3_S2_1.JPG,0,C1_P02,92,1600,456,2152,364,552,True
C4_P07_N1_S3_1.JPG,0,C4_P07,2180,1516,2372,1816,192,300,True
C3_P07_N1_S6_1.JPG,0,C3_P07,292,212,468,472,176,260,True
C4_P05_N1_S5_1.JPG,0,C4_P05,1332,1804,1500,2092,168,288,True
C1_P04_N1_S5_2.JPG,0,C1_P04,1728,2064,1860,2276,132,212,True
C1_P12_N2_S3_1.JPG,0,C1_P12,1740,372,1984,812,244,440,True
C1_P09_N4_S3_1.JPG,0,C1_P09,1440,124,1628,364,188,240,False
C2_P09_N1_S7_2.JPG,0,C2_P09,1960,396,2052,556,92,160,False
C1_P04_N1_S5_2.JPG,0,C1_P04,1320,820,1460,1036,140,216,True
C2_P04_N1_S4_1.JPG,0,C2_P04,1928,672,2092,912,164,240,False
C3_P01_N2_S3_2.JPG,0,C3_P01,2188,1228,2432,1632,244,404,True
C4_P08_N1_S4_1.JPG,0,C4_P08,1276,88,1468,408,192,320,False
C2_P03_N1_S5_1.JPG,0,C2_P03,332,1604,464,1812,132,208,True
C4_P07_N2_S3_1.JPG,0,C4_P07,2512,252,2720,540,208,288,True
C2_P04_N3_S3_1.JPG,0,C2_P04,340,192,524,468,184,276,False
C2_P06_N1_S3_1.JPG,0,C2_P06,92,1192,268,1436,176,244,False
C2_P01_N2_S4_1.JPG,0,C2_P01,1136,296,1256,456,120,160,True
C4_P06_N1_S3_1.JPG,0,C4_P06,1124,380,1308,668,184,288,True
C4_P06_N1_S3_1.JPG,0,C4_P06,716,380,900,668,184,288,True
C1_P05_N1_S4_3.JPG,0,C1_P05,620,884,856,1216,236,332,True
C1_P08_N2_S5_1.JPG,0,C1_P08,2364,344,2500,572,136,228,True
C2_P07_N1_S6_1.JPG,0,C2_P07,360,1428,460,1600,100,172,False
C2_P05_N3_S3_1.JPG,0,C2_P05,1432,1216,1636,1520,204,304,True
C1_P04_N1_S4_1.JPG,0,C1_P04,2620,1996,2816,2308,196,312,True
C2_P08_N2_S3_1.JPG,0,C2_P08,1860,780,2072,1164,212,384,False
C3_P06_N2_S3_2.JPG,0,C3_P06,3404,244,3656,732,252,488,True
C4_P02_N3_S2_1.JPG,0,C4_P02,328,1036,496,1268,168,232,True
C1_P11_N2_S4_2.JPG,0,C1_P11,692,1256,908,1664,216,408,True
C1_P02_N1_S3_1.JPG,0,C1_P02,920,1836,1240,2348,320,512,True
C1_P11_N2_S3_2.JPG,0,C1_P11,2656,1448,2860,1764,204,316,True
C4_P07_N2_S3_2.JPG,0,C4_P07,1984,876,2164,1168,180,292,True
C2_P06_N3_S4_1.JPG,0,C2_P06,404,1064,564,1308,160,244,False
C1_P11_N2_S4_3.JPG,0,C1_P11,2436,780,2636,1076,200,296,True
C3_P06_N1_S4_1.JPG,0,C3_P06,1252,1872,1428,2244,176,372,True
C2_P06_N2_S3_1.JPG,0,C2_P06,628,1192,800,1416,172,224,False
C3_P05_N1_S5_1.JPG,0,C3_P05,1660,1212,1804,1448,144,236,True
C3_P03_N2_S4_1.JPG,0,C3_P03,532,1996,716,2312,184,316,True
C1_P05_N1_S4_1.JPG,0,C1_P05,1468,856,1676,1172,208,316,True
C1_P06_N3_S3_1.JPG,0,C1_P06,216,1524,460,1884,244,360,True
C4_P05_N1_S3_1.JPG,0,C4_P05,1924,916,2140,1228,216,312,True
C4_P04_N2_S4_1.JPG,0,C4_P04,396,108,588,424,192,316,True
C1_P11_N2_S4_1.JPG,0,C1_P11,1080,304,1308,640,228,336,True
C1_P04_N1_S5_2.JPG,0,C1_P04,140,408,248,580,108,172,True
C2_P08_N4_S3_1.JPG,0,C2_P08,904,184,1100,572,196,388,False
C4_P06_N1_S3_1.JPG,0,C4_P06,1884,1524,2084,1844,200,320,True
C3_P05_N3_S3_1.JPG,0,C3_P05,1900,456,2136,848,236,392,True
C1_P10_N1_S5_1.JPG,0,C1_P10,1588,1584,1744,1816,156,232,True
C2_P03_N2_S4_1.JPG,0,C2_P03,464,1060,652,1336,188,276,True
C2_P02_N1_S2_1.JPG,0,C2_P02,2356,528,2572,844,216,316,True
C1_P04_N2_S4_1.JPG,0,C1_P04,2056,196,2256,532,200,336,True
C3_P03_N1_S4_1.JPG,0,C3_P03,1324,2136,1544,2424,220,288,True
C2_P05_N1_S5_1.JPG,0,C2_P05,1428,140,1560,348,132,208,True
C2_P07_N2_S2_1.JPG,0,C2_P07,244,996,488,1384,244,388,False
C3_P02_N3_S3_1.JPG,0,C3_P02,2872,1848,3124,2224,252,376,True
C3_P02_N2_S4_1.JPG,0,C3_P02,2344,884,2556,1164,212,280,True
C2_P07_N1_S6_1.JPG,0,C2_P07,212,112,320,320,108,208,False
C2_P07_N2_S4_1.JPG,0,C2_P07,168,1284,316,1556,148,272,False
C1_P08_N2_S4_1.JPG,0,C1_P08,2136,800,2360,1152,224,352,True
C4_P01_N2_S4_1.JPG,0,C4_P01,1352,76,1536,336,184,260,True
C1_P01_N1_S5_1.JPG,0,C1_P01,1068,576,1260,856,192,280,True
C3_P05_N1_S4_1.JPG,0,C3_P05,2480,1012,2664,1300,184,288,True
C1_P09_N1_S5_1.JPG,0,C1_P09,2104,956,2268,1196,164,240,False
C2_P04_N2_S4_1.JPG,0,C2_P04,1960,1488,2112,1752,152,264,False
C1_P05_N3_S4_1.JPG,0,C1_P05,1640,748,1860,1088,220,340,True
C4_P07_N1_S3_2.JPG,0,C4_P07,1760,364,1948,652,188,288,True
C2_P02_N3_S3_1.JPG,0,C2_P02,1400,1248,1600,1600,200,352,True
C4_P07_N2_S3_2.JPG,0,C4_P07,1092,328,1284,660,192,332,True
C3_P06_N2_S3_1.JPG,0,C3_P06,1608,1708,1876,2096,268,388,True
C4_P08_N1_S4_1.JPG,0,C4_P08,2212,684,2412,992,200,308,False
C2_P05_N2_S5_1.JPG,0,C2_P05,1272,728,1364,876,92,148,True
C1_P12_N1_S3_1.JPG,0,C1_P12,1548,1016,1824,1432,276,416,True
C1_P11_N2_S4_2.JPG,0,C1_P11,2708,108,2916,452,208,344,True
C4_P05_N2_S3_1.JPG,0,C4_P05,2048,1480,2252,1804,204,324,True
C2_P08_N3_S3_1.JPG,0,C2_P08,508,256,760,620,252,364,False
C3_P04_N2_S4_1.JPG,0,C3_P04,1080,1188,1280,1532,200,344,True
C4_P05_N1_S2_1.JPG,0,C4_P05,168,420,356,688,188,268,True
C4_P08_N1_S5_2.JPG,0,C4_P08,1200,1428,1336,1636,136,208,False
C2_P04_N1_S2_1.JPG,0,C2_P04,1968,880,2160,1164,192,284,False
C3_P02_N2_S3_1.JPG,0,C3_P02,1908,1812,2132,2164,224,352,True
C1_P03_N2_S2_1.JPG,0,C1_P03,692,1148,928,1528,236,380,False
C3_P02_N3_S3_1.JPG,0,C3_P02,2468,1184,2740,1532,272,348,True
C3_P02_N1_S5_1.JPG,0,C3_P02,1920,152,2084,384,164,232,True
C1_P12_N3_S3_1.JPG,0,C1_P12,1620,1676,1852,2072,232,396,True
C1_P04_N1_S4_1.JPG,0,C1_P04,1008,1996,1204,2316,196,320,True
C4_P07_N1_S4_1.JPG,0,C4_P07,856,1164,1048,1456,192,292,True
C1_P09_N3_S4_1.JPG,0,C1_P09,2280,1236,2468,1528,188,292,False
C1_P06_N2_S3_3.JPG,0,C1_P06,1844,1764,2096,2092,252,328,True
C2_P06_N2_S4_1.JPG,0,C2_P06,388,44,568,288,180,244,False
C1_P11_N2_S4_2.JPG,0,C1_P11,1740,104,1948,448,208,344,True
C3_P06_N3_S4_2.JPG,0,C3_P06,272,1380,520,1732,248,352,True
C1_P08_N4_S3_1.JPG,0,C1_P08,840,916,1092,1320,252,404,True
C1_P12_N1_S4_1.JPG,0,C1_P12,520,776,736,1088,216,312,True
C1_P02_N1_S5_1.JPG,0,C1_P02,328,1092,492,1388,164,296,True
C3_P07_N1_S4_1.JPG,0,C3_P07,2512,1980,2716,2272,204,292,True
C4_P03_N2_S4_1.JPG,0,C4_P03,1788,1204,1964,1484,176,280,True
C3_P05_N1_S4_1.JPG,0,C3_P05,1004,1504,1188,1800,184,296,True
C2_P07_N1_S6_1.JPG,0,C2_P07,736,964,836,1112,100,148,False
C3_P01_N1_S4_1.JPG,0,C3_P01,144,772,372,1104,228,332,True
C4_P04_N1_S5_1.JPG,0,C4_P04,1276,152,1444,452,168,300,True
C1_P06_N1_S3_2.JPG,0,C1_P06,2136,1740,2356,2044,220,304,True
C2_P07_N2_S3_1.JPG,0,C2_P07,560,676,752,956,192,280,False
C2_P01_N2_S4_1.JPG,0,C2_P01,40,660,160,852,120,192,True
C2_P07_N1_S6_2.JPG,0,C2_P07,520,1308,624,1476,104,168,False
C1_P04_N1_S3_1.JPG,0,C1_P04,768,1240,996,1600,228,360,True
C4_P05_N5_S2_1.JPG,0,C4_P05,1108,804,1316,1128,208,324,True
C4_P06_N4_S3_1.JPG,0,C4_P06,2016,776,2212,1080,196,304,True
C1_P08_N3_S4_2.JPG,0,C1_P08,1924,384,2152,732,228,348,True
C4_P07_N2_S3_1.JPG,0,C4_P07,2176,808,2368,1104,192,296,True
C1_P05_N1_S4_1.JPG,0,C1_P05,1044,844,1284,1160,240,316,True
C3_P02_N2_S2_2.JPG,0,C3_P02,1004,1340,1292,1728,288,388,True
C1_P04_N1_S4_1.JPG,0,C1_P04,2032,732,2232,1044,200,312,True
C2_P09_N1_S7_2.JPG,0,C2_P09,1976,136,2072,296,96,160,False
C1_P08_N2_S4_1.JPG,0,C1_P08,1904,1992,2120,2316,216,324,True
C1_P03_N1_S2_2.JPG,0,C1_P03,356,272,564,552,208,280,False
C4_P08_N3_S3_2.JPG,0,C4_P08,1260,976,1472,1364,212,388,False
C2_P08_N3_S3_1.JPG,0,C2_P08,1876,204,2084,608,208,404,False
C3_P06_N3_S4_1.JPG,0,C3_P06,1264,1800,1488,2140,224,340,True
C4_P07_N3_S3_2.JPG,0,C4_P07,2152,784,2344,1084,192,300,True
C4_P06_N2_S3_1.JPG,0,C4_P06,1716,1340,1884,1688,168,348,True
C2_P03_N2_S3_1.JPG,0,C2_P03,892,160,1140,556,248,396,True
C1_P03_N1_S2_2.JPG,0,C1_P03,2004,1000,2224,1300,220,300,False
C2_P01_N3_S3_1.JPG,0,C2_P01,204,1084,356,1308,152,224,True
C3_P04_N1_S2_1.JPG,0,C3_P04,752,1484,1132,2068,380,584,True
C1_P12_N2_S4_1.JPG,0,C1_P12,528,1488,748,1820,220,332,True
C4_P05_N1_S5_1.JPG,0,C4_P05,684,1340,852,1616,168,276,True
C1_P04_N3_S3_1.JPG,0,C1_P04,1904,1132,2120,1512,216,380,True
C2_P07_N1_S4_1.JPG,0,C2_P07,0,540,156,828,156,288,False
C1_P11_N2_S4_1.JPG,0,C1_P11,1668,1496,1884,1820,216,324,True
C2_P06_N1_S4_1.JPG,0,C2_P06,164,16,328,236,164,220,False
C1_P11_N1_S4_2.JPG,0,C1_P11,2408,1412,2596,1692,188,280,True
C4_P03_N2_S4_1.JPG,0,C4_P03,1044,1156,1232,1484,188,328,True
C2_P03_N1_S4_1.JPG,0,C2_P03,1280,224,1440,500,160,276,True
C1_P01_N1_S3_1.JPG,0,C1_P01,1580,308,1856,756,276,448,True
C1_P05_N1_S3_1.JPG,0,C1_P05,832,1892,1056,2240,224,348,True
C3_P02_N1_S2_2.JPG,0,C3_P02,2652,512,2904,864,252,352,True
C2_P05_N2_S4_1.JPG,0,C2_P05,1724,172,1892,400,168,228,True
C1_P11_N1_S3_1.JPG,0,C1_P11,2724,1164,2944,1492,220,328,True
C2_P08_N3_S3_2.JPG,0,C2_P08,784,1200,964,1480,180,280,False
C1_P03_N1_S4_1.JPG,0,C1_P03,2480,1528,2648,1764,168,236,False
C1_P11_N1_S3_1.JPG,0,C1_P11,1684,532,1940,880,256,348,True
C1_P04_N1_S3_2.JPG,0,C1_P04,1256,220,1480,616,224,396,True
C1_P04_N4_S2_1.JPG,0,C1_P04,616,276,868,692,252,416,True
C3_P06_N3_S4_2.JPG,0,C3_P06,104,276,384,656,280,380,True
C3_P07_N1_S6_1.JPG,0,C3_P07,1964,1804,2132,2088,168,284,True
C1_P05_N1_S5_1.JPG,0,C1_P05,684,2136,872,2420,188,284,True
C3_P06_N1_S4_1.JPG,0,C3_P06,816,1876,1020,2192,204,316,True
C3_P02_N1_S5_1.JPG,0,C3_P02,1844,1584,2004,1852,160,268,True
C2_P06_N1_S3_2.JPG,0,C2_P06,1240,656,1428,908,188,252,False
C2_P01_N1_S2_1.JPG,0,C2_P01,1864,816,2032,1040,168,224,True
C1_P03_N1_S3_1.JPG,0,C1_P03,932,1656,1116,1916,184,260,False
C4_P08_N3_S3_2.JPG,0,C4_P08,2568,1028,2800,1364,232,336,False
C2_P04_N1_S4_1.JPG,0,C2_P04,204,1076,368,1316,164,240,False
C2_P02_N1_S2_1.JPG,0,C2_P02,316,1104,532,1436,216,332,True
C2_P01_N4_S2_1.JPG,0,C2_P01,1780,288,1956,540,176,252,True
C3_P05_N2_S4_1.JPG,0,C3_P05,1232,1932,1416,2204,184,272,True
C3_P01_N1_S4_1.JPG,0,C3_P01,1160,164,1388,476,228,312,True
C3_P05_N3_S3_1.JPG,0,C3_P05,1616,436,1880,872,264,436,True
C3_P04_N2_S3_1.JPG,0,C3_P04,2952,1892,3216,2252,264,360,True
C2_P05_N1_S5_1.JPG,0,C2_P05,1288,548,1416,724,128,176,True
C2_P08_N1_S6_2.JPG,0,C2_P08,484,972,584,1144,100,172,False
C1_P04_N1_S5_1.JPG,0,C1_P04,1812,1136,1976,1392,164,256,True
C2_P04_N1_S3_1.JPG,0,C2_P04,2096,1100,2264,1352,168,252,False
C1_P06_N2_S3_1.JPG,0,C1_P06,196,1120,412,1456,216,336,True
C1_P05_N4_S3_1.JPG,0,C1_P05,2896,896,3092,1252,196,356,True
C4_P08_N1_S3_1.JPG,0,C4_P08,1472,404,1692,736,220,332,False
C3_P05_N1_S3_1.JPG,0,C3_P05,1516,1124,1716,1432,200,308,True
C1_P05_N2_S4_1.JPG,0,C1_P05,1480,1256,1700,1604,220,348,True
C1_P10_N1_S4_1.JPG,0,C1_P10,1896,1836,2068,2096,172,260,True
C1_P06_N2_S3_3.JPG,0,C1_P06,2124,1080,2344,1400,220,320,True
C2_P05_N2_S5_1.JPG,0,C2_P05,332,1016,440,1180,108,164,True
C2_P01_N3_S3_1.JPG,0,C2_P01,748,1104,900,1304,152,200,True
C4_P07_N1_S4_2.JPG,0,C4_P07,1164,140,1308,424,144,284,True
C4_P01_N2_S4_1.JPG,0,C4_P01,1080,1168,1268,1476,188,308,True
C1_P09_N1_S5_2.JPG,0,C1_P09,1800,2004,1976,2252,176,248,False
C3_P03_N2_S4_1.JPG,0,C3_P03,2132,1468,2300,1756,168,288,True
C4_P08_N3_S3_1.JPG,0,C4_P08,2620,928,2804,1256,184,328,False
C1_P02_N3_S3_1.JPG,0,C1_P02,1604,1896,1904,2376,300,480,True
C2_P02_N1_S5_1.JPG,0,C2_P02,848,1500,968,1668,120,168,True
C1_P09_N4_S4_1.JPG,0,C1_P09,1420,876,1604,1156,184,280,False
C2_P07_N2_S4_1.JPG,0,C2_P07,764,1320,916,1564,152,244,False
C1_P04_N3_S2_1.JPG,0,C1_P04,1256,508,1516,904,260,396,True
C2_P08_N3_S3_1.JPG,0,C2_P08,988,1472,1196,1796,208,324,False
C3_P02_N3_S3_1.JPG,0,C3_P02,616,1112,888,1480,272,368,True
C2_P01_N4_S2_1.JPG,0,C2_P01,2296,880,2472,1128,176,248,True
C4_P02_N2_S4_1.JPG,0,C4_P02,1752,624,1916,864,164,240,True
C3_P06_N1_S4_1.JPG,0,C3_P06,2344,744,2516,1132,172,388,True
C2_P03_N2_S3_1.JPG,0,C2_P03,1432,788,1664,1180,232,392,True
C1_P08_N2_S5_1.JPG,0,C1_P08,780,1568,940,1852,160,284,True
C1_P07_N2_S3_2.JPG,0,C1_P07,2612,1092,2832,1388,220,296,False
C1_P05_N3_S4_1.JPG,0,C1_P05,1664,1948,1872,2316,208,368,True
C4_P08_N1_S5_2.JPG,0,C4_P08,1440,1396,1576,1624,136,228,False
C4_P03_N1_S3_1.JPG,0,C4_P03,2416,240,2604,496,188,256,True
C2_P09_N1_S7_2.JPG,0,C2_P09,1536,1332,1628,1492,92,160,False
C4_P07_N1_S4_2.JPG,0,C4_P07,1148,1656,1320,1916,172,260,True
C3_P05_N2_S3_1.JPG,0,C3_P05,1848,1104,2096,1476,248,372,True
C4_P07_N1_S3_2.JPG,0,C4_P07,844,348,1036,628,192,280,True
C4_P03_N1_S3_1.JPG,0,C4_P03,1964,836,2152,1100,188,264,True
C1_P10_N2_S4_1.JPG,0,C1_P10,1000,1980,1196,2284,196,304,True
C3_P05_N1_S2_1.JPG,0,C3_P05,2080,408,2300,744,220,336,True
C1_P08_N3_S4_2.JPG,0,C1_P08,2792,1464,2980,1764,188,300,True
C3_P05_N1_S2_1.JPG,0,C3_P05,1560,428,1796,764,236,336,True
C1_P08_N4_S4_1.JPG,0,C1_P08,2964,360,3160,752,196,392,True
C4_P07_N1_S4_2.JPG,0,C4_P07,2108,1616,2280,1900,172,284,True
C2_P04_N1_S3_1.JPG,0,C2_P04,1520,220,1680,500,160,280,False
C3_P07_N2_S3_1.JPG,0,C3_P07,1088,1888,1348,2244,260,356,True
C2_P02_N4_S2_1.JPG,0,C2_P02,2176,816,2376,1184,200,368,True
C2_P06_N2_S4_2.JPG,0,C2_P06,1888,84,2052,316,164,232,False
C3_P03_N3_S3_1.JPG,0,C3_P03,3264,948,3500,1356,236,408,True
C2_P02_N2_S4_1.JPG,0,C2_P02,624,236,796,500,172,264,True
C3_P04_N4_S2_2.JPG,0,C3_P04,260,284,600,848,340,564,True
C4_P07_N1_S5_1.JPG,0,C4_P07,1060,1792,1216,2060,156,268,True
C3_P02_N4_S2_1.JPG,0,C3_P02,1972,472,2284,968,312,496,True
C3_P03_N3_S3_1.JPG,0,C3_P03,1488,1040,1732,1396,244,356,True
C2_P03_N3_S2_1.JPG,0,C2_P03,220,940,512,1480,292,540,True
C1_P12_N3_S4_1.JPG,0,C1_P12,924,1504,1140,1836,216,332,True
C3_P04_N1_S3_1.JPG,0,C3_P04,1456,1912,1732,2320,276,408,True
C3_P04_N1_S5_1.JPG,0,C3_P04,1624,2032,1772,2260,148,228,True
C4_P04_N2_S4_1.JPG,0,C4_P04,612,1448,824,1748,212,300,True
C3_P03_N1_S5_1.JPG,0,C3_P03,2012,156,2164,372,152,216,True
C2_P05_N1_S2_1.JPG,0,C2_P05,2192,228,2416,572,224,344,True
C2_P08_N1_S6_1.JPG,0,C2_P08,792,384,912,548,120,164,False
C3_P06_N3_S3_1.JPG,0,C3_P06,3108,1020,3336,1480,228,460,True
C1_P09_N1_S5_2.JPG,0,C1_P09,1376,1040,1540,1292,164,252,False
C1_P05_N1_S5_1.JPG,0,C1_P05,1040,1140,1224,1420,184,280,True
C1_P08_N3_S4_1.JPG,0,C1_P08,2064,1972,2300,2344,236,372,True
C1_P05_N1_S3_2.JPG,0,C1_P05,2060,992,2276,1320,216,328,True
C4_P01_N2_S4_1.JPG,0,C4_P01,872,1168,1060,1476,188,308,True
C2_P01_N4_S2_1.JPG,0,C2_P01,2420,268,2591,564,171,296,True
C1_P08_N3_S3_1.JPG,0,C1_P08,564,920,820,1296,256,376,True
C1_P04_N4_S2_1.JPG,0,C1_P04,2404,276,2660,700,256,424,True
C3_P01_N3_S2_1.JPG,0,C3_P01,388,1408,732,1948,344,540,True
C1_P04_N2_S4_1.JPG,0,C1_P04,620,200,844,520,224,320,True
C4_P08_N1_S2_1.JPG,0,C4_P08,816,656,1068,980,252,324,False
C1_P11_N2_S4_3.JPG,0,C1_P11,1316,1804,1496,2140,180,336,True
C3_P06_N1_S4_1.JPG,0,C3_P06,1452,1892,1648,2264,196,372,True
C4_P08_N1_S2_1.JPG,0,C4_P08,596,656,848,980,252,324,False
C3_P04_N1_S5_1.JPG,0,C3_P04,320,584,492,856,172,272,True
C4_P01_N2_S4_1.JPG,0,C4_P01,348,1764,520,2008,172,244,True
C1_P11_N1_S5_1.JPG,0,C1_P11,1912,1208,2080,1456,168,248,True
C2_P04_N1_S2_1.JPG,0,C2_P04,1468,856,1644,1132,176,276,False
C3_P07_N5_S2_1.JPG,0,C3_P07,1828,496,2164,964,336,468,True
C4_P08_N3_S3_1.JPG,0,C4_P08,996,1524,1212,1872,216,348,False
C3_P06_N1_S5_1.JPG,0,C3_P06,1900,576,2048,904,148,328,True
C4_P02_N4_S2_1.JPG,0,C4_P02,684,328,912,652,228,324,True
C1_P09_N1_S2_1.JPG,0,C1_P09,584,204,752,484,168,280,False
C2_P07_N1_S6_2.JPG,0,C2_P07,412,588,516,740,104,152,False
C2_P03_N1_S4_1.JPG,0,C2_P03,848,608,1008,920,160,312,True
C3_P04_N1_S4_1.JPG,0,C3_P04,492,1188,716,1564,224,376,True
C1_P03_N1_S4_2.JPG,0,C1_P03,728,1588,848,1820,120,232,False
C1_P10_N1_S2_1.JPG,0,C1_P10,1036,1304,1280,1676,244,372,True
C1_P02_N2_S3_1.JPG,0,C1_P02,1288,168,1612,692,324,524,True
C1_P02_N2_S2_1.JPG,0,C1_P02,392,632,736,1216,344,584,True
C2_P01_N3_S3_1.JPG,0,C2_P01,1144,1084,1296,1284,152,200,True
C1_P04_N1_S3_1.JPG,0,C1_P04,100,1232,328,1592,228,360,True
C3_P01_N4_S3_1.JPG,0,C3_P01,252,1700,500,2120,248,420,True
C4_P01_N3_S3_1.JPG,0,C4_P01,876,392,1072,688,196,296,True
C4_P05_N5_S2_1.JPG,0,C4_P05,532,800,740,1124,208,324,True
C1_P02_N4_S2_1.JPG,0,C1_P02,16,564,376,1136,360,572,True
C3_P06_N3_S4_1.JPG,0,C3_P06,3132,1372,3412,1752,280,380,True
C3_P05_N1_S2_1.JPG,0,C3_P05,2956,1268,3188,1628,232,360,True
C4_P07_N2_S3_2.JPG,0,C4_P07,1624,1428,1804,1712,180,284,True
C2_P08_N1_S4_1.JPG,0,C2_P08,528,1312,664,1564,136,252,False
C3_P05_N4_S2_1.JPG,0,C3_P05,276,1268,620,1696,344,428,True
C1_P08_N3_S4_1.JPG,0,C1_P08,2972,172,3212,580,240,408,True
C4_P08_N2_S4_1.JPG,0,C4_P08,2132,4,2352,316,220,312,False
C3_P01_N1_S3_1.JPG,0,C3_P01,968,1860,1252,2248,284,388,True
C2_P03_N1_S5_1.JPG,0,C2_P03,356,204,508,428,152,224,True
C3_P01_N1_S5_1.JPG,0,C3_P01,756,1300,904,1568,148,268,True
C4_P01_N1_S3_1.JPG,0,C4_P01,2308,232,2512,504,204,272,True
C2_P08_N3_S3_2.JPG,0,C2_P08,968,212,1148,508,180,296,False
C4_P08_N1_S4_1.JPG,0,C4_P08,1256,1704,1448,2036,192,332,False
C3_P06_N3_S3_1.JPG,0,C3_P06,2168,1764,2416,2152,248,388,True
C2_P09_N1_S7_1.JPG,0,C2_P09,356,928,456,1084,100,156,False
C3_P03_N1_S5_1.JPG,0,C3_P03,136,112,296,328,160,216,True
C3_P06_N1_S4_1.JPG,0,C3_P06,2784,160,3000,508,216,348,True
C4_P02_N3_S2_1.JPG,0,C4_P02,1208,1044,1388,1300,180,256,True
C1_P02_N2_S2_1.JPG,0,C1_P02,2328,668,2588,1252,260,584,True
C2_P02_N3_S3_1.JPG,0,C2_P02,1576,1272,1780,1592,204,320,True
C3_P03_N1_S5_1.JPG,0,C3_P03,2160,156,2312,372,152,216,True
C4_P08_N1_S5_1.JPG,0,C4_P08,364,1744,496,1956,132,212,False
C4_P07_N1_S5_1.JPG,0,C4_P07,788,1400,936,1620,148,220,True
C4_P07_N3_S3_2.JPG,0,C4_P07,584,816,764,1084,180,268,True
C2_P06_N1_S5_1.JPG,0,C2_P06,932,72,1060,236,128,164,False
C3_P04_N4_S2_2.JPG,0,C3_P04,2040,436,2336,884,296,448,True
C4_P07_N1_S4_2.JPG,0,C4_P07,824,1640,996,1928,172,288,True
C1_P05_N1_S3_1.JPG,0,C1_P05,404,1288,640,1600,236,312,True
C4_P04_N1_S3_1.JPG,0,C4_P04,2292,464,2512,784,220,320,True
C4_P04_N2_S2_1.JPG,0,C4_P04,1836,664,2068,1060,232,396,True
C3_P07_N1_S6_1.JPG,0,C3_P07,1560,152,1736,412,176,260,True
C4_P07_N2_S3_2.JPG,0,C4_P07,728,884,908,1176,180,292,True
C4_P07_N1_S3_2.JPG,0,C4_P07,2468,904,2648,1180,180,276,True
C3_P06_N1_S3_2.JPG,0,C3_P06,1448,436,1672,796,224,360,True
C1_P06_N2_S3_3.JPG,0,C1_P06,1188,1100,1408,1420,220,320,True
C4_P02_N2_S4_1.JPG,0,C4_P02,1832,40,1992,264,160,224,True
C1_P01_N1_S5_1.JPG,0,C1_P01,676,556,868,836,192,280,True
C2_P07_N2_S3_1.JPG,0,C2_P07,360,128,536,468,176,340,False
C4_P05_N3_S3_1.JPG,0,C4_P05,2096,788,2300,1096,204,308,True
C3_P05_N1_S3_1.JPG,0,C3_P05,3116,1616,3288,1972,172,356,True
C3_P06_N1_S4_1.JPG,0,C3_P06,1676,756,1852,1116,176,360,True
C1_P07_N1_S3_3.JPG,0,C1_P07,2192,956,2396,1252,204,296,False
C2_P06_N2_S4_2.JPG,0,C2_P06,1860,1324,2004,1532,144,208,False
C3_P01_N2_S3_1.JPG,0,C3_P01,472,1804,736,2212,264,408,True
C2_P04_N3_S2_1.JPG,0,C2_P04,188,204,336,476,148,272,False
C3_P01_N1_S2_2.JPG,0,C3_P01,1600,508,1980,1072,380,564,True
C1_P09_N3_S4_2.JPG,0,C1_P09,1452,84,1624,332,172,248,False
C1_P09_N1_S5_2.JPG,0,C1_P09,920,1012,1084,1264,164,252,False
C2_P04_N1_S5_1.JPG,0,C2_P04,112,1512,224,1720,112,208,False
C3_P07_N1_S4_1.JPG,0,C3_P07,2652,60,2868,384,216,324,True
C1_P04_N1_S5_1.JPG,0,C1_P04,1496,2124,1668,2404,172,280,True
C4_P02_N1_S3_2.JPG,0,C4_P02,1060,236,1232,460,172,224,True
C3_P01_N1_S5_2.JPG,0,C3_P01,1332,712,1464,1028,132,316,True
C1_P02_N2_S4_1.JPG,0,C1_P02,720,764,956,1116,236,352,True
C1_P06_N1_S4_1.JPG,0,C1_P06,1764,792,1968,1052,204,260,True
C2_P01_N3_S3_1.JPG,0,C2_P01,1576,108,1736,328,160,220,True
C1_P04_N1_S5_2.JPG,0,C1_P04,2096,1648,2232,1880,136,232,True
C4_P05_N2_S4_1.JPG,0,C4_P05,424,660,616,984,192,324,True
C2_P04_N1_S5_1.JPG,0,C2_P04,984,1544,1120,1720,136,176,False
C2_P03_N1_S2_1.JPG,0,C2_P03,1136,408,1492,928,356,520,True
C2_P01_N3_S3_1.JPG,0,C2_P01,2024,76,2176,328,152,252,True
C3_P06_N3_S3_1.JPG,0,C3_P06,1912,332,2184,784,272,452,True
C2_P03_N2_S2_1.JPG,0,C2_P03,1092,1116,1448,1644,356,528,True
C1_P08_N2_S3_1.JPG,0,C1_P08,156,1512,396,1920,240,408,True
C1_P03_N1_S3_2.JPG,0,C1_P03,2292,276,2464,500,172,224,False
C2_P09_N1_S7_2.JPG,0,C2_P09,2084,892,2176,1040,92,148,False
C1_P04_N2_S4_1.JPG,0,C1_P04,3004,1428,3208,1756,204,328,True
C4_P08_N2_S3_2.JPG,0,C4_P08,424,260,652,576,228,316,False
C3_P06_N2_S3_1.JPG,0,C3_P06,1840,464,2076,888,236,424,True
C1_P12_N1_S5_1.JPG,0,C1_P12,736,728,908,980,172,252,True
C1_P05_N1_S5_1.JPG,0,C1_P05,2236,608,2420,916,184,308,True
C1_P03_N2_S3_1.JPG,0,C1_P03,2020,488,2216,756,196,268,False
C3_P02_N1_S5_1.JPG,0,C3_P02,2084,152,2248,384,164,232,True
C1_P06_N1_S4_1.JPG,0,C1_P06,2596,1964,2816,2280,220,316,True
C1_P02_N1_S4_1.JPG,0,C1_P02,1928,1344,2108,1728,180,384,True
C2_P04_N3_S4_1.JPG,0,C2_P04,1928,616,2112,892,184,276,False
C2_P09_N1_S7_2.JPG,0,C2_P09,936,1580,1028,1696,92,116,False
C1_P09_N3_S3_1.JPG,0,C1_P09,472,832,664,1088,192,256,False
C4_P07_N1_S5_1.JPG,0,C4_P07,1080,108,1216,344,136,236,True
C3_P04_N1_S3_1.JPG,0,C3_P04,2064,1900,2324,2308,260,408,True
C1_P11_N1_S5_1.JPG,0,C1_P11,1200,1216,1368,1464,168,248,True
C1_P03_N1_S4_2.JPG,0,C1_P03,2192,140,2292,356,100,216,False
C3_P06_N1_S5_1.JPG,0,C3_P06,2948,540,3096,884,148,344,True
C2_P01_N2_S2_1.JPG,0,C2_P01,820,976,992,1220,172,244,True
C4_P07_N2_S4_1.JPG,0,C4_P07,644,696,812,988,168,292,True
C4_P07_N2_S4_1.JPG,0,C4_P07,308,704,476,996,168,292,True
C1_P09_N2_S4_1.JPG,0,C1_P09,1608,80,1780,340,172,260,False
C4_P01_N3_S3_1.JPG,0,C4_P01,1684,1028,1876,1304,192,276,True
C3_P01_N2_S4_1.JPG,0,C3_P01,372,1876,560,2180,188,304,True
C3_P05_N2_S3_1.JPG,0,C3_P05,896,416,1128,788,232,372,True
C4_P01_N1_S3_1.JPG,0,C4_P01,1396,256,1580,528,184,272,True
C1_P03_N2_S3_2.JPG,0,C1_P03,1096,1044,1292,1312,196,268,False
C4_P04_N2_S2_1.JPG,0,C4_P04,1144,704,1376,1060,232,356,True
C3_P04_N1_S5_1.JPG,0,C3_P04,552,1064,724,1316,172,252,True
C2_P01_N2_S3_2.JPG,0,C2_P01,868,776,1024,980,156,204,True
C3_P06_N2_S3_1.JPG,0,C3_P06,2860,1728,3064,2136,204,408,True
C1_P11_N1_S5_1.JPG,0,C1_P11,1432,2048,1600,2324,168,276,True
C1_P04_N2_S3_1.JPG,0,C1_P04,1524,1732,1740,2084,216,352,True
C1_P04_N2_S3_1.JPG,0,C1_P04,2412,404,2624,760,212,356,True
C1_P05_N1_S5_1.JPG,0,C1_P05,1556,656,1740,904,184,248,True
C2_P01_N2_S3_2.JPG,0,C2_P01,928,280,1088,468,160,188,True
C3_P02_N1_S2_1.JPG,0,C3_P02,3116,480,3372,856,256,376,True
C1_P02_N1_S5_1.JPG,0,C1_P02,140,1084,304,1380,164,296,True
C1_P01_N1_S5_1.JPG,0,C1_P01,464,2116,664,2428,200,312,True
C2_P05_N2_S5_1.JPG,0,C2_P05,744,1308,856,1464,112,156,True
C3_P05_N3_S3_1.JPG,0,C3_P05,1132,468,1376,844,244,376,True
C4_P05_N2_S3_1.JPG,0,C4_P05,2276,1476,2480,1800,204,324,True
C4_P03_N2_S4_1.JPG,0,C4_P03,1256,1172,1444,1500,188,328,True
C4_P06_N2_S3_1.JPG,0,C4_P06,1900,1364,2096,1684,196,320,True
C2_P07_N1_S2_1.JPG,0,C2_P07,188,896,444,1340,256,444,False
C2_P09_N1_S7_1.JPG,0,C2_P09,668,1656,764,1800,96,144,False
C4_P06_N1_S3_1.JPG,0,C4_P06,1528,384,1712,672,184,288,True
C1_P12_N1_S4_1.JPG,0,C1_P12,548,196,764,492,216,296,True
C3_P01_N1_S5_2.JPG,0,C3_P01,812,1700,976,1944,164,244,True
C3_P02_N1_S5_1.JPG,0,C3_P02,1968,2080,2120,2280,152,200,True
C4_P08_N2_S2_1.JPG,0,C4_P08,300,920,532,1252,232,332,False
C3_P04_N4_S2_1.JPG,0,C3_P04,332,1636,784,2288,452,652,True
C3_P01_N1_S2_1.JPG,0,C3_P01,1252,464,1632,1044,380,580,True
C4_P04_N2_S2_1.JPG,0,C4_P04,1156,180,1380,540,224,360,True
C3_P02_N1_S3_1.JPG,0,C3_P02,2968,1868,3208,2192,240,324,True
C2_P02_N2_S4_1.JPG,0,C2_P02,1684,704,1840,944,156,240,True
C1_P08_N2_S4_2.JPG,0,C1_P08,2420,1944,2632,2276,212,332,True
C2_P03_N1_S4_1.JPG,0,C2_P03,868,1072,1048,1348,180,276,True
C1_P09_N1_S5_2.JPG,0,C1_P09,1972,1700,2124,1920,152,220,False
C4_P07_N1_S4_2.JPG,0,C4_P07,636,616,804,920,168,304,True
C1_P02_N1_S5_1.JPG,0,C1_P02,1032,2080,1204,2408,172,328,True
C2_P02_N1_S5_1.JPG,0,C2_P02,276,300,392,468,116,168,True
C4_P07_N2_S3_2.JPG,0,C4_P07,368,1432,552,1696,184,264,True
C4_P07_N3_S3_1.JPG,0,C4_P07,720,824,904,1144,184,320,True
C3_P01_N2_S3_1.JPG,0,C3_P01,2088,1044,2348,1468,260,424,True
C2_P07_N1_S4_1.JPG,0,C2_P07,128,112,284,396,156,284,False
C3_P07_N1_S6_1.JPG,0,C3_P07,908,2380,1076,2612,168,232,True
C3_P03_N4_S2_1.JPG,0,C3_P03,1508,332,1800,764,292,432,True
C3_P04_N1_S4_1.JPG,0,C3_P04,944,84,1184,436,240,352,True
C2_P01_N2_S3_2.JPG,0,C2_P01,1484,276,1644,464,160,188,True
C2_P01_N1_S2_1.JPG,0,C2_P01,944,808,1112,1032,168,224,True
C4_P05_N1_S5_1.JPG,0,C4_P05,384,1376,552,1628,168,252,True
C2_P01_N3_S2_1.JPG,0,C2_P01,2320,852,2496,1092,176,240,True
C2_P08_N2_S3_1.JPG,0,C2_P08,1452,204,1664,560,212,356,False
C1_P05_N1_S4_2.JPG,0,C1_P05,600,700,832,1052,232,352,True
C2_P01_N1_S5_2.JPG,0,C2_P01,1408,1640,1508,1796,100,156,True
C2_P01_N3_S2_1.JPG,0,C2_P01,1328,288,1516,532,188,244,True
C4_P02_N1_S3_2.JPG,0,C4_P02,1768,240,1940,464,172,224,True
C3_P02_N2_S4_1.JPG,0,C3_P02,688,2088,892,2372,204,284,True
C3_P06_N1_S4_1.JPG,0,C3_P06,1860,752,2036,1112,176,360,True
C1_P04_N3_S3_1.JPG,0,C1_P04,2116,1184,2316,1516,200,332,True
C4_P08_N2_S3_1.JPG,0,C4_P08,2544,1324,2756,1652,212,328,False
C1_P08_N4_S3_1.JPG,0,C1_P08,2364,924,2580,1288,216,364,True
C4_P07_N2_S3_1.JPG,0,C4_P07,356,192,556,552,200,360,True
C1_P04_N1_S5_2.JPG,0,C1_P04,1180,356,1320,588,140,232,True
C2_P09_N1_S7_2.JPG,0,C2_P09,1240,1336,1336,1472,96,136,False
C2_P04_N1_S3_1.JPG,0,C2_P04,912,200,1060,460,148,260,False
C3_P05_N2_S2_1.JPG,0,C3_P05,1012,456,1268,864,256,408,True
C4_P07_N3_S3_2.JPG,0,C4_P07,1112,276,1300,572,188,296,True
C4_P01_N2_S4_1.JPG,0,C4_P01,2308,644,2496,904,188,260,True
C4_P07_N2_S4_1.JPG,0,C4_P07,460,156,640,484,180,328,True
C1_P12_N1_S5_1.JPG,0,C1_P12,72,1156,244,1488,172,332,True
C4_P05_N1_S5_1.JPG,0,C4_P05,700,924,864,1204,164,280,True
C2_P09_N1_S7_1.JPG,0,C2_P09,1812,1660,1892,1792,80,132,False
C2_P04_N3_S4_1.JPG,0,C2_P04,2256,620,2464,924,208,304,False
C2_P07_N1_S6_1.JPG,0,C2_P07,72,1188,172,1336,100,148,False
C1_P07_N2_S3_1.JPG,0,C1_P07,612,1068,816,1364,204,296,False
C3_P01_N3_S2_1.JPG,0,C3_P01,1416,472,1740,1032,324,560,True
C4_P02_N1_S3_2.JPG,0,C4_P02,0,1440,164,1728,164,288,True
C1_P11_N2_S3_2.JPG,0,C1_P11,1672,292,1916,656,244,364,True
C4_P07_N1_S4_1.JPG,0,C4_P07,2504,84,2688,388,184,304,True
C4_P02_N1_S3_1.JPG,0,C4_P02,1772,864,1952,1112,180,248,True
C3_P02_N1_S4_1.JPG,0,C3_P02,904,1484,1104,1832,200,348,True
C1_P09_N1_S5_1.JPG,0,C1_P09,2088,2028,2260,2336,172,308,False
C1_P06_N1_S3_2.JPG,0,C1_P06,668,1748,908,2080,240,332,True
C4_P05_N4_S2_1.JPG,0,C4_P05,332,736,516,1044,184,308,True
C3_P06_N3_S3_1.JPG,0,C3_P06,520,348,808,796,288,448,True
C4_P04_N1_S4_1.JPG,0,C4_P04,1048,1584,1248,1944,200,360,True
C2_P04_N2_S2_1.JPG,0,C2_P04,852,228,1036,488,184,260,False
C2_P01_N1_S4_1.JPG,0,C2_P01,232,152,352,328,120,176,True
C2_P04_N1_S5_1.JPG,0,C2_P04,1104,572,1216,780,112,208,False
C2_P06_N3_S4_1.JPG,0,C2_P06,1780,1496,1940,1740,160,244,False
C2_P01_N2_S3_2.JPG,0,C2_P01,1208,276,1368,464,160,188,True
C1_P04_N1_S5_1.JPG,0,C1_P04,696,648,856,888,160,240,True
C1_P05_N1_S5_1.JPG,0,C1_P05,320,1612,508,1924,188,312,True
C2_P05_N2_S3_1.JPG,0,C2_P05,284,0,504,300,220,300,True
C2_P04_N2_S4_1.JPG,0,C2_P04,40,168,204,424,164,256,False
C1_P02_N1_S5_1.JPG,0,C1_P02,1308,1104,1460,1404,152,300,True
C3_P04_N1_S3_2.JPG,0,C3_P04,2664,1880,2956,2312,292,432,True
C1_P06_N1_S4_1.JPG,0,C1_P06,588,1392,792,1684,204,292,True
C4_P05_N1_S2_1.JPG,0,C4_P05,1284,972,1488,1332,204,360,True
C4_P05_N3_S3_1.JPG,0,C4_P05,1936,1304,2144,1624,208,320,True
C1_P03_N2_S3_2.JPG,0,C1_P03,1808,324,2032,592,224,268,False
C3_P06_N2_S3_2.JPG,0,C3_P06,3080,980,3300,1440,220,460,True
C3_P06_N1_S3_2.JPG,0,C3_P06,2464,408,2688,768,224,360,True
C4_P08_N1_S3_1.JPG,0,C4_P08,2480,1004,2704,1316,224,312,False
C1_P09_N1_S5_1.JPG,0,C1_P09,1604,912,1768,1192,164,280,False
C2_P03_N2_S4_1.JPG,0,C2_P03,1140,1448,1308,1764,168,316,True
C2_P04_N3_S4_1.JPG,0,C2_P04,1444,1076,1616,1320,172,244,False
C4_P07_N1_S3_1.JPG,0,C4_P07,292,904,492,1276,200,372,True
C3_P06_N4_S3_1.JPG,0,C3_P06,2392,1836,2656,2280,264,444,True
C4_P05_N1_S5_1.JPG,0,C4_P05,1176,1796,1344,2084,168,288,True
C4_P04_N2_S3_1.JPG,0,C4_P04,984,1128,1212,1536,228,408,True
C1_P09_N3_S4_1.JPG,0,C1_P09,1552,1248,1740,1540,188,292,False
C1_P10_N1_S4_1.JPG,0,C1_P10,1176,128,1336,436,160,308,True
C2_P04_N1_S5_1.JPG,0,C2_P04,328,1520,448,1700,120,180,False
C3_P01_N1_S4_1.JPG,0,C3_P01,1124,764,1308,1112,184,348,True
C1_P06_N2_S3_3.JPG,0,C1_P06,2628,1072,2848,1392,220,320,True
C1_P03_N2_S3_1.JPG,0,C1_P03,2860,1204,3068,1524,208,320,False
C4_P04_N1_S4_1.JPG,0,C4_P04,2244,752,2444,1064,200,312,True
C4_P05_N2_S2_1.JPG,0,C4_P05,2152,296,2372,632,220,336,True
C2_P01_N2_S3_2.JPG,0,C2_P01,312,772,468,976,156,204,True
C3_P02_N1_S4_1.JPG,0,C3_P02,2464,1548,2664,1856,200,308,True
C2_P03_N2_S3_1.JPG,0,C2_P03,1760,1400,1996,1764,236,364,True
C4_P06_N4_S3_1.JPG,0,C4_P06,824,744,1016,1084,192,340,True
C2_P02_N2_S3_1.JPG,0,C2_P02,1928,784,2144,1100,216,316,True
C1_P01_N2_S3_1.JPG,0,C1_P01,1276,180,1588,672,312,492,True
C1_P12_N3_S4_1.JPG,0,C1_P12,924,932,1152,1284,228,352,True
C2_P08_N1_S4_1.JPG,0,C2_P08,356,1336,516,1572,160,236,False
C2_P07_N3_S3_1.JPG,0,C2_P07,920,236,1096,512,176,276,False
C4_P02_N4_S2_1.JPG,0,C4_P02,2344,324,2584,664,240,340,True
C1_P04_N3_S3_1.JPG,0,C1_P04,2120,1808,2332,2160,212,352,True
C4_P05_N2_S4_1.JPG,0,C4_P05,2040,1188,2240,1492,200,304,True
C3_P05_N2_S3_1.JPG,0,C3_P05,1112,1108,1360,1464,248,356,True
C1_P04_N1_S3_2.JPG,0,C1_P04,3008,288,3216,640,208,352,True
C2_P05_N2_S5_1.JPG,0,C2_P05,1264,1024,1372,1180,108,156,True
C2_P08_N3_S3_2.JPG,0,C2_P08,28,700,208,996,180,296,False
C2_P06_N1_S4_1.JPG,0,C2_P06,1680,52,1844,272,164,220,False
C2_P08_N3_S3_2.JPG,0,C2_P08,400,1212,580,1492,180,280,False
C4_P05_N2_S4_1.JPG,0,C4_P05,1104,1200,1300,1500,196,300,True
C3_P06_N1_S5_1.JPG,0,C3_P06,1892,108,2072,392,180,284,True
C2_P04_N1_S3_1.JPG,0,C2_P04,576,1092,728,1324,152,232,False
C4_P05_N1_S2_1.JPG,0,C4_P05,468,1004,652,1312,184,308,True
C2_P07_N2_S3_1.JPG,0,C2_P07,196,688,388,968,192,280,False
C3_P03_N4_S2_1.JPG,0,C3_P03,2124,328,2404,760,280,432,True
C2_P08_N1_S6_1.JPG,0,C2_P08,144,1212,256,1364,112,152,False
C1_P11_N2_S4_3.JPG,0,C1_P11,380,220,616,568,236,348,True
C1_P02_N2_S3_1.JPG,0,C1_P02,2292,1004,2528,1512,236,508,True
C2_P06_N3_S4_1.JPG,0,C2_P06,1364,80,1536,328,172,248,False
C2_P02_N3_S3_1.JPG,0,C2_P02,792,1248,1004,1608,212,360,True
C3_P06_N2_S3_1.JPG,0,C3_P06,3088,1112,3320,1564,232,452,True
C1_P04_N2_S4_1.JPG,0,C1_P04,2436,1452,2640,1780,204,328,True
C4_P02_N2_S4_1.JPG,0,C4_P02,1172,1192,1324,1424,152,232,True
C3_P05_N4_S2_1.JPG,0,C3_P05,848,1316,1140,1704,292,388,True
C3_P07_N1_S5_1.JPG,0,C3_P07,896,628,1072,900,176,272,True
C3_P06_N1_S3_1.JPG,0,C3_P06,564,1160,776,1508,212,348,True
C1_P05_N1_S4_2.JPG,0,C1_P05,2956,104,3168,436,212,332,True
C1_P03_N1_S4_2.JPG,0,C1_P03,412,1136,552,1324,140,188,False
C1_P08_N2_S3_1.JPG,0,C1_P08,216,208,460,620,244,412,True
C4_P07_N1_S5_1.JPG,0,C4_P07,508,132,656,340,148,208,True
C2_P02_N2_S4_1.JPG,0,C2_P02,1832,276,1984,544,152,268,True
C4_P08_N3_S3_1.JPG,0,C4_P08,68,1468,288,1868,220,400,False
C4_P03_N1_S4_1.JPG,0,C4_P03,2384,108,2552,336,168,228,True
C2_P09_N1_S7_2.JPG,0,C2_P09,2124,1116,2216,1264,92,148,False
C2_P09_N1_S7_1.JPG,0,C2_P09,848,1656,944,1800,96,144,False
C3_P06_N1_S4_1.JPG,0,C3_P06,380,776,580,1152,200,376,True
C3_P02_N3_S3_1.JPG,0,C3_P02,928,1808,1176,2188,248,380,True
C4_P07_N1_S4_2.JPG,0,C4_P07,480,624,648,928,168,304,True
C2_P07_N2_S3_1.JPG,0,C2_P07,16,136,180,476,164,340,False
C2_P06_N1_S5_1.JPG,0,C2_P06,520,444,648,608,128,164,False
C1_P05_N1_S4_3.JPG,0,C1_P05,1652,876,1868,1208,216,332,True
C1_P04_N1_S5_2.JPG,0,C1_P04,1456,2096,1584,2296,128,200,True
C1_P04_N1_S5_2.JPG,0,C1_P04,920,1244,1052,1460,132,216,True
C1_P03_N1_S3_1.JPG,0,C1_P03,388,288,576,552,188,264,False
C1_P05_N2_S4_2.JPG,0,C1_P05,1392,260,1628,572,236,312,True
C1_P12_N2_S5_1.JPG,0,C1_P12,60,1628,224,1916,164,288,True
C1_P06_N2_S3_3.JPG,0,C1_P06,2656,1700,2908,2028,252,328,True
C3_P06_N2_S3_1.JPG,0,C3_P06,3424,444,3684,904,260,460,True
C3_P02_N1_S4_1.JPG,0,C3_P02,296,892,496,1180,200,288,True
C4_P03_N3_S3_1.JPG,0,C4_P03,2388,1548,2552,1836,164,288,True
C2_P07_N2_S3_1.JPG,0,C2_P07,32,680,224,960,192,280,False
C4_P05_N4_S2_1.JPG,0,C4_P05,908,708,1096,1052,188,344,True
C2_P01_N2_S4_1.JPG,0,C2_P01,508,708,628,884,120,176,True
C4_P05_N3_S3_1.JPG,0,C4_P05,1900,784,2104,1092,204,308,True
C2_P04_N1_S3_1.JPG,0,C2_P04,288,192,448,440,160,248,False
C4_P01_N2_S4_1.JPG,0,C4_P01,508,1732,680,2004,172,272,True
C3_P05_N1_S2_1.JPG,0,C3_P05,1956,1264,2188,1612,232,348,True
C1_P10_N3_S2_2.JPG,0,C1_P10,2500,452,2764,844,264,392,True
C1_P09_N2_S6_1.JPG,0,C1_P09,656,428,828,744,172,316,False
C1_P11_N2_S4_1.JPG,0,C1_P11,240,2076,464,2440,224,364,True
C2_P01_N1_S5_1.JPG,0,C2_P01,724,252,836,400,112,148,True
C3_P04_N4_S2_1.JPG,0,C3_P04,1092,304,1520,932,428,628,True
C4_P07_N1_S4_2.JPG,0,C4_P07,1808,1620,1980,1904,172,284,True
C4_P06_N4_S3_1.JPG,0,C4_P06,660,1284,844,1584,184,300,True
C3_P07_N2_S3_1.JPG,0,C3_P07,2168,140,2480,592,312,452,True
C2_P04_N1_S4_1.JPG,0,C2_P04,1476,640,1632,892,156,252,False
C2_P02_N1_S2_1.JPG,0,C2_P02,1764,516,1980,832,216,316,True
C1_P02_N1_S3_1.JPG,0,C1_P02,708,132,992,608,284,476,True
C2_P06_N3_S4_1.JPG,0,C2_P06,1500,1496,1660,1740,160,244,False
C1_P05_N1_S5_1.JPG,0,C1_P05,1032,652,1224,916,192,264,True
C4_P08_N3_S3_2.JPG,0,C4_P08,312,416,544,736,232,320,False
C2_P06_N2_S3_1.JPG,0,C2_P06,1912,648,2108,888,196,240,False
C3_P02_N1_S4_1.JPG,0,C3_P02,2268,936,2468,1224,200,288,True
C4_P05_N1_S4_1.JPG,0,C4_P05,908,1640,1080,1956,172,316,True
C1_P05_N3_S4_1.JPG,0,C1_P05,2076,1944,2284,2292,208,348,True
C3_P05_N1_S3_1.JPG,0,C3_P05,1116,1664,1300,1964,184,300,True
C2_P05_N1_S3_1.JPG,0,C2_P05,560,716,744,976,184,260,True
C1_P09_N3_S3_1.JPG,0,C1_P09,1480,104,1636,368,156,264,False
C1_P07_N1_S3_2.JPG,0,C1_P07,144,2008,348,2288,204,280,False
C3_P02_N1_S3_1.JPG,0,C3_P02,1124,1868,1368,2212,244,344,True
C1_P06_N1_S4_2.JPG,0,C1_P06,2028,260,2224,540,196,280,True
C1_P08_N2_S3_1.JPG,0,C1_P08,2592,956,2808,1292,216,336,True
C2_P01_N3_S3_1.JPG,0,C2_P01,444,92,604,312,160,220,True
C2_P01_N2_S3_1.JPG,0,C2_P01,2424,396,2592,640,168,244,True
C1_P03_N1_S4_1.JPG,0,C1_P03,2616,852,2784,1124,168,272,False
C2_P06_N1_S3_1.JPG,0,C2_P06,1204,1200,1380,1444,176,244,False
C2_P01_N1_S5_2.JPG,0,C2_P01,976,260,1072,404,96,144,True
C1_P01_N1_S5_1.JPG,0,C1_P01,1260,584,1452,864,192,280,True
C4_P05_N2_S4_1.JPG,0,C4_P05,1520,700,1712,1000,192,300,True
C1_P02_N1_S5_1.JPG,0,C1_P02,152,528,344,832,192,304,True
C1_P08_N1_S4_1.JPG,0,C1_P08,2176,1436,2388,1760,212,324,True
C4_P02_N2_S4_1.JPG,0,C4_P02,1908,624,2072,864,164,240,True
C3_P03_N1_S3_1.JPG,0,C3_P03,2180,1952,2468,2376,288,424,True
C2_P04_N1_S5_1.JPG,0,C2_P04,364,232,480,424,116,192,False
C2_P09_N1_S7_1.JPG,0,C2_P09,1964,940,2064,1104,100,164,False
C3_P04_N1_S2_1.JPG,0,C3_P04,3304,1512,3684,2084,380,572,True
C2_P05_N2_S5_1.JPG,0,C2_P05,232,1324,340,1480,108,156,True
C3_P05_N1_S5_1.JPG,0,C3_P05,1804,1204,1972,1448,168,244,True
C2_P08_N1_S6_1.JPG,0,C2_P08,40,640,152,816,112,176,False
C1_P02_N2_S2_1.JPG,0,C1_P02,2016,1572,2296,2156,280,584,True
C1_P05_N3_S3_1.JPG,0,C1_P05,556,948,792,1300,236,352,True
C4_P03_N3_S3_1.JPG,0,C4_P03,1588,900,1800,1208,212,308,True
C2_P01_N2_S3_1.JPG,0,C2_P01,28,924,204,1212,176,288,True
C3_P07_N1_S3_1.JPG,0,C3_P07,2768,1808,3088,2212,320,404,True
C3_P04_N1_S5_1.JPG,0,C3_P04,1100,2044,1256,2260,156,216,True
C1_P12_N2_S3_1.JPG,0,C1_P12,672,1140,928,1544,256,404,True
C1_P08_N3_S4_1.JPG,0,C1_P08,1036,2024,1272,2396,236,372,True
C3_P01_N2_S4_1.JPG,0,C3_P01,1100,196,1292,564,192,368,True
C3_P06_N1_S4_1.JPG,0,C3_P06,2384,1888,2564,2276,180,388,True
C1_P06_N3_S3_2.JPG,0,C1_P06,2652,1128,2884,1500,232,372,True
C1_P09_N1_S5_1.JPG,0,C1_P09,700,1224,872,1556,172,332,False
C3_P06_N1_S5_1.JPG,0,C3_P06,2520,1548,2676,1876,156,328,True
C4_P08_N2_S4_1.JPG,0,C4_P08,2052,1708,2260,2032,208,324,False
C4_P02_N1_S3_2.JPG,0,C4_P02,1768,1548,1944,1808,176,260,True
C2_P02_N3_S3_1.JPG,0,C2_P02,576,1308,792,1632,216,324,True
C3_P07_N2_S4_1.JPG,0,C3_P07,1140,1460,1336,1716,196,256,True
C2_P02_N1_S3_1.JPG,0,C2_P02,992,304,1204,684,212,380,True
C2_P05_N3_S3_1.JPG,0,C2_P05,2032,740,2228,1024,196,284,True
C2_P03_N3_S3_1.JPG,0,C2_P03,356,148,616,536,260,388,True
C1_P07_N2_S3_3.JPG,0,C1_P07,1960,392,2172,668,212,276,False
C4_P06_N4_S3_1.JPG,0,C4_P06,636,748,828,1088,192,340,True
C3_P07_N4_S2_1.JPG,0,C3_P07,1188,548,1484,1020,296,472,True
C4_P02_N3_S2_1.JPG,0,C4_P02,2300,1064,2480,1328,180,264,True
C3_P06_N2_S3_1.JPG,0,C3_P06,2184,1728,2388,2136,204,408,True
C3_P06_N2_S3_2.JPG,0,C3_P06,484,392,708,800,224,408,True
C4_P07_N2_S3_2.JPG,0,C4_P07,2152,1392,2348,1692,196,300,True
C2_P03_N2_S3_1.JPG,0,C2_P03,404,152,652,548,248,396,True
C3_P06_N1_S3_2.JPG,0,C3_P06,972,452,1196,812,224,360,True
C3_P07_N5_S2_1.JPG,0,C3_P07,868,484,1208,952,340,468,True
C4_P01_N1_S3_1.JPG,0,C4_P01,456,292,640,548,184,256,True
C1_P04_N1_S5_2.JPG,0,C1_P04,408,384,528,600,120,216,True
C2_P03_N1_S5_1.JPG,0,C2_P03,340,904,500,1144,160,240,True
C4_P06_N1_S3_1.JPG,0,C4_P06,2104,980,2328,1292,224,312,True
C1_P05_N1_S3_2.JPG,0,C1_P05,560,996,804,1324,244,328,True
C2_P08_N1_S6_1.JPG,0,C2_P08,260,1208,372,1360,112,152,False
C3_P05_N2_S2_1.JPG,0,C3_P05,3324,480,3580,864,256,384,True
C3_P07_N1_S6_1.JPG,0,C3_P07,244,2352,412,2584,168,232,True
C4_P03_N2_S3_1.JPG,0,C4_P03,2224,128,2408,392,184,264,True
C1_P03_N3_S2_1.JPG,0,C1_P03,648,1192,832,1472,184,280,False
C1_P06_N1_S4_1.JPG,0,C1_P06,2580,1396,2784,1688,204,292,True
C1_P02_N2_S3_1.JPG,0,C1_P02,592,1892,912,2412,320,520,True
C2_P07_N2_S4_1.JPG,0,C2_P07,112,48,268,328,156,280,False
C1_P12_N1_S3_1.JPG,0,C1_P12,1264,256,1512,632,248,376,True
C3_P01_N1_S4_1.JPG,0,C3_P01,1188,1400,1396,1688,208,288,True
C4_P06_N1_S3_1.JPG,0,C4_P06,1308,944,1516,1308,208,364,True
C2_P01_N2_S3_1.JPG,0,C2_P01,600,372,768,604,168,232,True
C4_P08_N2_S3_1.JPG,0,C4_P08,1052,12,1276,372,224,360,False
C1_P11_N2_S3_2.JPG,0,C1_P11,636,1456,868,1808,232,352,True
C1_P05_N4_S3_1.JPG,0,C1_P05,1620,1480,1836,1844,216,364,True
C3_P06_N2_S3_2.JPG,0,C3_P06,516,1684,760,2068,244,384,True
C2_P01_N1_S4_1.JPG,0,C2_P01,12,952,132,1152,120,200,True
C3_P06_N1_S4_1.JPG,0,C3_P06,1212,784,1412,1120,200,336,True
C4_P02_N2_S3_1.JPG,0,C4_P02,684,1588,840,1832,156,244,True
C3_P02_N2_S3_1.JPG,0,C3_P02,3244,384,3500,752,256,368,True
C3_P05_N2_S3_1.JPG,0,C3_P05,1628,420,1860,792,232,372,True
C2_P02_N2_S2_1.JPG,0,C2_P02,4,916,224,1280,220,364,True
C4_P06_N1_S4_1.JPG,0,C4_P06,900,148,1104,432,204,284,True
C1_P02_N1_S2_1.JPG,0,C1_P02,148,404,464,980,316,576,True
C1_P04_N1_S4_1.JPG,0,C1_P04,1824,740,2024,1052,200,312,True
C3_P03_N2_S3_1.JPG,0,C3_P03,1616,1184,1860,1540,244,356,True
C1_P04_N2_S4_1.JPG,0,C1_P04,1848,1408,2048,1764,200,356,True
C2_P03_N1_S4_1.JPG,0,C2_P03,476,1504,656,1780,180,276,True
C1_P10_N3_S3_1.JPG,0,C1_P10,24,228,244,572,220,344,True
C2_P03_N3_S3_1.JPG,0,C2_P03,1076,1388,1328,1756,252,368,True
C1_P05_N1_S4_3.JPG,0,C1_P05,1460,2064,1676,2400,216,336,True
C3_P05_N1_S3_1.JPG,0,C3_P05,908,1668,1092,1968,184,300,True
C4_P07_N1_S4_2.JPG,0,C4_P07,320,616,488,920,168,304,True
C4_P08_N2_S3_2.JPG,0,C4_P08,2488,908,2700,1216,212,308,False
C3_P07_N3_S2_1.JPG,0,C3_P07,1124,504,1444,996,320,492,True
C2_P04_N1_S2_1.JPG,0,C2_P04,576,308,764,584,188,276,False
C3_P07_N1_S5_1.JPG,0,C3_P07,1192,56,1368,328,176,272,True
C1_P11_N1_S4_2.JPG,0,C1_P11,1160,1964,1372,2276,212,312,True
C1_P12_N2_S4_1.JPG,0,C1_P12,1436,236,1640,612,204,376,True
C4_P07_N2_S4_1.JPG,0,C4_P07,1972,1704,2144,1988,172,284,True
C3_P07_N4_S2_1.JPG,0,C3_P07,3760,504,4172,1068,412,564,True
C2_P04_N1_S5_1.JPG,0,C2_P04,1216,1560,1352,1736,136,176,False
C1_P05_N1_S4_3.JPG,0,C1_P05,2484,848,2700,1196,216,348,True
C2_P04_N2_S4_1.JPG,0,C2_P04,1180,180,1344,436,164,256,False
C2_P04_N1_S5_1.JPG,0,C2_P04,1188,204,1304,404,116,200,False
C3_P05_N1_S5_1.JPG,0,C3_P05,1504,756,1664,992,160,236,True
C1_P04_N3_S3_1.JPG,0,C1_P04,640,1756,864,2092,224,336,True
C1_P06_N1_S3_2.JPG,0,C1_P06,2768,1092,2960,1396,192,304,True
C3_P06_N3_S4_2.JPG,0,C3_P06,568,284,804,656,236,372,True
C2_P06_N2_S3_1.JPG,0,C2_P06,232,164,428,404,196,240,False
C3_P02_N1_S5_1.JPG,0,C3_P02,1492,1108,1656,1368,164,260,True
C3_P06_N1_S4_1.JPG,0,C3_P06,1216,1356,1424,1696,208,340,True
C3_P02_N3_S2_1.JPG,0,C3_P02,3284,588,3584,984,300,396,True
C1_P12_N1_S2_1.JPG,0,C1_P12,888,1408,1212,1916,324,508,True
C1_P09_N1_S5_1.JPG,0,C1_P09,1040,1656,1224,1940,184,284,False
C2_P01_N1_S2_1.JPG,0,C2_P01,100,208,268,432,168,224,True
C2_P01_N1_S3_1.JPG,0,C2_P01,96,760,232,932,136,172,True
C3_P07_N1_S6_1.JPG,0,C3_P07,576,2344,744,2576,168,232,True
C1_P03_N2_S2_1.JPG,0,C1_P03,1400,416,1636,796,236,380,False
C2_P03_N2_S4_1.JPG,0,C2_P03,680,600,860,904,180,304,True
C1_P06_N3_S3_1.JPG,0,C1_P06,1468,760,1688,1136,220,376,True
C3_P03_N3_S3_1.JPG,0,C3_P03,888,1776,1132,2220,244,444,True
C2_P01_N1_S5_2.JPG,0,C2_P01,464,960,564,1116,100,156,True
C2_P06_N3_S4_1.JPG,0,C2_P06,1376,1492,1536,1736,160,244,False
C2_P05_N3_S3_1.JPG,0,C2_P05,2148,1232,2352,1536,204,304,True
C3_P06_N1_S5_1.JPG,0,C3_P06,2912,76,3092,368,180,292,True
C2_P01_N3_S2_1.JPG,0,C2_P01,28,228,216,508,188,280,True
C3_P01_N1_S5_1.JPG,0,C3_P01,380,312,560,568,180,256,True
C2_P09_N1_S7_2.JPG,0,C2_P09,1612,92,1704,280,92,188,False
C4_P07_N2_S4_1.JPG,0,C4_P07,1308,208,1488,472,180,264,True
C2_P08_N1_S6_1.JPG,0,C2_P08,144,656,256,832,112,176,False
C4_P03_N2_S3_1.JPG,0,C4_P03,1744,1308,1924,1592,180,284,True
C2_P01_N1_S2_1.JPG,0,C2_P01,732,240,900,464,168,224,True
C3_P04_N1_S4_1.JPG,0,C3_P04,1192,636,1420,1024,228,388,True
C1_P06_N1_S3_2.JPG,0,C1_P06,1724,1088,1952,1392,228,304,True
C1_P05_N1_S4_2.JPG,0,C1_P05,2292,1924,2508,2292,216,368,True
C3_P06_N2_S3_1.JPG,0,C3_P06,3632,1772,3836,2180,204,408,True
C1_P05_N1_S5_1.JPG,0,C1_P05,300,652,492,916,192,264,True
C1_P11_N2_S4_3.JPG,0,C1_P11,1688,1796,1868,2132,180,336,True
C3_P05_N2_S2_1.JPG,0,C3_P05,2296,1080,2572,1536,276,456,True
C1_P02_N1_S4_1.JPG,0,C1_P02,1996,2016,2228,2400,232,384,True
C2_P09_N1_S7_1.JPG,0,C2_P09,1576,1424,1680,1588,104,164,False
C2_P09_N1_S7_1.JPG,0,C2_P09,1484,688,1584,832,100,144,False
C1_P11_N1_S4_1.JPG,0,C1_P11,2888,1428,3124,1796,236,368,True
C2_P05_N1_S5_1.JPG,0,C2_P05,1304,136,1436,344,132,208,True
C2_P01_N1_S5_2.JPG,0,C2_P01,68,1668,184,1820,116,152,True
C2_P01_N2_S3_1.JPG,0,C2_P01,936,372,1104,604,168,232,True
C1_P04_N1_S4_1.JPG,0,C1_P04,804,740,1000,1064,196,324,True
C3_P05_N2_S4_1.JPG,0,C3_P05,292,684,544,1068,252,384,True
C1_P12_N3_S2_1.JPG,0,C1_P12,1580,1484,1956,2028,376,544,True
C4_P05_N1_S5_1.JPG,0,C4_P05,1856,28,2024,256,168,228,True
C1_P05_N2_S4_1.JPG,0,C1_P05,2956,1876,3172,2216,216,340,True
C4_P06_N1_S4_1.JPG,0,C4_P06,24,1808,232,2096,208,288,True
C3_P07_N2_S3_1.JPG,0,C3_P07,952,132,1264,584,312,452,True
C4_P05_N2_S4_1.JPG,0,C4_P05,956,1640,1140,1972,184,332,True
C1_P09_N2_S4_1.JPG,0,C1_P09,1404,792,1584,1116,180,324,False
C2_P04_N2_S3_1.JPG,0,C2_P04,1448,676,1632,936,184,260,False
C2_P08_N2_S3_2.JPG,0,C2_P08,1416,268,1612,572,196,304,False
C1_P01_N1_S2_1.JPG,0,C1_P01,24,872,268,1264,244,392,True
C1_P01_N2_S3_1.JPG,0,C1_P01,672,1772,984,2268,312,496,True
C1_P08_N3_S3_1.JPG,0,C1_P08,1268,1468,1480,1888,212,420,True
C4_P05_N3_S2_1.JPG,0,C4_P05,516,728,716,1076,200,348,True
C2_P02_N4_S2_1.JPG,0,C2_P02,1392,828,1604,1192,212,364,True
C2_P06_N2_S3_1.JPG,0,C2_P06,1404,168,1600,408,196,240,False
C1_P03_N1_S4_2.JPG,0,C1_P03,1076,192,1200,368,124,176,False
C4_P07_N3_S3_1.JPG,0,C4_P07,1232,1380,1420,1700,188,320,True
C3_P07_N2_S3_1.JPG,0,C3_P07,2784,148,3096,600,312,452,True
C2_P08_N3_S3_2.JPG,0,C2_P08,212,704,392,1000,180,296,False
C1_P08_N3_S4_2.JPG,0,C1_P08,524,1472,732,1800,208,328,True
C3_P04_N1_S5_1.JPG,0,C3_P04,1304,120,1488,400,184,280,True
C1_P08_N2_S4_1.JPG,0,C1_P08,1696,804,1944,1156,248,352,True
C2_P08_N1_S4_1.JPG,0,C2_P08,68,1336,212,1572,144,236,False
C1_P08_N3_S3_1.JPG,0,C1_P08,1900,1500,2108,1848,208,348,True
C1_P09_N3_S4_1.JPG,0,C1_P09,652,456,856,776,204,320,False
C1_P11_N1_S3_2.JPG,0,C1_P11,1724,1060,1952,1396,228,336,True
C3_P07_N2_S4_1.JPG,0,C3_P07,2544,780,2820,1160,276,380,True
C4_P02_N2_S3_1.JPG,0,C4_P02,1024,304,1192,544,168,240,True
C3_P02_N2_S2_2.JPG,0,C3_P02,1592,1300,1868,1740,276,440,True
C2_P02_N2_S3_1.JPG,0,C2_P02,108,764,324,1096,216,332,True
C2_P09_N1_S7_1.JPG,0,C2_P09,1004,660,1112,824,108,164,False
C3_P06_N1_S5_1.JPG,0,C3_P06,1904,1096,2092,1396,188,300,True
C2_P09_N1_S7_2.JPG,0,C2_P09,1732,888,1824,1028,92,140,False
C4_P07_N1_S3_2.JPG,0,C4_P07,1780,868,1960,1204,180,336,True
C2_P02_N1_S3_1.JPG,0,C2_P02,1760,376,1972,712,212,336,True
C1_P08_N2_S5_1.JPG,0,C1_P08,2732,1144,2892,1428,160,284,True
C4_P04_N1_S5_1.JPG,0,C4_P04,1288,940,1468,1208,180,268,True
C1_P06_N2_S3_2.JPG,0,C1_P06,2220,100,2448,412,228,312,True
C1_P06_N1_S4_1.JPG,0,C1_P06,1260,1412,1464,1704,204,292,True
C1_P05_N2_S3_1.JPG,0,C1_P05,100,892,332,1320,232,428,True
C2_P09_N1_S7_1.JPG,0,C2_P09,988,1184,1088,1324,100,140,False
C4_P05_N4_S2_1.JPG,0,C4_P05,140,712,324,1020,184,308,True
C2_P04_N1_S5_1.JPG,0,C2_P04,1400,1244,1520,1420,120,176,False
C4_P02_N4_S3_1.JPG,0,C4_P02,88,876,244,1140,156,264,True
C2_P01_N1_S5_2.JPG,0,C2_P01,652,1672,768,1808,116,136,True
C4_P06_N4_S3_1.JPG,0,C4_P06,1804,784,2000,1088,196,304,True
C4_P07_N2_S3_2.JPG,0,C4_P07,1992,324,2168,624,176,300,True
C1_P05_N1_S4_1.JPG,0,C1_P05,2300,2028,2524,2388,224,360,True
C3_P04_N2_S4_1.JPG,0,C3_P04,1096,712,1300,1020,204,308,True
C1_P01_N1_S5_1.JPG,0,C1_P01,652,2104,852,2436,200,332,True
C2_P04_N3_S4_1.JPG,0,C2_P04,2396,88,2588,424,192,336,False
C2_P07_N1_S6_1.JPG,0,C2_P07,640,692,748,832,108,140,False
C2_P04_N1_S3_1.JPG,0,C2_P04,1332,1096,1472,1352,140,256,False
C2_P05_N2_S3_2.JPG,0,C2_P05,2044,1348,2208,1592,164,244,True
C2_P09_N1_S7_1.JPG,0,C2_P09,144,652,244,808,100,156,False
C3_P06_N2_S3_2.JPG,0,C3_P06,1256,1664,1464,2096,208,432,True
C1_P11_N2_S4_2.JPG,0,C1_P11,912,1220,1112,1636,200,416,True
C1_P09_N4_S3_1.JPG,0,C1_P09,352,468,540,708,188,240,False
C2_P09_N1_S7_1.JPG,0,C2_P09,1900,696,1992,840,92,144,False
C1_P08_N4_S3_1.JPG,0,C1_P08,2548,1504,2752,1876,204,372,True
C4_P07_N3_S3_1.JPG,0,C4_P07,2360,824,2552,1128,192,304,True
C1_P10_N3_S3_1.JPG,0,C1_P10,1944,992,2192,1368,248,376,True
C1_P06_N1_S5_1.JPG,0,C1_P06,1364,1144,1520,1360,156,216,True
C2_P07_N2_S4_1.JPG,0,C2_P07,912,508,1060,752,148,244,False
C1_P02_N3_S3_1.JPG,0,C1_P02,308,1108,632,1624,324,516,True
C4_P07_N1_S5_1.JPG,0,C4_P07,360,1404,512,1628,152,224,True
C1_P11_N2_S4_3.JPG,0,C1_P11,1556,804,1756,1100,200,296,True
C3_P05_N2_S4_1.JPG,0,C3_P05,808,1920,1020,2220,212,300,True
C4_P07_N1_S4_2.JPG,0,C4_P07,2432,656,2596,920,164,264,True
C2_P01_N1_S5_1.JPG,0,C2_P01,524,1656,628,1800,104,144,True
C3_P07_N2_S3_1.JPG,0,C3_P07,1868,1900,2128,2256,260,356,True
C1_P04_N1_S5_2.JPG,0,C1_P04,1592,2064,1724,2276,132,212,True
C1_P03_N1_S4_1.JPG,0,C1_P03,1672,260,1840,488,168,228,False
C1_P12_N2_S4_1.JPG,0,C1_P12,500,2044,724,2388,224,344,True
C3_P03_N1_S5_1.JPG,0,C3_P03,872,1680,1024,1912,152,232,True
C1_P09_N1_S5_2.JPG,0,C1_P09,1832,1036,1996,1288,164,252,False
C4_P06_N2_S3_1.JPG,0,C4_P06,172,828,360,1152,188,324,True
C1_P01_N3_S3_1.JPG,0,C1_P01,1264,1892,1536,2284,272,392,True
C1_P09_N1_S5_2.JPG,0,C1_P09,1224,1040,1388,1272,164,232,False
C3_P07_N4_S2_1.JPG,0,C3_P07,2736,1588,3048,2008,312,420,True
C1_P04_N4_S2_1.JPG,0,C1_P04,1392,216,1644,684,252,468,True
C4_P05_N2_S3_1.JPG,0,C4_P05,1532,408,1732,720,200,312,True
C2_P02_N2_S3_1.JPG,0,C2_P02,764,200,980,520,216,320,True
C4_P02_N1_S3_2.JPG,0,C4_P02,540,244,712,468,172,224,True
C4_P01_N3_S3_1.JPG,0,C4_P01,2468,392,2664,688,196,296,True
C2_P03_N3_S3_1.JPG,0,C2_P03,1132,172,1392,560,260,388,True
C3_P02_N4_S2_1.JPG,0,C3_P02,2792,1424,3048,1824,256,400,True
C3_P05_N2_S3_1.JPG,0,C3_P05,2344,1020,2616,1456,272,436,True
C1_P06_N1_S3_2.JPG,0,C1_P06,2316,1092,2544,1396,228,304,True
C2_P01_N2_S3_1.JPG,0,C2_P01,2028,964,2204,1220,176,256,True
C3_P06_N3_S3_1.JPG,0,C3_P06,2752,1712,3000,2140,248,428,True
C2_P01_N1_S5_2.JPG,0,C2_P01,260,244,356,388,96,144,True
C4_P05_N2_S3_1.JPG,0,C4_P05,1260,1488,1468,1796,208,308,True
C3_P06_N4_S3_1.JPG,0,C3_P06,1560,1904,1824,2280,264,376,True
C3_P05_N1_S4_1.JPG,0,C3_P05,1276,384,1460,656,184,272,True
C1_P08_N2_S4_1.JPG,0,C1_P08,1728,128,1936,520,208,392,True
C4_P04_N4_S2_1.JPG,0,C4_P04,1144,124,1396,556,252,432,True
C4_P02_N2_S3_1.JPG,0,C4_P02,828,308,1012,548,184,240,True
C2_P07_N2_S2_1.JPG,0,C2_P07,12,992,256,1380,244,388,False
C2_P04_N1_S3_1.JPG,0,C2_P04,1984,708,2136,940,152,232,False
C2_P06_N2_S3_1.JPG,0,C2_P06,2092,656,2288,916,196,260,False
C4_P06_N4_S3_1.JPG,0,C4_P06,1040,1276,1224,1576,184,300,True
C1_P10_N2_S4_1.JPG,0,C1_P10,1496,904,1684,1160,188,256,True
C1_P04_N2_S4_1.JPG,0,C1_P04,1236,844,1444,1176,208,332,True
C4_P04_N2_S4_1.JPG,0,C4_P04,2212,1412,2404,1728,192,316,True
C4_P07_N1_S4_2.JPG,0,C4_P07,320,1132,484,1436,164,304,True
C3_P06_N3_S4_1.JPG,0,C3_P06,3656,1384,3960,1780,304,396,True
C3_P01_N1_S3_1.JPG,0,C3_P01,1656,1080,1860,1520,204,440,True
C4_P02_N2_S3_1.JPG,0,C4_P02,2112,284,2292,552,180,268,True
C1_P01_N2_S3_1.JPG,0,C1_P01,1592,188,1904,680,312,492,True
C3_P03_N1_S3_1.JPG,0,C3_P03,3636,1120,3916,1496,280,376,True
C3_P07_N2_S3_1.JPG,0,C3_P07,3280,992,3688,1508,408,516,True
C2_P04_N1_S5_1.JPG,0,C2_P04,1544,908,1664,1104,120,196,False
C1_P12_N1_S4_1.JPG,0,C1_P12,1172,1364,1408,1712,236,348,True
C1_P08_N1_S4_1.JPG,0,C1_P08,1760,1448,1972,1772,212,324,True
C2_P08_N1_S3_2.JPG,0,C2_P08,1032,276,1240,596,208,320,False
C2_P09_N1_S7_1.JPG,0,C2_P09,2024,440,2108,576,84,136,False
C1_P06_N1_S5_1.JPG,0,C1_P06,1488,1620,1632,1832,144,212,True
C1_P06_N3_S3_2.JPG,0,C1_P06,1600,1204,1832,1520,232,316,True
C1_P12_N2_S4_1.JPG,0,C1_P12,964,896,1164,1228,200,332,True
C1_P08_N1_S4_1.JPG,0,C1_P08,2988,1384,3188,1752,200,368,True
C4_P08_N1_S5_2.JPG,0,C4_P08,1604,680,1740,884,136,204,False
C3_P04_N4_S2_2.JPG,0,C3_P04,640,372,976,832,336,460,True
C2_P08_N3_S3_1.JPG,0,C2_P08,1200,260,1452,624,252,364,False
C3_P06_N3_S4_1.JPG,0,C3_P06,3260,40,3512,520,252,480,True
C2_P04_N2_S3_1.JPG,0,C2_P04,1592,688,1776,948,184,260,False
C2_P09_N1_S7_2.JPG,0,C2_P09,1096,1564,1188,1696,92,132,False
C3_P02_N1_S4_1.JPG,0,C3_P02,716,1480,916,1828,200,348,True
C1_P06_N1_S4_1.JPG,0,C1_P06,2772,1400,2976,1692,204,292,True
C2_P01_N1_S5_2.JPG,0,C2_P01,168,968,268,1124,100,156,True
C1_P02_N4_S2_1.JPG,0,C1_P02,1488,1488,1796,2076,308,588,True
C2_P04_N3_S4_1.JPG,0,C2_P04,520,40,704,340,184,300,False
C2_P04_N1_S5_1.JPG,0,C2_P04,672,1536,808,1712,136,176,False
C2_P02_N1_S4_1.JPG,0,C2_P02,904,220,1072,480,168,260,True
C1_P04_N1_S3_1.JPG,0,C1_P04,3072,1232,3256,1592,184,360,True
C2_P06_N2_S3_1.JPG,0,C2_P06,824,684,1020,924,196,240,False
C4_P01_N2_S4_1.JPG,0,C4_P01,2268,68,2452,328,184,260,True
C2_P01_N2_S3_2.JPG,0,C2_P01,1832,752,1988,956,156,204,True
C1_P03_N1_S4_1.JPG,0,C1_P03,2748,208,2876,480,128,272,False
C1_P04_N2_S4_1.JPG,0,C1_P04,2624,1444,2828,1772,204,328,True
C2_P07_N1_S4_1.JPG,0,C2_P07,900,1408,1056,1660,156,252,False
C2_P08_N3_S3_2.JPG,0,C2_P08,224,1212,404,1492,180,280,False
C3_P02_N3_S2_2.JPG,0,C3_P02,1016,588,1328,1020,312,432,True
C2_P06_N1_S4_1.JPG,0,C2_P06,820,1380,968,1592,148,212,False
C2_P02_N1_S2_1.JPG,0,C2_P02,1172,1028,1400,1420,228,392,True
C1_P05_N2_S4_2.JPG,0,C1_P05,544,244,780,556,236,312,True
C1_P03_N1_S2_2.JPG,0,C1_P03,1888,268,2096,548,208,280,False
C4_P07_N1_S4_2.JPG,0,C4_P07,2284,1144,2456,1424,172,280,True
C1_P05_N3_S4_1.JPG,0,C1_P05,1412,756,1632,1096,220,340,True
C1_P02_N2_S3_1.JPG,0,C1_P02,2056,1004,2292,1512,236,508,True
C2_P02_N3_S3_1.JPG,0,C2_P02,568,184,788,516,220,332,True
C3_P05_N3_S3_1.JPG,0,C3_P05,2404,368,2696,844,292,476,True
C2_P04_N1_S3_1.JPG,0,C2_P04,1224,672,1384,920,160,248,False
C1_P04_N3_S2_1.JPG,0,C1_P04,1760,1224,2024,1676,264,452,True
C1_P02_N1_S4_1.JPG,0,C1_P02,1784,2020,2024,2404,240,384,True
C3_P02_N1_S2_1.JPG,0,C3_P02,420,432,676,808,256,376,True
C3_P02_N3_S2_1.JPG,0,C3_P02,1016,1368,1312,1848,296,480,True
C3_P07_N1_S6_1.JPG,0,C3_P07,1072,1860,1240,2088,168,228,True
C1_P08_N1_S4_1.JPG,0,C1_P08,708,72,956,472,248,400,True
C3_P01_N3_S2_1.JPG,0,C3_P01,344,456,668,1016,324,560,True
C1_P07_N1_S3_1.JPG,0,C1_P07,1896,988,2100,1320,204,332,False
C2_P01_N2_S3_2.JPG,0,C2_P01,92,264,240,456,148,192,True
C1_P09_N2_S6_1.JPG,0,C1_P09,2012,492,2168,732,156,240,False
C2_P01_N3_S2_1.JPG,0,C2_P01,1716,856,1892,1096,176,240,True
C2_P09_N1_S7_2.JPG,0,C2_P09,1420,896,1516,1032,96,136,False
C1_P06_N2_S3_2.JPG,0,C1_P06,184,780,412,1108,228,328,True
C1_P05_N1_S4_2.JPG,0,C1_P05,2080,708,2312,1060,232,352,True
C4_P07_N3_S3_2.JPG,0,C4_P07,1116,816,1300,1100,184,284,True
C2_P06_N3_S4_1.JPG,0,C2_P06,1228,1500,1388,1744,160,244,False
C2_P01_N2_S4_1.JPG,0,C2_P01,1424,708,1544,884,120,176,True
C3_P01_N2_S3_1.JPG,0,C3_P01,368,180,656,640,288,460,True
C3_P01_N1_S2_2.JPG,0,C3_P01,2328,532,2708,1096,380,564,True
C2_P01_N1_S5_2.JPG,0,C2_P01,752,1660,868,1796,116,136,True
C2_P04_N1_S5_1.JPG,0,C2_P04,620,592,740,780,120,188,False
C2_P05_N2_S3_2.JPG,0,C2_P05,1248,1332,1424,1572,176,240,True
C1_P06_N1_S5_1.JPG,0,C1_P06,1868,1140,2024,1356,156,216,True
C2_P01_N1_S5_1.JPG,0,C2_P01,568,612,680,760,112,148,True
C3_P01_N2_S3_1.JPG,0,C3_P01,2116,172,2336,644,220,472,True
C4_P03_N1_S4_1.JPG,0,C4_P03,2320,640,2488,880,168,240,True
C1_P05_N2_S4_1.JPG,0,C1_P05,2748,1888,2964,2228,216,340,True
C4_P01_N3_S3_1.JPG,0,C4_P01,2064,1604,2256,1928,192,324,True
C1_P06_N1_S4_2.JPG,0,C1_P06,2652,1420,2844,1728,192,308,True
C2_P04_N2_S4_1.JPG,0,C2_P04,1672,156,1848,460,176,304,False
C1_P07_N1_S3_3.JPG,0,C1_P07,356,316,560,612,204,296,False
C3_P05_N1_S2_1.JPG,0,C3_P05,3364,460,3620,796,256,336,True
C2_P03_N1_S2_1.JPG,0,C2_P03,104,380,460,900,356,520,True
C1_P09_N3_S3_1.JPG,0,C1_P09,1440,816,1632,1072,192,256,False
C3_P07_N2_S3_1.JPG,0,C3_P07,2128,1904,2388,2260,260,356,True
C4_P03_N3_S3_2.JPG,0,C4_P03,1796,996,2008,1288,212,292,True
C1_P10_N2_S4_1.JPG,0,C1_P10,160,376,356,620,196,244,True
C2_P07_N1_S6_1.JPG,0,C2_P07,40,668,148,824,108,156,False
C3_P06_N1_S4_1.JPG,0,C3_P06,2580,1892,2760,2280,180,388,True
C1_P04_N1_S5_2.JPG,0,C1_P04,32,1240,156,1456,124,216,True
C3_P05_N1_S3_1.JPG,0,C3_P05,924,1116,1124,1424,200,308,True
C4_P07_N3_S3_2.JPG,0,C4_P07,1096,1324,1280,1612,184,288,True
C2_P08_N2_S4_1.JPG,0,C2_P08,664,524,816,764,152,240,False
C2_P03_N1_S5_1.JPG,0,C2_P03,72,904,204,1144,132,240,True
C1_P04_N1_S3_1.JPG,0,C1_P04,1452,1244,1688,1604,236,360,True
C4_P07_N2_S3_2.JPG,0,C4_P07,1264,328,1456,660,192,332,True
C3_P02_N1_S4_1.JPG,0,C3_P02,2064,1540,2264,1848,200,308,True
C2_P08_N4_S3_1.JPG,0,C2_P08,692,192,888,580,196,388,False
C4_P05_N1_S3_1.JPG,0,C4_P05,1504,1460,1700,1764,196,304,True
C3_P07_N2_S3_1.JPG,0,C3_P07,3568,1004,3976,1520,408,516,True
C1_P12_N1_S5_1.JPG,0,C1_P12,1100,2124,1288,2420,188,296,True
C1_P02_N1_S3_1.JPG,0,C1_P02,2516,992,2760,1460,244,468,True
C1_P10_N1_S2_1.JPG,0,C1_P10,332,504,548,860,216,356,True
C2_P01_N2_S3_2.JPG,0,C2_P01,1728,1256,1868,1460,140,204,True
C1_P04_N4_S2_1.JPG,0,C1_P04,900,1068,1164,1476,264,408,True
C1_P11_N1_S3_1.JPG,0,C1_P11,2516,1140,2736,1512,220,372,True
C4_P08_N1_S5_1.JPG,0,C4_P08,1644,1800,1776,1980,132,180,False
C1_P11_N1_S4_2.JPG,0,C1_P11,2560,912,2748,1176,188,264,True
C1_P08_N2_S5_1.JPG,0,C1_P08,1252,1996,1412,2276,160,280,True
C1_P06_N3_S3_1.JPG,0,C1_P06,1448,1452,1660,1856,212,404,True
C3_P01_N1_S4_1.JPG,0,C3_P01,956,760,1140,1108,184,348,True
C1_P07_N2_S3_2.JPG,0,C1_P07,848,1684,1056,2028,208,344,False
C2_P01_N3_S3_1.JPG,0,C2_P01,1876,604,2028,828,152,224,True
C3_P05_N4_S2_1.JPG,0,C3_P05,2212,444,2488,884,276,440,True
C2_P01_N1_S2_1.JPG,0,C2_P01,896,236,1064,460,168,224,True
C1_P09_N1_S5_2.JPG,0,C1_P09,1680,708,1844,956,164,248,False
C4_P08_N1_S5_1.JPG,0,C4_P08,1396,1768,1528,1976,132,208,False
C1_P06_N1_S4_2.JPG,0,C1_P06,1920,2068,2128,2364,208,296,True
C2_P03_N2_S3_1.JPG,0,C2_P03,1328,1344,1560,1768,232,424,True
C1_P08_N3_S3_1.JPG,0,C1_P08,1696,312,1948,676,252,364,True
C1_P12_N1_S5_1.JPG,0,C1_P12,52,276,224,512,172,236,True
C4_P05_N3_S2_1.JPG,0,C4_P05,2140,216,2336,548,196,332,True
C1_P08_N3_S4_1.JPG,0,C1_P08,548,1432,808,1816,260,384,True
C2_P05_N2_S5_1.JPG,0,C2_P05,136,1316,244,1472,108,156,True
C3_P06_N3_S4_2.JPG,0,C3_P06,948,1920,1164,2260,216,340,True
C2_P09_N1_S7_2.JPG,0,C2_P09,1976,1560,2068,1692,92,132,False
C1_P03_N2_S2_1.JPG,0,C1_P03,3024,436,3260,816,236,380,False
C3_P01_N4_S3_1.JPG,0,C3_P01,416,992,704,1476,288,484,True
C4_P08_N3_S3_2.JPG,0,C4_P08,2572,412,2804,732,232,320,False
C4_P01_N3_S3_1.JPG,0,C4_P01,448,1580,640,1856,192,276,True
C4_P07_N1_S3_1.JPG,0,C4_P07,1056,972,1256,1288,200,316,True
C1_P10_N3_S3_1.JPG,0,C1_P10,764,1656,1012,2084,248,428,True
C3_P01_N2_S3_2.JPG,0,C3_P01,2008,316,2236,796,228,480,True
C2_P07_N1_S6_2.JPG,0,C2_P07,504,600,608,752,104,152,False
C3_P05_N1_S5_1.JPG,0,C3_P05,2096,192,2264,460,168,268,True
C1_P11_N2_S4_1.JPG,0,C1_P11,716,2088,960,2444,244,356,True
C4_P07_N1_S3_1.JPG,0,C4_P07,476,900,676,1272,200,372,True
C3_P02_N2_S4_1.JPG,0,C3_P02,908,1436,1096,1776,188,340,True
C2_P05_N1_S5_1.JPG,0,C2_P05,324,908,452,1084,128,176,True
C2_P01_N1_S3_1.JPG,0,C2_P01,448,272,584,444,136,172,True
C1_P05_N3_S3_1.JPG,0,C1_P05,2516,920,2752,1272,236,352,True
C3_P07_N1_S6_1.JPG,0,C3_P07,1764,2336,1932,2600,168,264,True
C1_P09_N2_S4_1.JPG,0,C1_P09,1736,1212,1932,1484,196,272,False
C1_P04_N1_S5_2.JPG,0,C1_P04,2100,1232,2240,1452,140,220,True
C3_P01_N2_S4_1.JPG,0,C3_P01,348,872,540,1188,192,316,True
C2_P03_N4_S2_1.JPG,0,C2_P03,540,1096,856,1564,316,468,True
C3_P03_N2_S4_1.JPG,0,C3_P03,344,1456,536,1744,192,288,True
C4_P07_N2_S4_1.JPG,0,C4_P07,312,1716,472,2000,160,284,True
C1_P10_N1_S3_1.JPG,0,C1_P10,308,1796,552,2180,244,384,True
C2_P09_N1_S7_2.JPG,0,C2_P09,1640,888,1732,1028,92,140,False
C1_P02_N3_S3_1.JPG,0,C1_P02,1924,1124,2248,1604,324,480,True
C3_P01_N2_S4_1.JPG,0,C3_P01,744,1444,932,1712,188,268,True
C3_P03_N1_S5_1.JPG,0,C3_P03,484,2136,636,2412,152,276,True
C1_P12_N1_S5_1.JPG,0,C1_P12,552,268,724,504,172,236,True
C2_P01_N1_S5_1.JPG,0,C2_P01,1320,1292,1424,1452,104,160,True
C4_P08_N1_S5_2.JPG,0,C4_P08,1152,1784,1288,1996,136,212,False
C4_P07_N1_S3_2.JPG,0,C4_P07,1948,900,2128,1196,180,296,True
C2_P01_N2_S4_1.JPG,0,C2_P01,1596,304,1716,472,120,168,True
C2_P01_N1_S5_1.JPG,0,C2_P01,912,1636,1016,1780,104,144,True
C3_P06_N1_S5_1.JPG,0,C3_P06,976,1104,1156,1396,180,292,True
C1_P02_N2_S4_1.JPG,0,C1_P02,1756,176,1940,524,184,348,True
C3_P05_N1_S5_1.JPG,0,C3_P05,2800,776,2960,1024,160,248,True
C3_P01_N2_S3_1.JPG,0,C3_P01,736,1784,1000,2192,264,408,True
C2_P07_N3_S3_1.JPG,0,C2_P07,0,732,176,1008,176,276,False
C1_P05_N3_S4_1.JPG,0,C1_P05,1036,1908,1244,2276,208,368,True
C3_P06_N2_S3_2.JPG,0,C3_P06,1192,356,1428,776,236,420,True
C4_P06_N1_S4_1.JPG,0,C4_P06,1104,144,1308,428,204,284,True
C2_P09_N1_S7_2.JPG,0,C2_P09,164,600,268,756,104,156,False
C3_P07_N2_S3_1.JPG,0,C3_P07,1264,1052,1576,1504,312,452,True
C3_P05_N1_S5_1.JPG,0,C3_P05,1988,1164,2156,1436,168,272,True
C4_P07_N1_S3_2.JPG,0,C4_P07,648,344,840,624,192,280,True
C1_P12_N1_S2_1.JPG,0,C1_P12,1884,1416,2208,1924,324,508,True
C2_P05_N1_S4_1.JPG,0,C2_P05,372,1504,528,1736,156,232,True
C1_P11_N2_S3_1.JPG,0,C1_P11,2824,844,3016,1156,192,312,True
C4_P08_N1_S5_1.JPG,0,C4_P08,800,668,932,880,132,212,False
C1_P09_N4_S4_1.JPG,0,C1_P09,1072,1260,1256,1520,184,260,False
C2_P06_N1_S5_1.JPG,0,C2_P06,1576,1116,1704,1304,128,188,False
C2_P06_N3_S3_1.JPG,0,C2_P06,596,1032,760,1280,164,248,False
C4_P05_N1_S3_1.JPG,0,C4_P05,2324,920,2540,1232,216,312,True
C3_P07_N1_S5_1.JPG,0,C3_P07,2628,1620,2796,1892,168,272,True
C2_P05_N2_S5_1.JPG,0,C2_P05,328,1312,436,1468,108,156,True
C4_P08_N2_S3_1.JPG,0,C4_P08,552,1256,784,1652,232,396,False
C1_P10_N3_S3_1.JPG,0,C1_P10,1700,1688,1948,2116,248,428,True
C2_P09_N1_S7_1.JPG,0,C2_P09,1952,156,2064,316,112,160,False
C3_P02_N1_S5_1.JPG,0,C3_P02,76,96,268,312,192,216,True
C2_P09_N1_S7_2.JPG,0,C2_P09,1236,1096,1332,1232,96,136,False
C1_P06_N1_S5_1.JPG,0,C1_P06,2212,2092,2356,2316,144,224,True
C1_P12_N4_S3_1.JPG,0,C1_P12,380,1824,632,2184,252,360,True
C2_P05_N2_S3_2.JPG,0,C2_P05,1064,1296,1244,1564,180,268,True
C2_P08_N1_S6_2.JPG,0,C2_P08,576,716,684,880,108,164,False
C1_P11_N1_S3_1.JPG,0,C1_P11,60,1744,312,2180,252,436,True
C1_P08_N4_S4_1.JPG,0,C1_P08,136,1580,384,1904,248,324,True
C4_P04_N1_S2_1.JPG,0,C4_P04,276,504,484,860,208,356,True
C1_P04_N2_S4_1.JPG,0,C1_P04,2828,2052,3024,2376,196,324,True
C3_P01_N1_S5_1.JPG,0,C3_P01,1236,1320,1396,1572,160,252,True
C4_P04_N2_S3_1.JPG,0,C4_P04,548,148,792,512,244,364,True
C2_P02_N4_S2_1.JPG,0,C2_P02,32,292,260,624,228,332,True
C4_P06_N1_S4_1.JPG,0,C4_P06,2100,768,2316,1080,216,312,True
C1_P04_N1_S3_2.JPG,0,C1_P04,1936,988,2160,1320,224,332,True
C2_P03_N2_S4_1.JPG,0,C2_P03,1284,1440,1428,1756,144,316,True
C2_P06_N1_S5_1.JPG,0,C2_P06,264,52,392,216,128,164,False
C4_P07_N3_S3_2.JPG,0,C4_P07,2000,272,2188,568,188,296,True
C1_P05_N1_S4_1.JPG,0,C1_P05,2080,844,2296,1160,216,316,True
C4_P01_N1_S3_1.JPG,0,C4_P01,2100,244,2304,516,204,272,True
C1_P11_N1_S3_2.JPG,0,C1_P11,2864,1600,3084,1932,220,332,True
C1_P04_N1_S5_2.JPG,0,C1_P04,808,1640,936,1884,128,244,True
C2_P09_N1_S7_2.JPG,0,C2_P09,2044,404,2136,564,92,160,False
C2_P01_N2_S2_1.JPG,0,C2_P01,380,352,560,588,180,236,True
C1_P06_N1_S3_1.JPG,0,C1_P06,2700,1808,2916,2100,216,292,True
C4_P04_N4_S2_1.JPG,0,C4_P04,904,160,1156,560,252,400,True
C4_P06_N1_S3_1.JPG,0,C4_P06,1500,984,1724,1296,224,312,True
C1_P05_N1_S3_2.JPG,0,C1_P05,796,1636,1028,1976,232,340,True
C1_P06_N1_S4_1.JPG,0,C1_P06,2540,196,2744,456,204,260,True
C4_P05_N1_S3_1.JPG,0,C4_P05,220,380,404,648,184,268,True
C2_P04_N3_S4_1.JPG,0,C2_P04,1452,44,1652,380,200,336,False
C1_P08_N2_S5_1.JPG,0,C1_P08,1256,304,1428,528,172,224,True
C3_P05_N2_S3_1.JPG,0,C3_P05,2812,1056,3040,1492,228,436,True
C2_P06_N3_S3_1.JPG,0,C2_P06,1256,584,1428,840,172,256,False
C2_P02_N2_S4_1.JPG,0,C2_P02,308,1580,472,1832,164,252,True
C1_P08_N4_S3_1.JPG,0,C1_P08,2184,328,2376,672,192,344,True
C2_P02_N1_S5_1.JPG,0,C2_P02,1164,1476,1276,1668,112,192,True
C2_P06_N2_S3_1.JPG,0,C2_P06,116,1188,288,1416,172,228,False
C4_P07_N1_S3_2.JPG,0,C4_P07,2304,368,2492,640,188,272,True
C2_P04_N3_S3_1.JPG,0,C2_P04,1896,1156,2092,1440,196,284,False
C2_P09_N1_S7_2.JPG,0,C2_P09,136,1568,232,1700,96,132,False
C3_P06_N3_S4_2.JPG,0,C3_P06,2420,1952,2644,2296,224,344,True
C3_P06_N4_S3_1.JPG,0,C3_P06,1848,1896,2112,2272,264,376,True
C4_P08_N3_S3_2.JPG,0,C4_P08,2316,1640,2516,1944,200,304,False
C2_P08_N1_S3_2.JPG,0,C2_P08,856,832,1036,1144,180,312,False
C3_P06_N1_S4_1.JPG,0,C3_P06,1972,1884,2144,2256,172,372,True
C3_P05_N2_S2_1.JPG,0,C3_P05,512,444,768,852,256,408,True
C3_P06_N2_S3_2.JPG,0,C3_P06,3368,1672,3604,2132,236,460,True
C1_P10_N1_S5_1.JPG,0,C1_P10,424,2000,580,2244,156,244,True
C3_P02_N1_S5_1.JPG,0,C3_P02,1824,668,1988,900,164,232,True
C3_P01_N1_S5_2.JPG,0,C3_P01,648,1224,812,1496,164,272,True
C1_P11_N2_S4_1.JPG,0,C1_P11,1764,2044,2008,2400,244,356,True
C3_P01_N2_S2_2.JPG,0,C3_P01,2052,552,2380,1196,328,644,True
C3_P01_N1_S5_2.JPG,0,C3_P01,292,240,472,496,180,256,True
C2_P08_N1_S6_1.JPG,0,C2_P08,668,640,780,816,112,176,False
C4_P08_N2_S3_2.JPG,0,C4_P08,2088,1420,2308,1788,220,368,False
C4_P08_N1_S3_1.JPG,0,C4_P08,2304,1012,2528,1324,224,312,False
C1_P05_N2_S4_2.JPG,0,C1_P05,988,1428,1204,1776,216,348,True
C4_P05_N4_S2_1.JPG,0,C4_P05,1096,748,1296,1076,200,328,True
C3_P06_N3_S4_1.JPG,0,C3_P06,932,52,1172,472,240,420,True
C1_P10_N1_S4_1.JPG,0,C1_P10,1876,648,2104,948,228,300,True
C1_P12_N2_S3_1.JPG,0,C1_P12,1456,1144,1712,1548,256,404,True
C1_P06_N2_S3_3.JPG,0,C1_P06,2552,420,2772,748,220,328,True
C4_P04_N1_S4_1.JPG,0,C4_P04,1840,1140,2040,1456,200,316,True
C4_P08_N1_S2_1.JPG,0,C4_P08,100,1280,356,1624,256,344,False
C3_P06_N1_S3_1.JPG,0,C3_P06,3232,524,3452,868,220,344,True
C2_P08_N4_S3_1.JPG,0,C2_P08,912,832,1120,1152,208,320,False
C2_P09_N1_S7_1.JPG,0,C2_P09,836,112,944,280,108,168,False
C2_P07_N1_S6_1.JPG,0,C2_P07,460,1200,560,1348,100,148,False
C2_P08_N2_S3_1.JPG,0,C2_P08,1000,1388,1200,1752,200,364,False
C3_P06_N3_S4_2.JPG,0,C3_P06,2228,1940,2436,2284,208,344,True
C2_P06_N1_S5_1.JPG,0,C2_P06,1256,1156,1384,1316,128,160,False
C2_P06_N1_S5_1.JPG,0,C2_P06,516,68,644,232,128,164,False
C2_P01_N2_S3_1.JPG,0,C2_P01,1104,384,1272,616,168,232,True
C2_P03_N1_S3_1.JPG,0,C2_P03,1852,1436,2080,1860,228,424,True
C1_P11_N2_S4_2.JPG,0,C1_P11,1500,1284,1728,1616,228,332,True
C1_P12_N2_S3_1.JPG,0,C1_P12,924,428,1180,824,256,396,True
C1_P06_N1_S3_1.JPG,0,C1_P06,960,1824,1192,2144,232,320,True
C3_P07_N1_S6_1.JPG,0,C3_P07,1244,1852,1412,2080,168,228,True
C2_P02_N2_S4_1.JPG,0,C2_P02,1504,1116,1668,1368,164,252,True
C2_P01_N2_S4_1.JPG,0,C2_P01,1604,1508,1720,1680,116,172,True
C4_P05_N2_S3_1.JPG,0,C4_P05,1852,1480,2056,1804,204,324,True
C2_P04_N1_S2_1.JPG,0,C2_P04,2332,868,2524,1152,192,284,False
C1_P09_N2_S6_1.JPG,0,C1_P09,2168,484,2340,736,172,252,False
C4_P04_N5_S2_1.JPG,0,C4_P04,744,704,972,1052,228,348,True
C3_P02_N3_S2_2.JPG,0,C3_P02,2032,1416,2308,1876,276,460,True
C1_P04_N2_S4_1.JPG,0,C1_P04,2444,832,2644,1156,200,324,True
C1_P04_N1_S5_1.JPG,0,C1_P04,1336,2128,1508,2408,172,280,True
C3_P07_N1_S5_1.JPG,0,C3_P07,812,1676,980,1928,168,252,True
C4_P02_N2_S4_1.JPG,0,C4_P02,1848,1776,1992,1988,144,212,True
C1_P11_N2_S4_2.JPG,0,C1_P11,2500,120,2708,464,208,344,True
C4_P02_N4_S3_1.JPG,0,C4_P02,2036,1000,2204,1236,168,236,True
C3_P07_N1_S4_1.JPG,0,C3_P07,2172,772,2388,1096,216,324,True
C1_P04_N1_S5_2.JPG,0,C1_P04,256,400,388,604,132,204,True
C1_P12_N2_S2_1.JPG,0,C1_P12,2332,1424,2676,1940,344,516,True
C1_P08_N3_S3_1.JPG,0,C1_P08,1072,1536,1272,1892,200,356,True
C1_P01_N2_S2_1.JPG,0,C1_P01,592,1200,1052,1972,460,772,True
C2_P03_N1_S3_1.JPG,0,C2_P03,780,1464,1052,1888,272,424,True
C3_P07_N1_S2_1.JPG,0,C3_P07,3132,1528,3464,2008,332,480,True
C1_P11_N1_S3_2.JPG,0,C1_P11,1712,492,1948,812,236,320,True
C1_P08_N2_S5_1.JPG,0,C1_P08,2440,1988,2600,2268,160,280,True
C3_P04_N2_S3_1.JPG,0,C3_P04,2092,264,2416,768,324,504,True
C2_P08_N1_S3_2.JPG,0,C2_P08,1232,284,1440,604,208,320,False
C1_P10_N1_S4_1.JPG,0,C1_P10,216,752,376,1012,160,260,True
C1_P12_N3_S2_1.JPG,0,C1_P12,1228,1472,1604,2016,376,544,True
C4_P07_N1_S3_2.JPG,0,C4_P07,1592,360,1780,648,188,288,True
C1_P12_N2_S4_1.JPG,0,C1_P12,760,880,948,1212,188,332,True
C1_P02_N3_S2_1.JPG,0,C1_P02,2828,1596,3140,2112,312,516,True
C3_P06_N2_S3_1.JPG,0,C3_P06,3176,436,3412,896,236,460,True
C3_P04_N1_S5_1.JPG,0,C3_P04,916,1456,1088,1728,172,272,True
C3_P01_N1_S5_1.JPG,0,C3_P01,736,2112,868,2380,132,268,True
C1_P04_N1_S3_1.JPG,0,C1_P04,996,1204,1196,1604,200,400,True
C3_P04_N2_S4_1.JPG,0,C3_P04,168,668,368,992,200,324,True
C3_P01_N1_S5_1.JPG,0,C3_P01,220,304,400,560,180,256,True
C4_P06_N4_S3_1.JPG,0,C4_P06,312,1236,496,1564,184,328,True
C1_P02_N1_S4_1.JPG,0,C1_P02,1132,68,1368,460,236,392,True
C4_P02_N2_S3_1.JPG,0,C4_P02,356,1588,512,1832,156,244,True
C1_P06_N1_S5_1.JPG,0,C1_P06,648,1140,804,1356,156,216,True
C3_P04_N2_S4_1.JPG,0,C3_P04,1924,1256,2116,1528,192,272,True
C3_P06_N3_S4_1.JPG,0,C3_P06,992,684,1220,1068,228,384,True
C1_P04_N1_S5_2.JPG,0,C1_P04,788,824,928,1036,140,212,True
C3_P06_N1_S5_1.JPG,0,C3_P06,632,1560,808,1852,176,292,True
C1_P11_N1_S4_2.JPG,0,C1_P11,2408,1924,2564,2192,156,268,True
C3_P01_N1_S5_2.JPG,0,C3_P01,660,1688,824,1932,164,244,True
C2_P09_N1_S7_2.JPG,0,C2_P09,1840,640,1932,800,92,160,False
C1_P11_N2_S4_1.JPG,0,C1_P11,940,2064,1184,2420,244,356,True
C3_P07_N1_S4_1.JPG,0,C3_P07,616,44,832,368,216,324,True
C1_P04_N2_S4_1.JPG,0,C1_P04,112,1400,312,1748,200,348,True
C1_P06_N3_S3_1.JPG,0,C1_P06,1736,100,1956,408,220,308,True
C2_P05_N1_S4_1.JPG,0,C2_P05,1616,1556,1760,1768,144,212,True
C1_P05_N2_S4_2.JPG,0,C1_P05,2612,2016,2836,2340,224,324,True
C3_P07_N1_S4_1.JPG,0,C3_P07,2116,1972,2312,2248,196,276,True
C3_P06_N1_S3_2.JPG,0,C3_P06,3588,1676,3824,2112,236,436,True
C3_P02_N1_S2_1.JPG,0,C3_P02,2532,1232,2788,1608,256,376,True
C3_P06_N3_S4_2.JPG,0,C3_P06,472,1448,716,1768,244,320,True
C1_P03_N1_S4_1.JPG,0,C1_P03,716,2064,884,2316,168,252,False
C1_P02_N3_S2_1.JPG,0,C1_P02,1872,1572,2236,2124,364,552,True
C3_P04_N1_S3_1.JPG,0,C3_P04,120,1128,436,1572,316,444,True
C2_P03_N2_S4_1.JPG,0,C2_P03,808,1456,976,1772,168,316,True
C3_P06_N1_S5_1.JPG,0,C3_P06,1000,1560,1176,1852,176,292,True
C4_P06_N2_S3_1.JPG,0,C4_P06,2300,828,2512,1140,212,312,True
C1_P08_N3_S4_2.JPG,0,C1_P08,2840,396,3060,736,220,340,True
C1_P10_N2_S3_1.JPG,0,C1_P10,2620,972,2880,1316,260,344,True
C2_P03_N1_S4_1.JPG,0,C2_P03,640,1504,820,1780,180,276,True
C2_P09_N1_S7_2.JPG,0,C2_P09,208,1324,296,1476,88,152,False
C1_P09_N4_S4_1.JPG,0,C1_P09,1764,528,1960,804,196,276,False
C4_P08_N2_S4_1.JPG,0,C4_P08,1844,1724,2052,2048,208,324,False
C4_P05_N4_S2_1.JPG,0,C4_P05,1692,176,1872,548,180,372,True
C2_P08_N1_S6_1.JPG,0,C2_P08,144,932,256,1096,112,164,False
C4_P08_N2_S3_1.JPG,0,C4_P08,2548,704,2780,1064,232,360,False
C4_P04_N1_S4_1.JPG,0,C4_P04,848,1196,1032,1496,184,300,True
C2_P06_N3_S4_1.JPG,0,C2_P06,368,556,548,832,180,276,False
C1_P04_N1_S5_2.JPG,0,C1_P04,1860,2064,1992,2276,132,212,True
C1_P04_N2_S4_1.JPG,0,C1_P04,1448,2064,1644,2388,196,324,True
C1_P02_N3_S2_1.JPG,0,C1_P02,2380,616,2668,1168,288,552,True
C1_P01_N3_S2_1.JPG,0,C1_P01,656,1316,1064,2016,408,700,True
C1_P02_N3_S2_1.JPG,0,C1_P02,1528,652,1880,1204,352,552,True
C1_P04_N1_S5_2.JPG,0,C1_P04,920,800,1048,1036,128,236,True
C4_P02_N2_S4_1.JPG,0,C4_P02,728,44,884,256,156,212,True
C1_P08_N2_S4_1.JPG,0,C1_P08,2712,1972,2936,2288,224,316,True
C3_P02_N1_S3_1.JPG,0,C3_P02,1616,1812,1864,2224,248,412,True
C4_P07_N3_S3_2.JPG,0,C4_P07,388,236,576,576,188,340,True
C1_P05_N3_S4_1.JPG,0,C1_P05,2928,1356,3136,1684,208,328,True
C1_P07_N2_S3_3.JPG,0,C1_P07,192,1652,392,1944,200,292,False
C1_P05_N1_S5_1.JPG,0,C1_P05,1032,168,1212,424,180,256,True
C4_P02_N2_S4_1.JPG,0,C4_P02,2248,600,2412,860,164,260,True
C2_P06_N2_S4_1.JPG,0,C2_P06,424,1040,596,1308,172,268,False
C2_P04_N1_S2_1.JPG,0,C2_P04,1948,376,2124,652,176,276,False
C3_P06_N3_S3_1.JPG,0,C3_P06,800,348,1076,796,276,448,True
C4_P06_N1_S3_1.JPG,0,C4_P06,252,1484,452,1828,200,344,True
C2_P01_N1_S4_1.JPG,0,C2_P01,228,984,348,1148,120,164,True
C2_P05_N1_S4_1.JPG,0,C2_P05,1360,1516,1492,1756,132,240,True
C4_P05_N1_S3_1.JPG,0,C4_P05,356,908,548,1260,192,352,True
C1_P05_N1_S3_1.JPG,0,C1_P05,1024,684,1252,1004,228,320,True
C1_P02_N1_S4_1.JPG,0,C1_P02,1532,1380,1768,1724,236,344,True
C1_P10_N2_S2_1.JPG,0,C1_P10,1064,400,1316,772,252,372,True
C1_P01_N2_S3_1.JPG,0,C1_P01,648,976,960,1508,312,532,True
C3_P01_N2_S3_1.JPG,0,C3_P01,1680,148,1900,620,220,472,True
C1_P09_N2_S6_1.JPG,0,C1_P09,820,1204,1012,1452,192,248,False
C2_P05_N3_S3_2.JPG,0,C2_P05,1608,704,1792,992,184,288,True
C3_P06_N3_S4_1.JPG,0,C3_P06,1920,1888,2144,2180,224,292,True
C1_P12_N2_S5_1.JPG,0,C1_P12,396,1232,564,1488,168,256,True
C2_P01_N2_S4_1.JPG,0,C2_P01,1116,1124,1232,1292,116,168,True
C2_P01_N2_S3_1.JPG,0,C2_P01,1028,968,1204,1224,176,256,True
C2_P09_N1_S7_1.JPG,0,C2_P09,2180,704,2280,852,100,148,False
C4_P07_N1_S4_2.JPG,0,C4_P07,1952,160,2136,420,184,260,True
C1_P09_N3_S3_1.JPG,0,C1_P09,1172,136,1332,376,160,240,False
C1_P03_N1_S3_2.JPG,0,C1_P03,232,1512,404,1756,172,244,False
C2_P09_N1_S7_2.JPG,0,C2_P09,1740,636,1832,796,92,160,False
C3_P07_N2_S3_1.JPG,0,C3_P07,976,1032,1288,1484,312,452,True
C3_P02_N1_S4_1.JPG,0,C3_P02,492,2116,692,2424,200,308,True
C1_P09_N1_S5_2.JPG,0,C1_P09,1368,688,1532,952,164,264,False
C3_P05_N2_S2_1.JPG,0,C3_P05,1224,1168,1488,1544,264,376,True
C1_P09_N3_S4_1.JPG,0,C1_P09,1200,76,1404,388,204,312,False
C1_P09_N1_S5_2.JPG,0,C1_P09,1068,1384,1232,1612,164,228,False
C1_P08_N2_S4_2.JPG,0,C1_P08,2248,1996,2456,2292,208,296,True
C3_P03_N2_S4_1.JPG,0,C3_P03,2308,2052,2488,2308,180,256,True
C1_P06_N2_S3_1.JPG,0,C1_P06,1992,440,2208,760,216,320,True
C2_P07_N3_S3_1.JPG,0,C2_P07,348,236,524,512,176,276,False
C2_P02_N1_S2_1.JPG,0,C2_P02,96,1112,312,1444,216,332,True
C1_P05_N3_S4_1.JPG,0,C1_P05,308,88,552,472,244,384,True
C2_P03_N4_S2_1.JPG,0,C2_P03,1692,356,1984,828,292,472,True
C4_P05_N1_S3_1.JPG,0,C4_P05,124,1428,328,1768,204,340,True
C2_P01_N3_S3_1.JPG,0,C2_P01,284,92,444,312,160,220,True
C2_P09_N1_S7_2.JPG,0,C2_P09,1348,1568,1440,1700,92,132,False
C1_P12_N1_S4_1.JPG,0,C1_P12,1424,160,1640,456,216,296,True
C1_P05_N1_S4_2.JPG,0,C1_P05,2924,1896,3140,2264,216,368,True
C3_P02_N3_S3_1.JPG,0,C3_P02,1688,1084,1944,1508,256,424,True
C1_P03_N1_S2_1.JPG,0,C1_P03,2020,396,2236,688,216,292,False
C3_P07_N1_S6_1.JPG,0,C3_P07,520,1328,696,1584,176,256,True
C2_P06_N1_S5_1.JPG,0,C2_P06,1444,1476,1568,1648,124,172,False
C2_P04_N2_S4_1.JPG,0,C2_P04,2004,192,2208,460,204,268,False
C2_P08_N2_S3_1.JPG,0,C2_P08,304,812,516,1168,212,356,False
C2_P04_N1_S5_1.JPG,0,C2_P04,1580,584,1712,780,132,196,False
C3_P07_N1_S2_1.JPG,0,C3_P07,3456,1528,3788,2008,332,480,True
C1_P02_N2_S4_1.JPG,0,C1_P02,464,1400,728,1780,264,380,True
C4_P08_N1_S2_1.JPG,0,C4_P08,2556,620,2800,1012,244,392,False
C1_P07_N2_S3_2.JPG,0,C1_P07,1756,484,1976,780,220,296,False
C4_P04_N5_S2_1.JPG,0,C4_P04,1184,712,1412,1060,228,348,True
C2_P03_N3_S3_1.JPG,0,C2_P03,1660,188,1920,576,260,388,True
C3_P01_N2_S4_1.JPG,0,C3_P01,924,1876,1112,2180,188,304,True
C2_P09_N1_S7_1.JPG,0,C2_P09,1976,1660,2056,1792,80,132,False
C4_P01_N1_S3_1.JPG,0,C4_P01,1128,256,1312,528,184,272,True
C3_P05_N2_S3_1.JPG,0,C3_P05,2060,1748,2276,2080,216,332,True
C1_P11_N1_S4_1.JPG,0,C1_P11,2048,816,2316,1164,268,348,True
C3_P05_N1_S4_1.JPG,0,C3_P05,1928,1004,2112,1292,184,288,True
C3_P07_N1_S5_1.JPG,0,C3_P07,2116,1140,2292,1412,176,272,True
C2_P09_N1_S7_2.JPG,0,C2_P09,2244,892,2336,1040,92,148,False
C3_P03_N1_S4_1.JPG,0,C3_P03,1924,2112,2144,2432,220,320,True
C1_P03_N1_S3_2.JPG,0,C1_P03,2044,900,2208,1128,164,228,False
C2_P04_N3_S2_1.JPG,0,C2_P04,1012,700,1180,960,168,260,False
C1_P04_N1_S3_2.JPG,0,C1_P04,1024,208,1248,604,224,396,True
C1_P09_N1_S5_1.JPG,0,C1_P09,1240,932,1416,1188,176,256,False
C3_P07_N3_S3_1.JPG,0,C3_P07,3188,1104,3524,1548,336,444,True
C3_P07_N2_S3_1.JPG,0,C3_P07,824,1872,1084,2228,260,356,True
C4_P01_N1_S3_1.JPG,0,C4_P01,2084,896,2272,1184,188,288,True
C3_P03_N1_S5_1.JPG,0,C3_P03,2168,1636,2320,1892,152,256,True
C1_P10_N3_S2_1.JPG,0,C1_P10,2544,488,2824,896,280,408,True
C2_P09_N1_S7_2.JPG,0,C2_P09,1348,640,1448,772,100,132,False
C1_P02_N2_S3_1.JPG,0,C1_P02,2412,1880,2732,2352,320,472,True
C2_P08_N1_S3_2.JPG,0,C2_P08,1172,1352,1368,1644,196,292,False
C2_P01_N1_S4_1.JPG,0,C2_P01,356,152,476,328,120,176,True
C2_P01_N2_S3_1.JPG,0,C2_P01,1620,376,1788,608,168,232,True
C1_P06_N1_S4_2.JPG,0,C1_P06,1344,832,1540,1112,196,280,True
C1_P11_N2_S3_1.JPG,0,C1_P11,488,1488,720,1844,232,356,True
C3_P02_N2_S2_1.JPG,0,C3_P02,1144,1148,1412,1556,268,408,True
C1_P08_N2_S4_1.JPG,0,C1_P08,2528,1924,2744,2304,216,380,True
C2_P06_N2_S4_1.JPG,0,C2_P06,624,1528,780,1776,156,248,False
C2_P05_N2_S4_1.JPG,0,C2_P05,500,1060,668,1280,168,220,True
C4_P05_N1_S3_1.JPG,0,C4_P05,2288,1440,2504,1768,216,328,True
C2_P01_N2_S3_1.JPG,0,C2_P01,880,960,1056,1216,176,256,True
C1_P05_N1_S5_1.JPG,0,C1_P05,2236,164,2416,440,180,276,True
C2_P01_N1_S5_2.JPG,0,C2_P01,280,1676,396,1828,116,152,True
C2_P01_N1_S4_1.JPG,0,C2_P01,1360,996,1480,1160,120,164,True
C2_P04_N2_S3_1.JPG,0,C2_P04,1272,1084,1444,1328,172,244,False
C1_P04_N2_S3_1.JPG,0,C1_P04,1096,356,1292,732,196,376,True
C1_P12_N1_S2_1.JPG,0,C1_P12,1548,1416,1872,1924,324,508,True
C1_P04_N1_S3_1.JPG,0,C1_P04,2124,1952,2376,2336,252,384,True
C3_P05_N2_S3_1.JPG,0,C3_P05,3032,1056,3260,1492,228,436,True
C1_P03_N1_S3_2.JPG,0,C1_P03,1260,276,1436,496,176,220,False
C3_P02_N2_S2_2.JPG,0,C3_P02,424,488,712,876,288,388,True
C2_P06_N3_S4_1.JPG,0,C2_P06,768,60,940,308,172,248,False
C1_P07_N1_S3_2.JPG,0,C1_P07,2212,1392,2416,1672,204,280,False
C2_P05_N3_S3_1.JPG,0,C2_P05,1912,116,2120,420,208,304,True
C1_P11_N2_S4_1.JPG,0,C1_P11,168,248,428,648,260,400,True
C1_P03_N1_S3_1.JPG,0,C1_P03,2840,1712,3036,2024,196,312,False
C3_P04_N2_S3_1.JPG,0,C3_P04,624,228,980,748,356,520,True
C4_P07_N1_S5_1.JPG,0,C4_P07,1356,132,1496,348,140,216,True
C3_P04_N3_S2_1.JPG,0,C3_P04,2528,600,2936,1204,408,604,True
C2_P06_N2_S4_1.JPG,0,C2_P06,1724,80,1904,324,180,244,False
C3_P06_N1_S5_1.JPG,0,C3_P06,640,2060,828,2316,188,256,True
C4_P07_N1_S4_2.JPG,0,C4_P07,1960,1156,2132,1436,172,280,True
C3_P04_N4_S2_1.JPG,0,C3_P04,1576,200,1976,948,400,748,True
C2_P03_N2_S4_1.JPG,0,C2_P03,1132,1064,1320,1332,188,268,True
C1_P11_N1_S4_1.JPG,0,C1_P11,2476,824,2716,1172,240,348,True
C1_P06_N1_S3_1.JPG,0,C1_P06,1760,1128,1976,1432,216,304,True
C1_P09_N1_S5_1.JPG,0,C1_P09,2276,928,2448,1180,172,252,False
C2_P05_N1_S4_1.JPG,0,C2_P05,1368,1136,1524,1352,156,216,True
C2_P06_N1_S5_1.JPG,0,C2_P06,1140,1128,1272,1328,132,200,False
C3_P07_N3_S2_1.JPG,0,C3_P07,268,1504,580,1940,312,436,True
C1_P06_N1_S4_1.JPG,0,C1_P06,1676,2028,1884,2336,208,308,True
C1_P07_N1_S3_3.JPG,0,C1_P07,124,1584,328,1880,204,296,False
C2_P01_N1_S4_1.JPG,0,C2_P01,748,588,868,748,120,160,True
C3_P03_N4_S2_1.JPG,0,C3_P03,3368,328,3632,764,264,436,True
C2_P02_N1_S4_1.JPG,0,C2_P02,1056,676,1216,924,160,248,True
C1_P10_N1_S5_1.JPG,0,C1_P10,976,100,1140,356,164,256,True
C2_P09_N1_S7_2.JPG,0,C2_P09,376,1328,464,1480,88,152,False
C2_P01_N1_S2_1.JPG,0,C2_P01,2328,828,2496,1052,168,224,True
C1_P08_N4_S3_1.JPG,0,C1_P08,2144,1516,2360,1868,216,352,True
C2_P04_N2_S3_1.JPG,0,C2_P04,1684,220,1860,508,176,288,False
C3_P02_N2_S4_1.JPG,0,C3_P02,1532,1496,1736,1788,204,292,True
C2_P04_N2_S4_1.JPG,0,C2_P04,332,1444,468,1664,136,220,False
C2_P02_N2_S3_1.JPG,0,C2_P02,80,1344,308,1676,228,332,True
C4_P04_N2_S2_1.JPG,0,C4_P04,2080,700,2312,1060,232,360,True
C1_P05_N3_S4_1.JPG,0,C1_P05,1004,132,1224,468,220,336,True
C3_P01_N2_S3_1.JPG,0,C3_P01,1560,1048,1820,1472,260,424,True
C2_P02_N2_S3_1.JPG,0,C2_P02,104,188,320,488,216,300,True
C2_P01_N1_S5_2.JPG,0,C2_P01,164,240,260,384,96,144,True
C2_P07_N1_S6_1.JPG,0,C2_P07,732,1448,832,1596,100,148,False
C2_P01_N2_S3_1.JPG,0,C2_P01,1948,384,2128,632,180,248,True
C3_P04_N2_S4_1.JPG,0,C3_P04,1096,68,1328,468,232,400,True
C2_P03_N3_S3_1.JPG,0,C2_P03,616,1388,868,1756,252,368,True
C1_P09_N3_S3_1.JPG,0,C1_P09,816,108,992,376,176,268,False
C2_P09_N1_S7_1.JPG,0,C2_P09,1160,1424,1264,1572,104,148,False
C2_P05_N2_S4_1.JPG,0,C2_P05,356,1036,524,1280,168,244,True
C1_P06_N1_S4_2.JPG,0,C1_P06,1548,840,1744,1120,196,280,True
C3_P06_N3_S4_1.JPG,0,C3_P06,2608,1872,2832,2260,224,388,True
C1_P04_N2_S4_1.JPG,0,C1_P04,292,2036,504,2352,212,316,True
C1_P09_N2_S4_1.JPG,0,C1_P09,1952,436,2108,712,156,276,False
C4_P07_N1_S4_1.JPG,0,C4_P07,1780,68,1964,372,184,304,True
C1_P11_N2_S4_2.JPG,0,C1_P11,2304,1252,2492,1612,188,360,True
C4_P08_N2_S3_2.JPG,0,C4_P08,2528,296,2764,612,236,316,False
C1_P04_N1_S3_1.JPG,0,C1_P04,2136,1244,2372,1604,236,360,True
C3_P04_N1_S5_1.JPG,0,C3_P04,1280,1060,1452,1312,172,252,True
C3_P01_N1_S5_2.JPG,0,C3_P01,512,1672,676,1916,164,244,True
C1_P11_N2_S3_2.JPG,0,C1_P11,2040,288,2284,652,244,364,True
C4_P08_N3_S3_1.JPG,0,C4_P08,1276,856,1508,1256,232,400,False
C2_P07_N1_S4_1.JPG,0,C2_P07,608,980,764,1232,156,252,False
C3_P02_N3_S2_1.JPG,0,C3_P02,3248,1384,3564,1844,316,460,True
C1_P04_N1_S5_2.JPG,0,C1_P04,660,832,800,1044,140,212,True
C3_P06_N1_S3_2.JPG,0,C3_P06,732,456,956,816,224,360,True
C3_P06_N2_S3_1.JPG,0,C3_P06,2348,436,2584,896,236,460,True
C3_P06_N1_S3_2.JPG,0,C3_P06,3292,360,3536,732,244,372,True
C3_P02_N3_S2_1.JPG,0,C3_P02,1296,1380,1592,1860,296,480,True
C3_P04_N1_S4_1.JPG,0,C3_P04,460,672,680,1000,220,328,True
C3_P04_N2_S4_1.JPG,0,C3_P04,404,1224,600,1524,196,300,True
C1_P12_N2_S5_1.JPG,0,C1_P12,724,1236,892,1492,168,256,True
C4_P03_N2_S3_1.JPG,0,C4_P03,2032,132,2216,396,184,264,True
C3_P01_N4_S2_1.JPG,0,C3_P01,664,1272,1016,1868,352,596,True
C3_P01_N1_S5_1.JPG,0,C3_P01,564,820,744,1076,180,256,True
C2_P04_N1_S4_1.JPG,0,C2_P04,352,628,504,864,152,236,False
C3_P03_N2_S2_1.JPG,0,C3_P03,3816,632,4076,1028,260,396,True
C3_P01_N1_S5_2.JPG,0,C3_P01,220,2040,384,2300,164,260,True
C1_P02_N2_S4_1.JPG,0,C1_P02,696,1396,960,1776,264,380,True
C1_P07_N2_S3_1.JPG,0,C1_P07,92,1068,296,1364,204,296,False
C2_P04_N2_S3_1.JPG,0,C2_P04,1360,224,1548,488,188,264,False
C4_P03_N2_S4_1.JPG,0,C4_P03,2284,68,2460,340,176,272,True
C2_P01_N1_S4_1.JPG,0,C2_P01,516,592,636,752,120,160,True
C2_P05_N1_S5_1.JPG,0,C2_P05,116,1244,244,1420,128,176,True
C3_P05_N1_S5_1.JPG,0,C3_P05,2428,1652,2580,1896,152,244,True
C4_P08_N3_S3_2.JPG,0,C4_P08,2140,984,2372,1360,232,376,False
C2_P05_N1_S4_1.JPG,0,C2_P05,1648,1136,1804,1352,156,216,True
C1_P07_N1_S3_1.JPG,0,C1_P07,2364,1632,2568,1964,204,332,False
C1_P11_N2_S3_1.JPG,0,C1_P11,2796,268,3020,620,224,352,True
C2_P02_N1_S5_1.JPG,0,C2_P02,400,1776,508,1920,108,144,True
C3_P03_N4_S2_1.JPG,0,C3_P03,3972,228,4268,752,296,524,True
C2_P07_N2_S4_1.JPG,0,C2_P07,1200,944,1356,1168,156,224,False
C3_P05_N4_S2_1.JPG,0,C3_P05,3064,428,3340,868,276,440,True
C1_P05_N1_S3_1.JPG,0,C1_P05,164,700,392,1020,228,320,True
C1_P09_N2_S6_1.JPG,0,C1_P09,1664,1524,1832,1784,168,260,False
C2_P08_N1_S4_1.JPG,0,C2_P08,976,144,1128,384,152,240,False
C1_P04_N1_S5_2.JPG,0,C1_P04,1452,384,1592,596,140,212,True
C1_P04_N1_S3_1.JPG,0,C1_P04,1204,1960,1436,2344,232,384,True
C3_P05_N1_S3_1.JPG,0,C3_P05,964,432,1208,732,244,300,True
C1_P01_N1_S2_2.JPG,0,C1_P01,1392,256,1892,1004,500,748,True
C4_P03_N1_S4_1.JPG,0,C4_P03,1392,1684,1560,1968,168,284,True
C3_P07_N2_S3_1.JPG,0,C3_P07,2720,1096,3012,1504,292,408,True
C3_P06_N2_S3_2.JPG,0,C3_P06,3144,264,3372,744,228,480,True
C4_P08_N2_S3_1.JPG,0,C4_P08,2616,40,2804,400,188,360,False
C2_P07_N1_S6_2.JPG,0,C2_P07,504,848,608,1000,104,152,False
C1_P03_N3_S2_1.JPG,0,C1_P03,720,508,944,788,224,280,False
C2_P02_N2_S3_1.JPG,0,C2_P02,2288,788,2476,1076,188,288,True
C4_P02_N1_S3_2.JPG,0,C4_P02,2296,256,2468,480,172,224,True
C1_P09_N2_S6_1.JPG,0,C1_P09,1824,1516,1992,1776,168,260,False
C4_P05_N1_S3_1.JPG,0,C4_P05,1724,920,1940,1232,216,312,True
C1_P07_N2_S3_1.JPG,0,C1_P07,2660,1680,2864,2016,204,336,False
C1_P03_N2_S3_1.JPG,0,C1_P03,912,1164,1108,1420,196,256,False
C3_P03_N2_S4_1.JPG,0,C3_P03,2304,1476,2472,1728,168,252,True
C4_P02_N3_S2_1.JPG,0,C4_P02,1392,1040,1572,1304,180,264,True
C1_P08_N1_S4_1.JPG,0,C1_P08,2180,832,2392,1144,212,312,True
C3_P03_N1_S5_1.JPG,0,C3_P03,1372,2136,1524,2412,152,276,True
C2_P06_N1_S3_1.JPG,0,C2_P06,2092,1180,2268,1460,176,280,False
C3_P05_N2_S4_1.JPG,0,C3_P05,2496,156,2700,480,204,324,True
C1_P10_N1_S4_1.JPG,0,C1_P10,1028,716,1188,976,160,260,True
C2_P07_N2_S3_1.JPG,0,C2_P07,372,680,564,960,192,280,False
C4_P08_N2_S4_1.JPG,0,C4_P08,1504,1156,1720,1504,216,348,False
C3_P05_N2_S3_1.JPG,0,C3_P05,3004,1760,3220,2092,216,332,True
C2_P09_N1_S7_1.JPG,0,C2_P09,204,1660,300,1788,96,128,False
C1_P10_N2_S3_1.JPG,0,C1_P10,2352,996,2612,1340,260,344,True
C4_P01_N3_S3_1.JPG,0,C4_P01,1080,1640,1272,1912,192,272,True
C1_P04_N3_S3_1.JPG,0,C1_P04,2308,1820,2520,2172,212,352,True
C4_P01_N3_S3_1.JPG,0,C4_P01,256,1604,448,1880,192,276,True
C1_P08_N3_S4_1.JPG,0,C1_P08,2660,1956,2896,2328,236,372,True
C1_P04_N1_S5_1.JPG,0,C1_P04,1008,1144,1172,1392,164,248,True
C4_P04_N1_S5_1.JPG,0,C4_P04,1120,1304,1292,1600,172,296,True
C1_P11_N2_S4_2.JPG,0,C1_P11,1428,1840,1636,2208,208,368,True
C4_P08_N2_S3_2.JPG,0,C4_P08,1444,1428,1664,1796,220,368,False
C4_P07_N1_S4_2.JPG,0,C4_P07,2120,660,2284,924,164,264,True
C1_P10_N1_S4_1.JPG,0,C1_P10,1720,1848,1892,2108,172,260,True
C1_P05_N2_S4_1.JPG,0,C1_P05,604,1272,824,1620,220,348,True
C4_P07_N3_S3_1.JPG,0,C4_P07,1996,288,2200,576,204,288,True
C3_P06_N1_S3_1.JPG,0,C3_P06,2704,1780,2928,2188,224,408,True
C3_P05_N3_S2_1.JPG,0,C3_P05,3752,368,4000,860,248,492,True
C2_P05_N3_S3_1.JPG,0,C2_P05,1956,1232,2160,1536,204,304,True
C1_P06_N2_S3_2.JPG,0,C1_P06,172,1524,420,1852,248,328,True
C2_P01_N1_S5_2.JPG,0,C2_P01,760,972,860,1128,100,156,True
C2_P07_N1_S6_2.JPG,0,C2_P07,604,1088,708,1236,104,148,False
C2_P01_N1_S5_1.JPG,0,C2_P01,36,944,148,1100,112,156,True
C1_P11_N1_S5_1.JPG,0,C1_P11,596,1620,764,1888,168,268,True
C4_P02_N2_S3_1.JPG,0,C4_P02,2012,964,2180,1228,168,264,True
C1_P04_N2_S3_1.JPG,0,C1_P04,2824,396,3036,752,212,356,True
C1_P02_N2_S4_1.JPG,0,C1_P02,728,84,968,468,240,384,True
C2_P06_N1_S4_1.JPG,0,C2_P06,1928,912,2092,1148,164,236,False
C3_P06_N1_S3_1.JPG,0,C3_P06,1692,556,1904,884,212,328,True
C4_P05_N1_S4_1.JPG,0,C4_P05,1536,672,1728,968,192,296,True
C4_P05_N1_S5_1.JPG,0,C4_P05,1808,1380,1968,1636,160,256,True
C2_P04_N1_S5_1.JPG,0,C2_P04,164,928,300,1124,136,196,False
C4_P03_N1_S4_1.JPG,0,C4_P03,2396,1672,2564,1960,168,288,True
C4_P06_N2_S3_1.JPG,0,C4_P06,2320,1344,2516,1664,196,320,True
C1_P05_N2_S4_2.JPG,0,C1_P05,2424,1428,2640,1776,216,348,True
C1_P05_N1_S5_1.JPG,0,C1_P05,1892,652,2076,912,184,260,True
C4_P05_N1_S5_1.JPG,0,C4_P05,2204,20,2372,248,168,228,True
C2_P08_N1_S4_1.JPG,0,C2_P08,948,940,1104,1176,156,236,False
C1_P05_N1_S3_2.JPG,0,C1_P05,552,396,764,724,212,328,True
C1_P05_N2_S3_1.JPG,0,C1_P05,552,1560,784,1920,232,360,True
C2_P07_N1_S6_1.JPG,0,C2_P07,132,684,240,824,108,140,False
C1_P12_N2_S2_1.JPG,0,C1_P12,1620,1404,1964,1920,344,516,True
C4_P05_N1_S3_1.JPG,0,C4_P05,1328,884,1544,1236,216,352,True
C2_P04_N1_S4_1.JPG,0,C2_P04,512,632,664,868,152,236,False
C2_P01_N1_S5_1.JPG,0,C2_P01,820,260,932,408,112,148,True
C2_P01_N1_S2_1.JPG,0,C2_P01,292,792,460,1016,168,224,True
C1_P05_N1_S5_1.JPG,0,C1_P05,2584,1148,2768,1428,184,280,True
C2_P01_N2_S3_1.JPG,0,C2_P01,256,372,424,604,168,232,True
C3_P03_N1_S5_1.JPG,0,C3_P03,2008,1120,2160,1396,152,276,True
C1_P10_N3_S2_1.JPG,0,C1_P10,120,496,392,904,272,408,True
C1_P12_N4_S2_1.JPG,0,C1_P12,144,1316,468,1844,324,528,True
C4_P07_N1_S3_1.JPG,0,C4_P07,672,1532,864,1832,192,300,True
C3_P02_N2_S2_1.JPG,0,C3_P02,3120,1180,3360,1536,240,356,True
C2_P01_N1_S3_1.JPG,0,C2_P01,556,1228,708,1412,152,184,True
C3_P07_N2_S4_1.JPG,0,C3_P07,2756,776,3032,1156,276,380,True
C1_P08_N2_S4_2.JPG,0,C1_P08,2812,932,3016,1288,204,356,True
C2_P02_N2_S2_1.JPG,0,C2_P02,2204,264,2432,656,228,392,True
C3_P07_N1_S5_1.JPG,0,C3_P07,640,76,844,348,204,272,True
C3_P01_N4_S2_1.JPG,0,C3_P01,2864,348,3272,1020,408,672,True
C2_P02_N1_S4_1.JPG,0,C2_P02,1476,308,1644,544,168,236,True
C2_P07_N1_S4_1.JPG,0,C2_P07,448,1392,604,1644,156,252,False
C2_P01_N2_S2_1.JPG,0,C2_P01,116,984,288,1228,172,244,True
C1_P11_N1_S5_1.JPG,0,C1_P11,1608,796,1776,1032,168,236,True
C2_P04_N3_S3_1.JPG,0,C2_P04,1736,1192,1900,1448,164,256,False
C2_P09_N1_S7_1.JPG,0,C2_P09,1764,140,1864,312,100,172,False
C2_P05_N3_S3_2.JPG,0,C2_P05,48,140,232,384,184,244,True
C3_P06_N1_S5_1.JPG,0,C3_P06,1192,1544,1336,1852,144,308,True
C3_P02_N1_S5_1.JPG,0,C3_P02,1248,1616,1408,1856,160,240,True
C4_P05_N1_S5_1.JPG,0,C4_P05,712,528,872,788,160,260,True
C3_P06_N3_S4_2.JPG,0,C3_P06,1564,1968,1780,2280,216,312,True
C3_P03_N2_S3_1.JPG,0,C3_P03,208,1164,460,1540,252,376,True
C2_P03_N1_S3_1.JPG,0,C2_P03,560,184,804,584,244,400,True
C2_P09_N1_S7_1.JPG,0,C2_P09,2312,448,2408,584,96,136,False
C3_P03_N1_S3_1.JPG,0,C3_P03,3120,1112,3400,1488,280,376,True
C3_P01_N2_S2_1.JPG,0,C3_P01,2784,1532,3136,2116,352,584,True
C2_P02_N1_S4_1.JPG,0,C2_P02,240,1100,416,1352,176,252,True
C3_P01_N2_S4_1.JPG,0,C3_P01,1424,196,1616,564,192,368,True
C1_P11_N1_S4_1.JPG,0,C1_P11,1680,2052,1912,2432,232,380,True
C2_P07_N2_S4_1.JPG,0,C2_P07,4,940,160,1164,156,224,False
C3_P01_N1_S2_1.JPG,0,C3_P01,1968,488,2348,1068,380,580,True
C2_P01_N2_S3_2.JPG,0,C2_P01,600,776,756,980,156,204,True
C1_P11_N2_S4_1.JPG,0,C1_P11,1352,2060,1596,2416,244,356,True
C2_P05_N1_S5_1.JPG,0,C2_P05,572,1256,700,1432,128,176,True
C1_P05_N1_S4_3.JPG,0,C1_P05,2080,260,2288,608,208,348,True
C2_P09_N1_S7_1.JPG,0,C2_P09,632,928,732,1084,100,156,False
C3_P06_N2_S3_2.JPG,0,C3_P06,248,1056,508,1468,260,412,True
C1_P06_N2_S3_2.JPG,0,C1_P06,2964,1432,3212,1816,248,384,True
C1_P03_N2_S3_1.JPG,0,C1_P03,332,1148,528,1416,196,268,False
C2_P01_N2_S2_1.JPG,0,C2_P01,2004,984,2176,1228,172,244,True
C3_P04_N1_S5_1.JPG,0,C3_P04,352,1484,524,1732,172,248,True
C1_P09_N4_S4_1.JPG,0,C1_P09,2140,132,2336,408,196,276,False
C4_P02_N1_S3_1.JPG,0,C4_P02,876,864,1040,1096,164,232,True
C3_P04_N1_S2_1.JPG,0,C3_P04,2028,1396,2408,2060,380,664,True
C2_P08_N1_S4_1.JPG,0,C2_P08,68,920,224,1156,156,236,False
C2_P05_N1_S2_1.JPG,0,C2_P05,72,848,284,1136,212,288,True
C2_P01_N4_S2_1.JPG,0,C2_P01,524,868,700,1116,176,248,True
C1_P08_N4_S3_1.JPG,0,C1_P08,2956,1508,3160,1840,204,332,True
C2_P04_N3_S4_1.JPG,0,C2_P04,316,1432,472,1640,156,208,False
C4_P08_N1_S5_2.JPG,0,C4_P08,920,1392,1056,1628,136,236,False
C1_P06_N3_S3_1.JPG,0,C1_P06,924,812,1144,1120,220,308,True
C3_P07_N3_S3_1.JPG,0,C3_P07,1748,1964,2008,2296,260,332,True
C1_P01_N1_S3_1.JPG,0,C1_P01,1268,292,1544,740,276,448,True
C2_P09_N1_S7_1.JPG,0,C2_P09,1460,1668,1560,1800,100,132,False
C3_P06_N3_S4_2.JPG,0,C3_P06,2720,224,2924,660,204,436,True
C2_P06_N1_S4_1.JPG,0,C2_P06,1528,1372,1668,1588,140,216,False
C1_P04_N1_S5_1.JPG,0,C1_P04,1324,84,1484,364,160,280,True
C3_P06_N2_S3_2.JPG,0,C3_P06,3668,1668,3904,2128,236,460,True
C4_P03_N2_S4_1.JPG,0,C4_P03,1232,1744,1400,2036,168,292,True
C4_P04_N3_S3_1.JPG,0,C4_P04,532,1096,768,1432,236,336,True
C2_P08_N3_S3_1.JPG,0,C2_P08,1652,872,1860,1196,208,324,False
C1_P05_N1_S4_2.JPG,0,C1_P05,2496,692,2728,1044,232,352,True
C3_P06_N3_S4_2.JPG,0,C3_P06,2768,852,2944,1240,176,388,True
C3_P06_N4_S3_1.JPG,0,C3_P06,1268,1236,1536,1636,268,400,True
C1_P10_N1_S4_1.JPG,0,C1_P10,200,1808,364,2056,164,248,True
C2_P04_N3_S4_1.JPG,0,C2_P04,2164,1500,2336,1728,172,228,False
C1_P08_N3_S4_1.JPG,0,C1_P08,1868,1976,2104,2348,236,372,True
C2_P08_N2_S4_1.JPG,0,C2_P08,824,520,976,760,152,240,False
C2_P06_N1_S5_1.JPG,0,C2_P06,1468,96,1596,260,128,164,False
C2_P07_N2_S4_1.JPG,0,C2_P07,616,1320,768,1564,152,244,False
C2_P09_N1_S7_2.JPG,0,C2_P09,1168,612,1260,776,92,164,False
C3_P03_N4_S2_1.JPG,0,C3_P03,2736,252,3016,788,280,536,True
C2_P08_N3_S3_2.JPG,0,C2_P08,1356,172,1536,468,180,296,False
C2_P09_N1_S7_1.JPG,0,C2_P09,1272,1420,1376,1568,104,148,False
C2_P01_N1_S3_1.JPG,0,C2_P01,888,760,1024,932,136,172,True
C1_P03_N1_S3_2.JPG,0,C1_P03,736,1532,912,1756,176,224,False
C2_P03_N1_S3_1.JPG,0,C2_P03,276,1472,548,1896,272,424,True
C4_P02_N1_S3_2.JPG,0,C4_P02,708,232,880,456,172,224,True
C2_P03_N1_S3_1.JPG,0,C2_P03,788,784,1072,1228,284,444,True
C4_P02_N2_S4_1.JPG,0,C4_P02,1708,1764,1852,1976,144,212,True
C1_P02_N2_S4_1.JPG,0,C1_P02,916,1396,1180,1776,264,380,True
C1_P02_N1_S3_1.JPG,0,C1_P02,1040,148,1324,624,284,476,True
C2_P04_N1_S4_1.JPG,0,C2_P04,1764,672,1928,912,164,240,False
C3_P05_N3_S2_1.JPG,0,C3_P05,2884,1208,3156,1600,272,392,True
C1_P08_N2_S4_2.JPG,0,C1_P08,2120,428,2300,736,180,308,True
C1_P06_N3_S3_1.JPG,0,C1_P06,2096,800,2292,1120,196,320,True
C3_P03_N1_S5_1.JPG,0,C3_P03,508,1668,660,1900,152,232,True
C2_P02_N3_S3_1.JPG,0,C2_P02,2324,220,2524,512,200,292,True
C2_P09_N1_S7_1.JPG,0,C2_P09,296,1648,392,1792,96,144,False
C1_P04_N1_S5_1.JPG,0,C1_P04,1988,2132,2160,2412,172,280,True
C4_P02_N1_S3_2.JPG,0,C4_P02,1312,876,1500,1120,188,244,True
C2_P03_N2_S4_1.JPG,0,C2_P03,476,1492,644,1780,168,288,True
C1_P04_N1_S3_2.JPG,0,C1_P04,1688,1664,1916,2000,228,336,True
C3_P02_N1_S5_1.JPG,0,C3_P02,1396,2064,1544,2280,148,216,True
C2_P08_N3_S3_2.JPG,0,C2_P08,184,196,364,492,180,296,False
C1_P08_N3_S4_2.JPG,0,C1_P08,2428,1436,2616,1772,188,336,True
C4_P01_N3_S3_1.JPG,0,C4_P01,1280,1596,1472,1920,192,324,True
C1_P05_N1_S4_2.JPG,0,C1_P05,808,692,1040,1044,232,352,True
C2_P06_N1_S5_1.JPG,0,C2_P06,1560,784,1688,968,128,184,False
C4_P05_N5_S2_1.JPG,0,C4_P05,496,240,692,604,196,364,True
C4_P07_N2_S4_1.JPG,0,C4_P07,976,724,1136,1000,160,276,True
C2_P02_N2_S3_1.JPG,0,C2_P02,964,152,1180,516,216,364,True
C1_P03_N1_S2_1.JPG,0,C1_P03,2912,360,3076,688,164,328,False
C4_P07_N2_S3_1.JPG,0,C4_P07,2004,804,2196,1100,192,296,True
C1_P04_N2_S3_1.JPG,0,C1_P04,2372,1764,2588,2096,216,332,True
C1_P04_N1_S3_1.JPG,0,C1_P04,164,492,324,856,160,364,True
C4_P04_N3_S3_1.JPG,0,C4_P04,1904,92,2132,456,228,364,True
C1_P12_N1_S3_1.JPG,0,C1_P12,700,1024,976,1440,276,416,True
C4_P05_N1_S4_1.JPG,0,C4_P05,1664,1644,1840,1988,176,344,True
C2_P06_N1_S5_1.JPG,0,C2_P06,1680,784,1808,968,128,184,False
C2_P09_N1_S7_1.JPG,0,C2_P09,748,1172,848,1328,100,156,False
C4_P01_N1_S2_1.JPG,0,C4_P01,2488,1116,2688,1416,200,300,True
C4_P02_N4_S2_1.JPG,0,C4_P02,32,344,244,668,212,324,True
C2_P04_N3_S4_1.JPG,0,C2_P04,2292,1084,2472,1360,180,276,False
C4_P01_N2_S4_1.JPG,0,C4_P01,1096,1776,1268,2020,172,244,True
C3_P06_N1_S4_1.JPG,0,C3_P06,1632,216,1832,540,200,324,True
C2_P01_N2_S3_1.JPG,0,C2_P01,616,1536,796,1760,180,224,True
C1_P05_N1_S5_1.JPG,0,C1_P05,1356,1636,1544,1916,188,280,True
C1_P01_N1_S5_1.JPG,0,C1_P01,1272,52,1448,348,176,296,True
C1_P02_N2_S4_1.JPG,0,C1_P02,232,736,456,1112,224,376,True
C1_P03_N1_S3_1.JPG,0,C1_P03,1896,296,2084,560,188,264,False
C1_P06_N2_S3_2.JPG,0,C1_P06,2624,96,2852,408,228,312,True
C3_P01_N3_S2_1.JPG,0,C3_P01,2512,496,2856,1036,344,540,True
C1_P12_N4_S3_1.JPG,0,C1_P12,624,1836,876,2196,252,360,True
C4_P08_N2_S3_1.JPG,0,C4_P08,980,692,1212,1052,232,360,False
C4_P08_N3_S3_2.JPG,0,C4_P08,608,976,836,1352,228,376,False
C3_P06_N2_S3_2.JPG,0,C3_P06,3660,976,3912,1456,252,480,True
C1_P11_N2_S3_2.JPG,0,C1_P11,2472,884,2668,1204,196,320,True
C2_P09_N1_S7_1.JPG,0,C2_P09,2060,956,2164,1112,104,156,False
C2_P04_N3_S4_1.JPG,0,C2_P04,1264,12,1464,372,200,360,False
C4_P06_N4_S3_1.JPG,0,C4_P06,1640,1248,1828,1592,188,344,True
C1_P12_N1_S4_1.JPG,0,C1_P12,728,1972,944,2320,216,348,True
C3_P06_N3_S4_2.JPG,0,C3_P06,2492,1432,2688,1780,196,348,True
C2_P02_N1_S5_1.JPG,0,C2_P02,932,300,1048,468,116,168,True
C2_P09_N1_S7_2.JPG,0,C2_P09,1272,1552,1364,1684,92,132,False
C1_P09_N1_S5_1.JPG,0,C1_P09,1232,492,1408,788,176,296,False
C1_P03_N2_S3_1.JPG,0,C1_P03,2664,1248,2872,1512,208,264,False
C1_P05_N1_S3_2.JPG,0,C1_P05,1012,996,1256,1324,244,328,True
C3_P07_N3_S3_1.JPG,0,C3_P07,2820,1916,3100,2312,280,396,True
C2_P05_N3_S3_1.JPG,0,C2_P05,2212,732,2408,1016,196,284,True
C2_P03_N2_S3_1.JPG,0,C2_P03,904,788,1136,1180,232,392,True
C2_P05_N2_S2_1.JPG,0,C2_P05,112,676,332,964,220,288,True
C4_P05_N3_S3_1.JPG,0,C4_P05,1096,784,1304,1100,208,316,True
C4_P03_N3_S3_1.JPG,0,C4_P03,1376,836,1588,1204,212,368,True
C3_P01_N2_S2_1.JPG,0,C3_P01,688,1520,1068,2104,380,584,True
C1_P06_N3_S3_1.JPG,0,C1_P06,2192,104,2412,412,220,308,True
C2_P08_N1_S6_2.JPG,0,C2_P08,692,440,800,604,108,164,False
C4_P05_N2_S4_1.JPG,0,C4_P05,956,684,1132,984,176,300,True
C1_P06_N3_S3_2.JPG,0,C1_P06,668,1872,900,2244,232,372,True
C1_P08_N4_S4_1.JPG,0,C1_P08,604,1580,836,1932,232,352,True
C4_P05_N1_S3_1.JPG,0,C4_P05,328,1424,532,1764,204,340,True
C2_P07_N2_S4_1.JPG,0,C2_P07,44,1284,180,1536,136,252,False
C4_P02_N1_S3_1.JPG,0,C4_P02,2028,232,2204,460,176,228,True
C3_P04_N1_S3_1.JPG,0,C3_P04,1436,1076,1748,1596,312,520,True
C2_P04_N1_S2_1.JPG,0,C2_P04,1284,860,1460,1136,176,276,False
C3_P02_N1_S5_1.JPG,0,C3_P02,1728,136,1892,368,164,232,True
C2_P06_N2_S4_2.JPG,0,C2_P06,1776,520,1916,744,140,224,False
C1_P06_N1_S5_1.JPG,0,C1_P06,1676,676,1832,892,156,216,True
C3_P01_N2_S3_1.JPG,0,C3_P01,988,1836,1248,2192,260,356,True
C4_P04_N1_S4_1.JPG,0,C4_P04,1236,1192,1436,1488,200,296,True
C4_P02_N2_S4_1.JPG,0,C4_P02,1440,608,1604,848,164,240,True
C4_P05_N2_S4_1.JPG,0,C4_P05,1304,1196,1500,1496,196,300,True
C3_P05_N4_S2_1.JPG,0,C3_P05,3620,356,3944,860,324,504,True
C3_P02_N1_S5_1.JPG,0,C3_P02,612,628,776,860,164,232,True
C4_P08_N2_S4_1.JPG,0,C4_P08,2340,8,2560,320,220,312,False
C2_P02_N1_S5_1.JPG,0,C2_P02,504,1780,612,1924,108,144,True
C4_P02_N2_S3_1.JPG,0,C4_P02,1016,308,1200,548,184,240,True
C4_P07_N3_S3_1.JPG,0,C4_P07,508,864,692,1148,184,284,True
C4_P02_N2_S4_1.JPG,0,C4_P02,2004,40,2164,264,160,224,True
C1_P04_N2_S4_1.JPG,0,C1_P04,2852,180,3052,516,200,336,True
C1_P09_N2_S4_1.JPG,0,C1_P09,1784,60,1936,336,152,276,False
C2_P02_N3_S3_1.JPG,0,C2_P02,2264,732,2472,1040,208,308,True
C3_P06_N3_S4_2.JPG,0,C3_P06,3244,196,3476,640,232,444,True
C2_P04_N1_S5_1.JPG,0,C2_P04,152,584,272,772,120,188,False
C3_P04_N2_S3_1.JPG,0,C3_P04,1708,156,2048,748,340,592,True
C1_P03_N1_S4_2.JPG,0,C1_P03,280,1136,420,1324,140,188,False
C1_P05_N1_S4_1.JPG,0,C1_P05,1060,1428,1276,1784,216,356,True
C3_P06_N2_S3_1.JPG,0,C3_P06,1344,480,1580,888,236,408,True
C1_P12_N3_S3_1.JPG,0,C1_P12,80,280,328,708,248,428,True
C3_P04_N2_S3_1.JPG,0,C3_P04,2760,288,3084,776,324,488,True
C2_P02_N1_S5_1.JPG,0,C2_P02,176,916,280,1084,104,168,True
C4_P02_N4_S3_1.JPG,0,C4_P02,1600,320,1776,584,176,264,True
C2_P04_N1_S5_1.JPG,0,C2_P04,1564,1548,1700,1748,136,200,False
C1_P09_N2_S6_1.JPG,0,C1_P09,1164,820,1340,1112,176,292,False
C1_P01_N2_S4_1.JPG,0,C1_P01,664,744,924,1184,260,440,True
C1_P04_N2_S4_1.JPG,0,C1_P04,1068,2024,1284,2376,216,352,True
C4_P06_N1_S3_1.JPG,0,C4_P06,2096,1492,2280,1852,184,360,True
C2_P02_N2_S4_1.JPG,0,C2_P02,116,1132,280,1384,164,252,True
C4_P05_N1_S5_1.JPG,0,C4_P05,596,60,736,288,140,228,True
C1_P04_N4_S2_1.JPG,0,C1_P04,1140,228,1392,696,252,468,True
C1_P08_N4_S4_1.JPG,0,C1_P08,1052,964,1268,1324,216,360,True
C4_P08_N2_S4_1.JPG,0,C4_P08,2264,1744,2472,2032,208,288,False
C3_P07_N3_S3_1.JPG,0,C3_P07,2024,1956,2284,2288,260,332,True
C2_P05_N3_S3_1.JPG,0,C2_P05,904,1208,1108,1512,204,304,True
C1_P11_N1_S4_2.JPG,0,C1_P11,2012,912,2232,1196,220,284,True
C2_P07_N1_S6_1.JPG,0,C2_P07,160,1192,260,1340,100,148,False
C3_P05_N2_S4_1.JPG,0,C3_P05,1360,752,1584,1080,224,328,True
C1_P11_N2_S3_2.JPG,0,C1_P11,2840,324,3072,644,232,320,True
C3_P03_N1_S4_1.JPG,0,C3_P03,2128,288,2324,536,196,248,True
C4_P08_N2_S3_2.JPG,0,C4_P08,2300,900,2512,1208,212,308,False
C4_P05_N5_S2_1.JPG,0,C4_P05,96,276,308,596,212,320,True
C2_P09_N1_S7_1.JPG,0,C2_P09,456,1404,560,1572,104,168,False
C4_P07_N2_S4_1.JPG,0,C4_P07,2304,1188,2476,1472,172,284,True
C1_P08_N2_S4_2.JPG,0,C1_P08,956,2024,1156,2368,200,344,True
C2_P01_N1_S3_1.JPG,0,C2_P01,44,256,180,428,136,172,True
C2_P04_N2_S4_1.JPG,0,C2_P04,756,1480,928,1712,172,232,False
C2_P04_N3_S2_1.JPG,0,C2_P04,1172,704,1340,964,168,260,False
C3_P06_N4_S3_1.JPG,0,C3_P06,2232,432,2476,912,244,480,True
C1_P02_N3_S3_1.JPG,0,C1_P02,328,1920,664,2416,336,496,True
C1_P03_N1_S4_1.JPG,0,C1_P03,1136,1472,1304,1708,168,236,False
C2_P05_N1_S5_1.JPG,0,C2_P05,288,128,420,324,132,196,True
C2_P07_N2_S4_1.JPG,0,C2_P07,764,508,912,752,148,244,False
C2_P08_N1_S4_1.JPG,0,C2_P08,220,1336,380,1572,160,236,False
C1_P06_N3_S3_2.JPG,0,C1_P06,192,1216,424,1548,232,332,True
C2_P09_N1_S7_2.JPG,0,C2_P09,1416,1100,1512,1236,96,136,False
C1_P10_N1_S4_1.JPG,0,C1_P10,1024,140,1184,448,160,308,True
C1_P10_N2_S4_1.JPG,0,C1_P10,312,1428,500,1684,188,256,True
C3_P01_N4_S3_1.JPG,0,C3_P01,1520,344,1808,768,288,424,True
C4_P03_N2_S3_2.JPG,0,C4_P03,148,1488,340,1752,192,264,True
C3_P06_N2_S3_1.JPG,0,C3_P06,1164,1708,1380,2076,216,368,True
C1_P04_N3_S3_1.JPG,0,C1_P04,852,496,1060,816,208,320,True
C4_P08_N1_S4_1.JPG,0,C4_P08,1820,1712,2012,2008,192,296,False
C3_P05_N1_S3_1.JPG,0,C3_P05,1604,424,1812,704,208,280,True
C4_P06_N1_S4_1.JPG,0,C4_P06,1292,716,1488,1068,196,352,True
C2_P01_N3_S3_1.JPG,0,C2_P01,1432,100,1592,320,160,220,True
C3_P07_N2_S4_1.JPG,0,C3_P07,2484,1980,2664,2256,180,276,True
C4_P08_N2_S3_2.JPG,0,C4_P08,832,1464,1044,1784,212,320,False
C3_P06_N1_S5_1.JPG,0,C3_P06,1540,576,1688,904,148,328,True
C4_P01_N3_S3_1.JPG,0,C4_P01,2048,388,2244,684,196,296,True
C3_P06_N1_S5_1.JPG,0,C3_P06,1156,1104,1332,1396,176,292,True
C1_P11_N2_S4_1.JPG,0,C1_P11,864,1472,1080,1844,216,372,True
C3_P05_N1_S3_1.JPG,0,C3_P05,2536,1112,2736,1420,200,308,True
C4_P02_N2_S4_1.JPG,0,C4_P02,432,1168,584,1388,152,220,True
C3_P01_N2_S2_2.JPG,0,C3_P01,2932,568,3260,1212,328,644,True
C4_P02_N2_S4_1.JPG,0,C4_P02,1484,1196,1636,1428,152,232,True
C2_P09_N1_S7_1.JPG,0,C2_P09,856,1180,936,1320,80,140,False
C3_P01_N2_S2_2.JPG,0,C3_P01,2516,1708,2856,2256,340,548,True
C2_P09_N1_S7_2.JPG,0,C2_P09,184,1080,272,1244,88,164,False
C2_P01_N2_S2_1.JPG,0,C2_P01,1748,364,1928,600,180,236,True
C3_P02_N1_S5_1.JPG,0,C3_P02,288,620,452,852,164,232,True
C2_P07_N3_S3_1.JPG,0,C2_P07,1068,748,1244,1024,176,276,False
C1_P03_N3_S2_1.JPG,0,C1_P03,96,1128,288,1432,192,304,False
C3_P06_N2_S3_2.JPG,0,C3_P06,2832,292,3080,756,248,464,True
C4_P08_N2_S3_2.JPG,0,C4_P08,628,1408,840,1764,212,356,False
C3_P03_N2_S4_1.JPG,0,C3_P03,2520,828,2696,1136,176,308,True
C3_P06_N1_S3_1.JPG,0,C3_P06,1256,1780,1472,2156,216,376,True
C1_P08_N4_S4_1.JPG,0,C1_P08,840,1556,1068,1884,228,328,True
C3_P03_N2_S3_1.JPG,0,C3_P03,176,1940,428,2368,252,428,True
C1_P05_N1_S4_3.JPG,0,C1_P05,780,296,1012,612,232,316,True
C2_P08_N1_S4_1.JPG,0,C2_P08,820,140,996,380,176,240,False
C1_P09_N2_S4_1.JPG,0,C1_P09,1932,1240,2128,1492,196,252,False
C3_P02_N1_S2_2.JPG,0,C3_P02,3052,1280,3320,1648,268,368,True
C1_P04_N2_S3_1.JPG,0,C1_P04,1304,1080,1508,1420,204,340,True
C1_P12_N2_S4_1.JPG,0,C1_P12,968,1488,1188,1820,220,332,True
C1_P06_N1_S5_1.JPG,0,C1_P06,1480,2100,1624,2340,144,240,True
C1_P09_N1_S5_1.JPG,0,C1_P09,1060,492,1236,788,176,296,False
C4_P07_N1_S4_1.JPG,0,C4_P07,1232,1712,1436,2004,204,292,True
C3_P03_N3_S3_1.JPG,0,C3_P03,2004,1036,2248,1392,244,356,True
C1_P03_N2_S3_1.JPG,0,C1_P03,2616,448,2840,776,224,328,False
C1_P05_N3_S4_1.JPG,0,C1_P05,768,756,988,1096,220,340,True
C2_P06_N3_S3_1.JPG,0,C2_P06,436,1036,600,1284,164,248,False
C1_P06_N1_S4_2.JPG,0,C1_P06,860,2072,1092,2388,232,316,True
C3_P04_N1_S4_1.JPG,0,C3_P04,1444,1272,1640,1552,196,280,True
C2_P02_N1_S5_1.JPG,0,C2_P02,76,912,180,1080,104,168,True
C3_P07_N2_S2_1.JPG,0,C3_P07,3896,1376,4319,1948,423,572,True
C3_P02_N1_S2_1.JPG,0,C3_P02,160,440,416,816,256,376,True
C3_P06_N3_S4_1.JPG,0,C3_P06,1252,1332,1476,1648,224,316,True
C4_P03_N3_S3_1.JPG,0,C4_P03,2584,1532,2748,1820,164,288,True
C2_P04_N3_S2_1.JPG,0,C2_P04,1500,716,1668,976,168,260,False
C3_P03_N1_S5_1.JPG,0,C3_P03,328,1676,480,1908,152,232,True
C2_P08_N1_S6_1.JPG,0,C2_P08,356,1216,468,1368,112,152,False
C2_P07_N1_S6_1.JPG,0,C2_P07,440,956,540,1104,100,148,False
C1_P11_N2_S3_2.JPG,0,C1_P11,1080,1480,1296,1840,216,360,True
C2_P02_N1_S4_1.JPG,0,C2_P02,440,204,608,456,168,252,True
C2_P09_N1_S7_2.JPG,0,C2_P09,2260,640,2352,800,92,160,False
C1_P04_N1_S5_2.JPG,0,C1_P04,1716,1232,1856,1452,140,220,True
C4_P08_N2_S3_1.JPG,0,C4_P08,72,680,288,1040,216,360,False
C1_P03_N3_S2_1.JPG,0,C1_P03,1712,544,1920,816,208,272,False
C1_P05_N2_S4_2.JPG,0,C1_P05,772,248,1008,560,236,312,True
C2_P08_N1_S6_1.JPG,0,C2_P08,364,916,464,1092,100,176,False
C2_P08_N1_S6_1.JPG,0,C2_P08,588,368,688,540,100,172,False
C1_P09_N1_S5_2.JPG,0,C1_P09,744,1676,912,1956,168,280,False
C3_P03_N1_S4_1.JPG,0,C3_P03,2320,2116,2540,2431,220,315,True
C1_P04_N1_S5_1.JPG,0,C1_P04,84,2080,240,2380,156,300,True
C2_P04_N1_S5_1.JPG,0,C2_P04,380,908,500,1104,120,196,False
C1_P03_N1_S4_1.JPG,0,C1_P03,1148,256,1316,484,168,228,False
C4_P05_N2_S4_1.JPG,0,C4_P05,2120,188,2320,488,200,300,True
C3_P04_N2_S4_1.JPG,0,C3_P04,1340,156,1540,480,200,324,True
C1_P08_N3_S3_1.JPG,0,C1_P08,2296,332,2548,696,252,364,True
C1_P06_N1_S4_2.JPG,0,C1_P06,880,832,1076,1112,196,280,True
C1_P11_N1_S3_2.JPG,0,C1_P11,2448,1064,2672,1388,224,324,True
C1_P08_N2_S4_2.JPG,0,C1_P08,2624,1452,2800,1796,176,344,True
C2_P04_N3_S4_1.JPG,0,C2_P04,1600,1092,1772,1336,172,244,False
C3_P06_N3_S3_1.JPG,0,C3_P06,0,352,312,820,312,468,True
C3_P02_N2_S4_1.JPG,0,C3_P02,1128,2056,1332,2352,204,296,True
C4_P01_N2_S2_1.JPG,0,C4_P01,2304,336,2516,636,212,300,True
C2_P02_N3_S2_1.JPG,0,C2_P02,1156,856,1384,1196,228,340,True
C3_P04_N1_S4_1.JPG,0,C3_P04,960,1736,1156,2084,196,348,True
C4_P02_N4_S2_1.JPG,0,C4_P02,1376,312,1604,652,228,340,True
C4_P04_N1_S4_1.JPG,0,C4_P04,1836,716,2052,1060,216,344,True
C4_P07_N1_S4_2.JPG,0,C4_P07,1620,664,1788,932,168,268,True
C2_P03_N2_S4_1.JPG,0,C2_P03,292,1064,480,1340,188,276,True
C4_P04_N1_S4_1.JPG,0,C4_P04,828,1576,1028,1916,200,340,True
C1_P05_N2_S4_1.JPG,0,C1_P05,168,1240,388,1624,220,384,True
C1_P11_N1_S4_2.JPG,0,C1_P11,2580,1908,2760,2188,180,280,True
C3_P05_N1_S5_1.JPG,0,C3_P05,680,1152,848,1460,168,308,True
C4_P07_N2_S4_1.JPG,0,C4_P07,2140,1184,2312,1468,172,284,True
C2_P01_N2_S3_2.JPG,0,C2_P01,1748,268,1908,456,160,188,True
C1_P12_N3_S3_1.JPG,0,C1_P12,140,1624,372,2060,232,436,True
C4_P08_N2_S4_1.JPG,0,C4_P08,1512,24,1732,336,220,312,False
C1_P05_N1_S4_1.JPG,0,C1_P05,136,1424,364,1796,228,372,True
C2_P06_N2_S4_1.JPG,0,C2_P06,260,1088,432,1320,172,232,False
C4_P02_N4_S3_1.JPG,0,C4_P02,2060,1576,2220,1792,160,216,True
C2_P03_N1_S5_1.JPG,0,C2_P03,600,1552,720,1800,120,248,True
C3_P07_N3_S3_1.JPG,0,C3_P07,2048,1168,2320,1568,272,400,True
C3_P06_N1_S3_1.JPG,0,C3_P06,768,584,980,912,212,328,True
C3_P05_N2_S4_1.JPG,0,C3_P05,952,756,1184,1068,232,312,True
C3_P04_N1_S5_1.JPG,0,C3_P04,1120,600,1292,868,172,268,True
C1_P08_N2_S5_1.JPG,0,C1_P08,2008,1588,2168,1844,160,256,True
C4_P07_N1_S4_1.JPG,0,C4_P07,1052,1728,1256,2020,204,292,True
C3_P01_N1_S5_1.JPG,0,C3_P01,856,804,988,1088,132,284,True
C2_P01_N1_S5_2.JPG,0,C2_P01,1484,632,1580,776,96,144,True
C3_P06_N1_S5_1.JPG,0,C3_P06,1364,1536,1536,1852,172,316,True
C1_P04_N2_S3_1.JPG,0,C1_P04,444,400,652,736,208,336,True
C2_P09_N1_S7_2.JPG,0,C2_P09,1076,600,1168,764,92,164,False
C3_P06_N3_S4_2.JPG,0,C3_P06,1328,1468,1548,1772,220,304,True
C3_P05_N1_S3_1.JPG,0,C3_P05,520,1096,708,1404,188,308,True
C1_P04_N1_S4_1.JPG,0,C1_P04,2220,1992,2416,2328,196,336,True
C4_P05_N2_S4_1.JPG,0,C4_P05,1552,184,1744,484,192,300,True
C3_P03_N3_S3_1.JPG,0,C3_P03,2260,972,2496,1392,236,420,True
C3_P01_N1_S2_2.JPG,0,C3_P01,2260,1572,2560,2180,300,608,True
C4_P05_N1_S4_1.JPG,0,C4_P05,1360,640,1556,984,196,344,True
C1_P02_N2_S3_1.JPG,0,C1_P02,2772,1048,3020,1544,248,496,True
C1_P12_N1_S5_1.JPG,0,C1_P12,1080,688,1252,1020,172,332,True
C2_P02_N2_S4_1.JPG,0,C2_P02,124,212,296,492,172,280,True
C4_P02_N2_S4_1.JPG,0,C4_P02,112,16,280,268,168,252,True
C3_P01_N1_S5_2.JPG,0,C3_P01,1264,1684,1428,1928,164,244,True
C2_P02_N1_S5_1.JPG,0,C2_P02,180,1792,276,1916,96,124,True
C3_P06_N2_S3_2.JPG,0,C3_P06,1504,1656,1736,2088,232,432,True
C3_P07_N1_S3_1.JPG,0,C3_P07,1108,1864,1356,2216,248,352,True
C3_P03_N3_S3_1.JPG,0,C3_P03,3268,152,3524,564,256,412,True
C4_P08_N2_S4_1.JPG,0,C4_P08,2084,644,2292,932,208,288,False
C2_P03_N1_S4_1.JPG,0,C2_P03,320,1064,500,1340,180,276,True
C2_P01_N4_S2_1.JPG,0,C2_P01,704,864,880,1112,176,248,True
C3_P01_N2_S2_1.JPG,0,C3_P01,2572,428,2896,1056,324,628,True
C1_P08_N2_S3_1.JPG,0,C1_P08,1780,932,1996,1296,216,364,True
C1_P04_N3_S3_1.JPG,0,C1_P04,2556,492,2776,836,220,344,True
C4_P01_N3_S3_1.JPG,0,C4_P01,1672,1604,1864,1928,192,324,True
C3_P05_N1_S5_1.JPG,0,C3_P05,1796,1632,1948,1888,152,256,True
C3_P05_N1_S2_1.JPG,0,C3_P05,1820,424,2056,760,236,336,True
C1_P10_N3_S2_2.JPG,0,C1_P10,136,1220,400,1612,264,392,True
C2_P01_N1_S5_2.JPG,0,C2_P01,948,1656,1052,1796,104,140,True
C2_P02_N2_S4_1.JPG,0,C2_P02,468,1568,632,1820,164,252,True
C1_P06_N1_S4_2.JPG,0,C1_P06,2204,264,2400,544,196,280,True
C2_P06_N1_S5_1.JPG,0,C2_P06,808,68,936,232,128,164,False
C1_P11_N2_S4_2.JPG,0,C1_P11,2816,1804,3060,2136,244,332,True
C2_P03_N1_S5_1.JPG,0,C2_P03,812,228,964,452,152,224,True
C1_P04_N3_S2_1.JPG,0,C1_P04,2244,512,2504,896,260,384,True
C4_P03_N2_S4_1.JPG,0,C4_P03,1616,1772,1760,2020,144,248,True
C1_P04_N1_S3_2.JPG,0,C1_P04,820,212,1024,608,204,396,True
C1_P11_N1_S4_1.JPG,0,C1_P11,2112,2040,2320,2396,208,356,True
C2_P01_N1_S4_1.JPG,0,C2_P01,468,160,588,336,120,176,True
C3_P04_N1_S5_1.JPG,0,C3_P04,1096,1504,1260,1728,164,224,True
C3_P01_N1_S2_2.JPG,0,C3_P01,2552,1564,2852,2172,300,608,True
C2_P03_N1_S5_1.JPG,0,C2_P03,672,228,824,452,152,224,True
C1_P03_N1_S2_2.JPG,0,C1_P03,64,932,204,1224,140,292,False
C3_P03_N1_S3_1.JPG,0,C3_P03,1632,1884,1916,2364,284,480,True
C3_P01_N2_S2_2.JPG,0,C3_P01,2344,564,2672,1208,328,644,True
C3_P04_N1_S3_1.JPG,0,C3_P04,180,1900,476,2320,296,420,True
C2_P04_N1_S5_1.JPG,0,C2_P04,732,1252,852,1428,120,176,False
C1_P04_N1_S5_2.JPG,0,C1_P04,1312,1244,1444,1460,132,216,True
C1_P08_N3_S4_2.JPG,0,C1_P08,2456,408,2676,732,220,324,True
C2_P09_N1_S7_2.JPG,0,C2_P09,1424,1564,1516,1696,92,132,False
C3_P01_N2_S3_1.JPG,0,C3_P01,1260,1856,1520,2212,260,356,True
C4_P06_N1_S4_1.JPG,0,C4_P06,252,1248,440,1604,188,356,True
C2_P03_N2_S4_1.JPG,0,C2_P03,276,104,488,416,212,312,True
C2_P01_N4_S2_1.JPG,0,C2_P01,1432,268,1640,544,208,276,True
C2_P09_N1_S7_2.JPG,0,C2_P09,1880,376,1972,536,92,160,False
C2_P08_N1_S6_2.JPG,0,C2_P08,796,436,904,600,108,164,False
C2_P02_N3_S3_1.JPG,0,C2_P02,552,760,780,1084,228,324,True
C1_P06_N1_S3_1.JPG,0,C1_P06,1188,1824,1420,2144,232,320,True
C1_P02_N2_S2_1.JPG,0,C1_P02,2532,1584,2812,2168,280,584,True
C3_P06_N3_S4_1.JPG,0,C3_P06,2212,64,2444,492,232,428,True
C1_P02_N1_S5_1.JPG,0,C1_P02,372,36,572,348,200,312,True
C3_P07_N1_S4_1.JPG,0,C3_P07,240,1384,456,1708,216,324,True
C1_P09_N3_S4_1.JPG,0,C1_P09,1744,872,1932,1160,188,288,False
C4_P08_N1_S4_1.JPG,0,C4_P08,2032,684,2232,992,200,308,False
C4_P04_N1_S3_1.JPG,0,C4_P04,336,924,548,1264,212,340,True
C2_P01_N2_S3_1.JPG,0,C2_P01,2104,368,2284,616,180,248,True
C4_P04_N1_S4_1.JPG,0,C4_P04,2036,764,2236,1076,200,312,True
C2_P01_N1_S5_1.JPG,0,C2_P01,860,620,972,768,112,148,True
C4_P05_N5_S2_1.JPG,0,C4_P05,2148,276,2360,612,212,336,True
C2_P04_N3_S4_1.JPG,0,C2_P04,2020,64,2220,400,200,336,False
C3_P06_N1_S3_2.JPG,0,C3_P06,2752,1684,3000,2120,248,436,True
C3_P06_N1_S3_2.JPG,0,C3_P06,520,1696,768,2096,248,400,True
C1_P06_N2_S3_1.JPG,0,C1_P06,1448,1120,1672,1456,224,336,True
C1_P04_N3_S3_1.JPG,0,C1_P04,1052,488,1260,808,208,320,True
C4_P07_N1_S5_1.JPG,0,C4_P07,1220,124,1360,340,140,216,True
C4_P07_N1_S3_1.JPG,0,C4_P07,2356,1500,2548,1800,192,300,True
C1_P08_N2_S3_1.JPG,0,C1_P08,2396,956,2612,1292,216,336,True
C2_P06_N3_S3_1.JPG,0,C2_P06,1944,1032,2108,1244,164,212,False
C1_P11_N2_S3_2.JPG,0,C1_P11,2436,308,2680,672,244,364,True
C3_P01_N1_S5_1.JPG,0,C3_P01,1264,812,1396,1096,132,284,True
C3_P06_N2_S3_1.JPG,0,C3_P06,668,488,868,896,200,408,True
C2_P06_N3_S3_1.JPG,0,C2_P06,68,108,244,340,176,232,False
C1_P12_N1_S4_1.JPG,0,C1_P12,732,1352,952,1700,220,348,True
C2_P02_N3_S3_1.JPG,0,C2_P02,996,1280,1192,1612,196,332,True
C1_P06_N3_S3_1.JPG,0,C1_P06,1976,124,2196,432,220,308,True
C1_P07_N2_S3_3.JPG,0,C1_P07,1760,388,1972,664,212,276,False
C1_P03_N1_S4_1.JPG,0,C1_P03,484,1460,652,1696,168,236,False
C1_P09_N2_S4_1.JPG,0,C1_P09,2092,1196,2296,1516,204,320,False
C3_P07_N1_S5_1.JPG,0,C3_P07,1372,56,1548,328,176,272,True
C3_P03_N1_S4_1.JPG,0,C3_P03,268,1488,468,1768,200,280,True
C1_P11_N1_S5_1.JPG,0,C1_P11,268,1656,436,1904,168,248,True
C1_P03_N1_S4_1.JPG,0,C1_P03,2012,260,2180,488,168,228,False
C2_P05_N1_S5_1.JPG,0,C2_P05,916,1560,1040,1748,124,188,True
C1_P07_N1_S3_1.JPG,0,C1_P07,2524,996,2728,1328,204,332,False
C1_P05_N4_S3_1.JPG,0,C1_P05,2916,240,3128,600,212,360,True
C3_P03_N1_S5_1.JPG,0,C3_P03,152,2144,304,2420,152,276,True
C1_P03_N2_S3_2.JPG,0,C1_P03,324,1044,520,1312,196,268,False
C1_P05_N2_S3_1.JPG,0,C1_P05,796,912,1028,1316,232,404,True
C2_P04_N1_S3_1.JPG,0,C2_P04,252,1092,404,1324,152,232,False
C3_P02_N1_S4_1.JPG,0,C3_P02,2288,1556,2488,1864,200,308,True
C1_P05_N1_S4_1.JPG,0,C1_P05,2512,2024,2736,2384,224,360,True
C1_P09_N4_S4_1.JPG,0,C1_P09,1960,136,2156,412,196,276,False
C1_P05_N2_S4_1.JPG,0,C1_P05,392,1868,612,2248,220,380,True
C2_P07_N3_S3_1.JPG,0,C2_P07,168,728,344,1004,176,276,False
C2_P09_N1_S7_2.JPG,0,C2_P09,164,868,264,1016,100,148,False
C4_P05_N1_S4_1.JPG,0,C4_P05,1548,104,1752,380,204,276,True
C1_P05_N1_S4_1.JPG,0,C1_P05,140,2012,364,2404,224,392,True
C1_P12_N2_S5_1.JPG,0,C1_P12,732,1688,896,1932,164,244,True
C1_P10_N1_S5_1.JPG,0,C1_P10,996,628,1136,844,140,216,True
C1_P02_N1_S4_1.JPG,0,C1_P02,1376,108,1612,500,236,392,True
C1_P06_N1_S3_1.JPG,0,C1_P06,1692,1804,1924,2124,232,320,True
C1_P03_N1_S4_1.JPG,0,C1_P03,2172,256,2340,484,168,228,False
C2_P02_N2_S4_1.JPG,0,C2_P02,1392,1524,1556,1788,164,264,True
C4_P01_N2_S2_1.JPG,0,C4_P01,2576,1032,2792,1360,216,328,True
C4_P05_N2_S2_1.JPG,0,C4_P05,1700,840,1904,1164,204,324,True
C4_P02_N1_S3_2.JPG,0,C4_P02,1664,884,1852,1128,188,244,True
C3_P06_N1_S3_2.JPG,0,C3_P06,520,1064,744,1464,224,400,True
C1_P11_N1_S4_2.JPG,0,C1_P11,1708,1936,1920,2248,212,312,True
C2_P04_N1_S5_1.JPG,0,C2_P04,1072,204,1188,404,116,200,False
C2_P05_N3_S3_1.JPG,0,C2_P05,700,688,908,972,208,284,True
C2_P06_N1_S3_2.JPG,0,C2_P06,948,652,1136,904,188,252,False
C1_P12_N4_S2_1.JPG,0,C1_P12,1124,1368,1444,1904,320,536,True
C3_P01_N1_S2_1.JPG,0,C3_P01,2260,1604,2588,2244,328,640,True
C3_P06_N1_S3_1.JPG,0,C3_P06,780,1168,992,1516,212,348,True
C1_P03_N3_S2_1.JPG,0,C1_P03,284,1184,468,1468,184,284,False
C2_P01_N3_S3_1.JPG,0,C2_P01,2040,600,2192,824,152,224,True
C1_P08_N2_S5_1.JPG,0,C1_P08,796,2028,956,2308,160,280,True
C3_P01_N4_S3_1.JPG,0,C3_P01,92,244,384,768,292,524,True
C1_P04_N1_S5_1.JPG,0,C1_P04,1488,1140,1652,1400,164,260,True
C1_P10_N2_S4_1.JPG,0,C1_P10,504,1956,676,2248,172,292,True
C3_P03_N2_S2_1.JPG,0,C3_P03,496,1568,800,2016,304,448,True
C2_P07_N2_S4_1.JPG,0,C2_P07,132,512,300,736,168,224,False
C1_P08_N4_S4_1.JPG,0,C1_P08,1672,2104,1880,2444,208,340,True
C1_P07_N1_S3_2.JPG,0,C1_P07,392,1996,596,2276,204,280,False
C1_P04_N1_S5_2.JPG,0,C1_P04,900,368,1040,600,140,232,True
C2_P07_N1_S6_2.JPG,0,C2_P07,32,580,136,732,104,152,False
C4_P07_N1_S4_2.JPG,0,C4_P07,1792,168,1976,428,184,260,True
C2_P02_N2_S4_1.JPG,0,C2_P02,1648,1116,1812,1368,164,252,True
C1_P03_N1_S2_1.JPG,0,C1_P03,1020,388,1236,680,216,292,False
C1_P08_N2_S4_1.JPG,0,C1_P08,2944,764,3168,1156,224,392,True
C4_P04_N1_S3_1.JPG,0,C4_P04,576,1408,800,1752,224,344,True
C4_P04_N2_S3_1.JPG,0,C4_P04,312,208,540,536,228,328,True
C4_P07_N1_S5_1.JPG,0,C4_P07,504,512,652,784,148,272,True
C3_P01_N1_S2_2.JPG,0,C3_P01,2672,524,3052,1088,380,564,True
C4_P08_N1_S5_1.JPG,0,C4_P08,772,1428,904,1620,132,192,False
C1_P05_N2_S3_1.JPG,0,C1_P05,1016,320,1280,652,264,332,True
C2_P08_N1_S6_2.JPG,0,C2_P08,584,444,692,608,108,164,False
C1_P11_N2_S3_2.JPG,0,C1_P11,1464,892,1700,1236,236,344,True
C1_P05_N2_S4_1.JPG,0,C1_P05,832,1272,1052,1620,220,348,True
C3_P06_N1_S4_1.JPG,0,C3_P06,2300,208,2500,532,200,324,True
C3_P03_N3_S3_1.JPG,0,C3_P03,3012,144,3268,572,256,428,True
C1_P04_N1_S5_1.JPG,0,C1_P04,992,96,1152,376,160,280,True
C4_P07_N1_S3_1.JPG,0,C4_P07,1792,404,1984,712,192,308,True
C2_P05_N3_S3_2.JPG,0,C2_P05,440,1136,600,1396,160,260,True
C4_P08_N1_S4_1.JPG,0,C4_P08,1464,132,1656,428,192,296,False
C1_P09_N2_S6_1.JPG,0,C1_P09,812,492,1012,752,200,260,False
C2_P02_N1_S5_1.JPG,0,C2_P02,292,1772,388,1896,96,124,True
C1_P06_N3_S3_1.JPG,0,C1_P06,1880,800,2076,1120,196,320,True
C3_P06_N3_S4_2.JPG,0,C3_P06,340,1912,564,2236,224,324,True
C3_P05_N1_S4_1.JPG,0,C3_P05,1192,1504,1388,1800,196,296,True
C1_P09_N3_S3_1.JPG,0,C1_P09,1800,128,1956,392,156,264,False
C2_P03_N1_S3_1.JPG,0,C2_P03,1116,220,1360,620,244,400,True
C2_P03_N1_S3_1.JPG,0,C2_P03,1052,1456,1324,1880,272,424,True
C2_P09_N1_S7_2.JPG,0,C2_P09,252,600,356,756,104,156,False
C4_P02_N4_S3_1.JPG,0,C4_P02,344,1464,504,1688,160,224,True
C4_P07_N1_S4_2.JPG,0,C4_P07,316,168,492,416,176,248,True
C2_P04_N2_S4_1.JPG,0,C2_P04,1616,660,1784,916,168,256,False
C1_P04_N1_S5_1.JPG,0,C1_P04,2472,2120,2612,2400,140,280,True
C2_P01_N1_S2_1.JPG,0,C2_P01,1208,244,1376,468,168,224,True
C1_P05_N1_S4_3.JPG,0,C1_P05,148,884,384,1216,236,332,True
C2_P02_N1_S5_1.JPG,0,C2_P02,72,1796,168,1920,96,124,True
C1_P02_N1_S4_1.JPG,0,C1_P02,1084,1352,1320,1736,236,384,True
C4_P05_N1_S3_1.JPG,0,C4_P05,184,916,376,1268,192,352,True
C3_P07_N1_S6_1.JPG,0,C3_P07,88,228,284,488,196,260,True
C4_P03_N3_S3_1.JPG,0,C4_P03,120,1512,332,1808,212,296,True
C1_P04_N1_S5_1.JPG,0,C1_P04,840,104,988,376,148,272,True
C3_P06_N1_S5_1.JPG,0,C3_P06,2696,1556,2852,1884,156,328,True
C1_P06_N2_S3_2.JPG,0,C1_P06,2712,784,2940,1112,228,328,True
C1_P08_N3_S4_2.JPG,0,C1_P08,2628,920,2828,1260,200,340,True
C4_P05_N1_S5_1.JPG,0,C4_P05,1328,960,1492,1208,164,248,True
C4_P08_N1_S4_1.JPG,0,C4_P08,692,1696,892,2028,200,332,False
C3_P06_N3_S4_2.JPG,0,C3_P06,1512,260,1760,648,248,388,True
C2_P01_N3_S3_1.JPG,0,C2_P01,1620,612,1772,836,152,224,True
C1_P03_N2_S2_1.JPG,0,C1_P03,2804,440,3040,820,236,380,False
C1_P10_N2_S4_1.JPG,0,C1_P10,1520,1968,1716,2292,196,324,True
C3_P01_N1_S3_1.JPG,0,C3_P01,1504,348,1740,696,236,348,True
C1_P08_N2_S3_1.JPG,0,C1_P08,1568,932,1784,1296,216,364,True
C1_P06_N2_S3_2.JPG,0,C1_P06,1432,1444,1680,1836,248,392,True
C2_P02_N1_S5_1.JPG,0,C2_P02,396,604,512,764,116,160,True
C2_P05_N1_S5_1.JPG,0,C2_P05,1264,1252,1388,1424,124,172,True
C4_P04_N5_S2_1.JPG,0,C4_P04,940,200,1176,572,236,372,True
C2_P07_N1_S6_1.JPG,0,C2_P07,320,384,428,572,108,188,False
C4_P08_N3_S3_1.JPG,0,C4_P08,576,824,824,1256,248,432,False
C2_P05_N2_S4_1.JPG,0,C2_P05,212,1060,380,1276,168,216,True
C1_P05_N3_S4_1.JPG,0,C1_P05,800,1908,1008,2276,208,368,True
C1_P09_N2_S4_1.JPG,0,C1_P09,2300,100,2492,372,192,272,False
C1_P07_N1_S3_3.JPG,0,C1_P07,1996,1588,2200,1884,204,296,False
C4_P02_N1_S3_1.JPG,0,C4_P02,708,864,876,1096,168,232,True
C4_P03_N2_S4_1.JPG,0,C4_P03,2092,56,2268,328,176,272,True
C2_P04_N1_S5_1.JPG,0,C2_P04,1316,240,1436,428,120,188,False
C1_P10_N2_S2_1.JPG,0,C1_P10,288,404,540,776,252,372,True
C2_P01_N3_S3_1.JPG,0,C2_P01,1724,104,1884,324,160,220,True
C4_P01_N3_S3_1.JPG,0,C4_P01,52,1608,244,1884,192,276,True
C3_P07_N1_S5_1.JPG,0,C3_P07,1256,1160,1432,1432,176,272,True
C1_P10_N2_S3_1.JPG,0,C1_P10,2608,1796,2868,2172,260,376,True
C3_P06_N1_S4_1.JPG,0,C3_P06,2108,1360,2316,1700,208,340,True
C4_P04_N1_S2_1.JPG,0,C4_P04,2336,1024,2548,1376,212,352,True
C2_P08_N1_S4_1.JPG,0,C2_P08,1252,568,1396,784,144,216,False
C1_P05_N3_S4_1.JPG,0,C1_P05,340,696,560,1088,220,392,True
C4_P06_N4_S3_1.JPG,0,C4_P06,480,1236,664,1564,184,328,True
C1_P08_N2_S4_1.JPG,0,C1_P08,2572,204,2780,564,208,360,True
C1_P03_N1_S2_1.JPG,0,C1_P03,2652,364,2868,692,216,328,False
C2_P06_N3_S4_1.JPG,0,C2_P06,788,1504,948,1748,160,244,False
C4_P04_N4_S2_1.JPG,0,C4_P04,2332,192,2560,548,228,356,True
C1_P08_N2_S4_1.JPG,0,C1_P08,1280,1960,1472,2336,192,376,True
C2_P01_N1_S5_1.JPG,0,C2_P01,924,248,1036,396,112,148,True
C4_P05_N1_S5_1.JPG,0,C4_P05,1528,32,1696,260,168,228,True
C3_P01_N1_S4_1.JPG,0,C3_P01,1600,144,1828,476,228,332,True
C3_P01_N1_S5_1.JPG,0,C3_P01,112,1316,268,1552,156,236,True
C3_P01_N1_S5_2.JPG,0,C3_P01,812,1212,976,1484,164,272,True
C2_P05_N1_S4_1.JPG,0,C2_P05,792,1500,944,1748,152,248,True
C2_P06_N3_S3_1.JPG,0,C2_P06,1104,588,1276,844,172,256,False
C1_P04_N2_S3_1.JPG,0,C1_P04,3008,1072,3188,1424,180,352,True
C1_P02_N3_S2_1.JPG,0,C1_P02,844,640,1196,1192,352,552,True
C3_P05_N1_S4_1.JPG,0,C3_P05,648,388,904,716,256,328,True
C2_P04_N1_S2_1.JPG,0,C2_P04,2316,384,2492,660,176,276,False
C1_P05_N4_S3_1.JPG,0,C1_P05,740,1448,956,1812,216,364,True
C4_P08_N1_S5_1.JPG,0,C4_P08,384,1420,516,1600,132,180,False
C4_P05_N1_S5_1.JPG,0,C4_P05,1664,1808,1832,2096,168,288,True
C2_P01_N3_S3_1.JPG,0,C2_P01,68,1072,220,1296,152,224,True
C2_P06_N2_S4_1.JPG,0,C2_P06,788,1084,960,1316,172,232,False
C2_P06_N3_S3_1.JPG,0,C2_P06,1836,584,2012,840,176,256,False
C3_P04_N4_S2_2.JPG,0,C3_P04,1708,1420,1984,1780,276,360,True
C3_P01_N2_S3_2.JPG,0,C3_P01,1644,1232,1888,1636,244,404,True
C3_P03_N4_S2_1.JPG,0,C3_P03,1812,336,2104,768,292,432,True
C3_P02_N1_S5_1.JPG,0,C3_P02,248,1128,412,1360,164,232,True
C1_P02_N4_S2_1.JPG,0,C1_P02,812,1564,1188,2092,376,528,True
C2_P01_N1_S2_1.JPG,0,C2_P01,456,800,624,1024,168,224,True
C3_P04_N1_S5_1.JPG,0,C3_P04,724,544,896,872,172,328,True
C2_P09_N1_S7_1.JPG,0,C2_P09,1412,140,1512,300,100,160,False
C1_P08_N3_S3_1.JPG,0,C1_P08,2920,320,3172,692,252,372,True
C1_P08_N1_S4_1.JPG,0,C1_P08,1160,88,1388,460,228,372,True
C2_P02_N1_S4_1.JPG,0,C2_P02,1208,696,1368,944,160,248,True
C1_P01_N1_S2_2.JPG,0,C1_P01,1868,260,2368,1008,500,748,True
C4_P06_N2_S3_1.JPG,0,C4_P06,196,312,400,672,204,360,True
C3_P07_N5_S2_1.JPG,0,C3_P07,1604,1196,1936,1824,332,628,True
C3_P05_N2_S4_1.JPG,0,C3_P05,1616,760,1824,1088,208,328,True
C2_P01_N2_S3_1.JPG,0,C2_P01,88,368,256,600,168,232,True
C2_P02_N1_S5_1.JPG,0,C2_P02,1260,908,1364,1076,104,168,True
C3_P02_N2_S3_1.JPG,0,C3_P02,836,1116,1092,1484,256,368,True
C4_P07_N1_S4_1.JPG,0,C4_P07,2472,608,2664,912,192,304,True
C1_P08_N4_S4_1.JPG,0,C1_P08,832,2100,1040,2440,208,340,True
C4_P08_N2_S3_1.JPG,0,C4_P08,996,1328,1228,1688,232,360,False
C2_P03_N2_S2_1.JPG,0,C2_P03,140,1136,444,1664,304,528,True
C2_P04_N1_S3_1.JPG,0,C2_P04,124,184,284,432,160,248,False
C2_P09_N1_S7_1.JPG,0,C2_P09,88,1152,172,1328,84,176,False
C3_P07_N2_S4_1.JPG,0,C3_P07,1532,1456,1728,1712,196,256,True
C2_P05_N1_S4_1.JPG,0,C2_P05,4,188,168,428,164,240,True
C3_P02_N2_S2_2.JPG,0,C3_P02,3616,1344,3892,1724,276,380,True
C2_P03_N1_S4_1.JPG,0,C2_P03,152,608,324,904,172,296,True
C2_P07_N3_S3_1.JPG,0,C2_P07,196,1168,368,1480,172,312,False
C2_P07_N1_S6_2.JPG,0,C2_P07,216,844,320,996,104,152,False
C2_P07_N1_S4_1.JPG,0,C2_P07,164,1392,320,1644,156,252,False
C4_P08_N1_S5_2.JPG,0,C4_P08,800,236,940,480,140,244,False
C1_P04_N1_S3_1.JPG,0,C1_P04,1440,1964,1672,2348,232,384,True
C3_P07_N4_S2_1.JPG,0,C3_P07,1840,564,2136,1036,296,472,True
C3_P05_N1_S5_1.JPG,0,C3_P05,1336,760,1496,996,160,236,True
C1_P06_N2_S3_2.JPG,0,C1_P06,2424,100,2652,412,228,312,True
C1_P09_N3_S4_1.JPG,0,C1_P09,2112,116,2316,404,204,288,False
C1_P03_N2_S2_1.JPG,0,C1_P03,2792,1176,3028,1548,236,372,False
C1_P09_N2_S6_1.JPG,0,C1_P09,844,1872,1012,2132,168,260,False
C4_P08_N2_S2_1.JPG,0,C4_P08,2276,952,2508,1284,232,332,False
C4_P08_N1_S4_1.JPG,0,C4_P08,2364,1748,2556,2028,192,280,False
C3_P05_N1_S2_1.JPG,0,C3_P05,1324,448,1560,772,236,324,True
C1_P05_N1_S4_1.JPG,0,C1_P05,2500,264,2700,564,200,300,True
C3_P01_N1_S5_2.JPG,0,C3_P01,1132,1228,1296,1500,164,272,True
C4_P04_N1_S5_1.JPG,0,C4_P04,1648,536,1804,816,156,280,True
C4_P02_N4_S2_1.JPG,0,C4_P02,236,336,448,660,212,324,True
C1_P08_N4_S3_1.JPG,0,C1_P08,644,1588,892,1908,248,320,True
C2_P07_N3_S3_1.JPG,0,C2_P07,372,1200,564,1476,192,276,False
C4_P08_N2_S2_1.JPG,0,C4_P08,2328,312,2576,660,248,348,False
C2_P08_N2_S4_1.JPG,0,C2_P08,388,920,540,1160,152,240,False
C4_P02_N1_S3_1.JPG,0,C4_P02,188,244,344,468,156,224,True
C4_P03_N2_S3_1.JPG,0,C4_P03,2288,1260,2468,1572,180,312,True
C2_P04_N1_S5_1.JPG,0,C2_P04,260,580,380,768,120,188,False
C2_P08_N1_S4_1.JPG,0,C2_P08,512,944,668,1180,156,236,False
C3_P07_N1_S2_1.JPG,0,C3_P07,2816,476,3160,968,344,492,True
C3_P03_N1_S5_1.JPG,0,C3_P03,884,1120,1036,1384,152,264,True
C2_P03_N2_S4_1.JPG,0,C2_P03,1136,120,1292,464,156,344,True
C1_P09_N1_S5_2.JPG,0,C1_P09,740,1040,904,1268,164,228,False
C1_P07_N2_S3_2.JPG,0,C1_P07,2368,476,2588,772,220,296,False
C3_P06_N4_S3_1.JPG,0,C3_P06,3292,1136,3564,1612,272,476,True
C1_P02_N2_S3_1.JPG,0,C1_P02,1232,1044,1568,1516,336,472,True
C2_P05_N2_S3_2.JPG,0,C2_P05,2156,328,2336,584,180,256,True
C3_P06_N1_S3_1.JPG,0,C3_P06,544,592,756,920,212,328,True
C1_P11_N1_S3_1.JPG,0,C1_P11,2940,1748,3192,2132,252,384,True
C3_P06_N1_S3_1.JPG,0,C3_P06,788,1776,1004,2152,216,376,True
C2_P08_N1_S6_2.JPG,0,C2_P08,580,992,684,1156,104,164,False
C2_P01_N1_S4_1.JPG,0,C2_P01,1528,600,1648,768,120,168,True
C1_P06_N1_S4_1.JPG,0,C1_P06,2336,804,2540,1064,204,260,True
C2_P01_N2_S3_1.JPG,0,C2_P01,1192,964,1368,1220,176,256,True
C1_P02_N1_S5_1.JPG,0,C1_P02,1536,1612,1700,1892,164,280,True
C2_P09_N1_S7_1.JPG,0,C2_P09,444,928,544,1084,100,156,False
C1_P06_N1_S3_2.JPG,0,C1_P06,976,1756,1196,2060,220,304,True
C4_P07_N2_S4_1.JPG,0,C4_P07,2124,212,2308,472,184,260,True
C3_P07_N2_S3_1.JPG,0,C3_P07,356,112,668,564,312,452,True
C2_P08_N2_S3_2.JPG,0,C2_P08,1548,756,1744,1060,196,304,False
C2_P04_N2_S4_1.JPG,0,C2_P04,2192,192,2388,460,196,268,False
C1_P02_N4_S2_1.JPG,0,C1_P02,2824,1476,3132,2064,308,588,True
C2_P01_N1_S5_1.JPG,0,C2_P01,1028,248,1140,396,112,148,True
C1_P11_N2_S3_1.JPG,0,C1_P11,244,1464,476,1820,232,356,True
C1_P10_N1_S4_1.JPG,0,C1_P10,1908,1296,2072,1544,164,248,True
C4_P03_N3_S3_2.JPG,0,C4_P03,736,1628,948,1904,212,276,True
C2_P06_N1_S4_1.JPG,0,C2_P06,1172,928,1336,1148,164,220,False
C4_P05_N1_S2_1.JPG,0,C4_P05,1484,400,1672,668,188,268,True
C3_P07_N1_S3_1.JPG,0,C3_P07,3280,1816,3600,2220,320,404,True
C2_P01_N1_S5_1.JPG,0,C2_P01,424,1664,528,1808,104,144,True
C2_P02_N3_S2_1.JPG,0,C2_P02,2412,276,2588,592,176,316,True
C1_P07_N2_S3_2.JPG,0,C1_P07,340,1104,560,1400,220,296,False
C3_P02_N1_S3_1.JPG,0,C3_P02,3476,1852,3716,2176,240,324,True
C2_P08_N1_S6_2.JPG,0,C2_P08,772,1232,884,1416,112,184,False
C1_P09_N3_S3_1.JPG,0,C1_P09,636,436,832,736,196,300,False
C1_P08_N2_S5_1.JPG,0,C1_P08,1412,1596,1572,1852,160,256,True
C1_P12_N1_S4_1.JPG,0,C1_P12,944,776,1160,1088,216,312,True
C4_P02_N2_S4_1.JPG,0,C4_P02,1680,36,1840,260,160,224,True
C2_P08_N2_S3_2.JPG,0,C2_P08,996,788,1192,1092,196,304,False
C4_P08_N1_S5_1.JPG,0,C4_P08,932,264,1064,472,132,208,False
C1_P04_N1_S5_1.JPG,0,C1_P04,704,2092,876,2364,172,272,True
C4_P05_N1_S5_1.JPG,0,C4_P05,1660,960,1824,1208,164,248,True
C3_P06_N3_S4_2.JPG,0,C3_P06,1264,272,1512,660,248,388,True
C1_P09_N1_S2_1.JPG,0,C1_P09,1048,256,1216,496,168,240,False
C1_P05_N1_S4_2.JPG,0,C1_P05,1032,1308,1248,1676,216,368,True
C2_P04_N1_S5_1.JPG,0,C2_P04,740,584,860,772,120,188,False
C1_P04_N1_S3_1.JPG,0,C1_P04,3052,496,3256,876,204,380,True
C2_P05_N1_S3_1.JPG,0,C2_P05,1460,228,1644,488,184,260,True
C4_P08_N3_S3_2.JPG,0,C4_P08,1496,980,1708,1368,212,388,False
C3_P06_N1_S4_1.JPG,0,C3_P06,1876,1356,2084,1696,208,340,True
C4_P03_N3_S3_1.JPG,0,C4_P03,2616,860,2815,1208,199,348,True
C4_P06_N2_S3_1.JPG,0,C4_P06,1312,1376,1504,1692,192,316,True
C1_P04_N4_S2_1.JPG,0,C1_P04,1400,1060,1664,1468,264,408,True
C2_P05_N2_S3_2.JPG,0,C2_P05,736,1300,916,1548,180,248,True
C2_P04_N1_S5_1.JPG,0,C2_P04,1296,916,1416,1112,120,196,False
C4_P05_N1_S2_1.JPG,0,C4_P05,1888,404,2076,692,188,288,True
C1_P02_N1_S2_1.JPG,0,C1_P02,2456,1412,2740,2060,284,648,True
C2_P08_N3_S3_1.JPG,0,C2_P08,1832,1420,2040,1764,208,344,False
C1_P08_N2_S4_1.JPG,0,C1_P08,2316,1980,2532,2304,216,324,True
C1_P09_N1_S5_1.JPG,0,C1_P09,1924,1264,2108,1548,184,284,False
C4_P01_N2_S4_1.JPG,0,C4_P01,1792,1728,1972,2028,180,300,True
C1_P04_N1_S3_1.JPG,0,C1_P04,2820,488,3056,868,236,380,True
C1_P12_N3_S3_1.JPG,0,C1_P12,380,1648,612,2044,232,396,True
C1_P09_N3_S4_2.JPG,0,C1_P09,684,440,856,696,172,256,False
C1_P04_N3_S3_1.JPG,0,C1_P04,1260,1120,1476,1500,216,380,True
C2_P06_N1_S4_1.JPG,0,C2_P06,648,504,812,724,164,220,False
C2_P07_N1_S4_1.JPG,0,C2_P07,1060,996,1216,1248,156,252,False
C2_P02_N1_S4_1.JPG,0,C2_P02,1632,312,1776,548,144,236,True
C3_P07_N1_S5_1.JPG,0,C3_P07,976,2172,1144,2388,168,216,True
C1_P07_N1_S3_3.JPG,0,C1_P07,2236,308,2440,604,204,296,False
C4_P05_N2_S4_1.JPG,0,C4_P05,1912,696,2104,996,192,300,True
C3_P04_N3_S2_1.JPG,0,C3_P04,696,428,1156,1216,460,788,True
C4_P05_N1_S5_1.JPG,0,C4_P05,876,36,1044,264,168,228,True
C3_P01_N1_S4_1.JPG,0,C3_P01,1568,1412,1776,1700,208,288,True
C3_P01_N2_S2_1.JPG,0,C3_P01,2116,1520,2468,2104,352,584,True
C3_P05_N1_S4_1.JPG,0,C3_P05,2628,1996,2792,2276,164,280,True
C1_P08_N3_S4_2.JPG,0,C1_P08,2244,1480,2432,1776,188,296,True
C1_P06_N1_S5_1.JPG,0,C1_P06,324,1640,480,1856,156,216,True
C2_P04_N1_S5_1.JPG,0,C2_P04,228,1520,348,1700,120,180,False
C1_P12_N1_S5_1.JPG,0,C1_P12,1088,1636,1260,1932,172,296,True
C4_P05_N2_S3_1.JPG,0,C4_P05,112,1452,308,1764,196,312,True
C1_P08_N2_S5_1.JPG,0,C1_P08,932,1592,1092,1848,160,256,True
C2_P04_N1_S5_1.JPG,0,C2_P04,1456,1536,1592,1736,136,200,False
C1_P05_N1_S3_1.JPG,0,C1_P05,2052,1260,2288,1572,236,312,True
C1_P02_N2_S4_1.JPG,0,C1_P02,1816,1396,2048,1744,232,348,True
C2_P09_N1_S7_1.JPG,0,C2_P09,180,1404,264,1572,84,168,False
C1_P05_N1_S5_1.JPG,0,C1_P05,1564,144,1744,400,180,256,True
C3_P07_N3_S2_1.JPG,0,C3_P07,3064,1428,3400,1936,336,508,True
C1_P03_N2_S3_1.JPG,0,C1_P03,1292,1188,1488,1444,196,256,False
C3_P01_N2_S2_1.JPG,0,C3_P01,2016,416,2340,1044,324,628,True
C2_P09_N1_S7_2.JPG,0,C2_P09,740,1344,828,1472,88,128,False
C4_P07_N2_S3_1.JPG,0,C4_P07,180,200,380,560,200,360,True
C2_P06_N1_S5_1.JPG,0,C2_P06,272,444,400,608,128,164,False
C4_P07_N3_S3_2.JPG,0,C4_P07,568,224,756,564,188,340,True
C1_P11_N1_S5_1.JPG,0,C1_P11,1276,2040,1444,2316,168,276,True
C2_P01_N2_S3_2.JPG,0,C2_P01,1468,1244,1608,1448,140,204,True
C4_P06_N4_S3_1.JPG,0,C4_P06,1212,776,1404,1096,192,320,True
C2_P08_N1_S3_1.JPG,0,C2_P08,1696,1416,1916,1800,220,384,False
C1_P11_N2_S3_2.JPG,0,C1_P11,876,1448,1080,1828,204,380,True
C4_P07_N1_S3_2.JPG,0,C4_P07,1404,352,1592,640,188,288,True
C2_P09_N1_S7_2.JPG,0,C2_P09,2220,412,2312,572,92,160,False
C1_P12_N1_S3_1.JPG,0,C1_P12,152,1016,428,1432,276,416,True
C3_P06_N2_S3_2.JPG,0,C3_P06,2108,1676,2332,2108,224,432,True
C3_P03_N2_S2_1.JPG,0,C3_P03,1868,1580,2172,2028,304,448,True
C1_P03_N1_S4_2.JPG,0,C1_P03,1452,1152,1592,1340,140,188,False
C3_P06_N1_S5_1.JPG,0,C3_P06,488,1992,664,2300,176,308,True
C2_P04_N1_S2_1.JPG,0,C2_P04,916,276,1116,600,200,324,False
C3_P01_N1_S3_1.JPG,0,C3_P01,980,344,1228,692,248,348,True
C4_P01_N2_S4_1.JPG,0,C4_P01,1440,1740,1620,2024,180,284,True
C4_P07_N1_S4_1.JPG,0,C4_P07,2316,76,2500,380,184,304,True
C2_P03_N2_S2_1.JPG,0,C2_P03,776,1136,1132,1664,356,528,True
C3_P06_N3_S4_1.JPG,0,C3_P06,3548,1924,3840,2312,292,388,True
C3_P04_N1_S3_1.JPG,0,C3_P04,1436,360,1724,824,288,464,True
C2_P05_N1_S4_1.JPG,0,C2_P05,220,1112,376,1328,156,216,True
C1_P10_N3_S2_1.JPG,0,C1_P10,2228,1388,2508,1796,280,408,True
C4_P05_N1_S5_1.JPG,0,C4_P05,412,520,568,792,156,272,True
C1_P04_N1_S3_1.JPG,0,C1_P04,1912,488,2120,872,208,384,True
C2_P01_N2_S3_1.JPG,0,C2_P01,1284,376,1452,608,168,232,True
C4_P02_N1_S3_1.JPG,0,C4_P02,1768,868,1944,1116,176,248,True
C4_P08_N2_S3_2.JPG,0,C4_P08,2128,288,2364,604,236,316,False
C1_P08_N2_S4_1.JPG,0,C1_P08,1488,1956,1680,2328,192,372,True
C2_P04_N2_S3_1.JPG,0,C2_P04,1308,672,1492,932,184,260,False
C1_P11_N1_S5_1.JPG,0,C1_P11,2076,360,2268,604,192,244,True
C1_P07_N2_S3_1.JPG,0,C1_P07,2648,432,2852,728,204,296,False
C3_P06_N3_S4_1.JPG,0,C3_P06,1064,1832,1256,2116,192,284,True
C2_P07_N3_S3_1.JPG,0,C2_P07,1452,748,1628,1024,176,276,False
C4_P02_N1_S3_1.JPG,0,C4_P02,872,864,1048,1096,176,232,True
C1_P10_N2_S2_1.JPG,0,C1_P10,2612,1232,2900,1664,288,432,True
C1_P10_N3_S2_1.JPG,0,C1_P10,360,492,632,900,272,408,True
C1_P09_N2_S6_1.JPG,0,C1_P09,1652,1180,1820,1420,168,240,False
C1_P02_N1_S5_1.JPG,0,C1_P02,296,2076,480,2416,184,340,True
C2_P01_N1_S4_1.JPG,0,C2_P01,1300,600,1420,760,120,160,True
C3_P04_N2_S2_1.JPG,0,C3_P04,2840,1532,3228,2056,388,524,True
C4_P05_N4_S2_1.JPG,0,C4_P05,1280,228,1492,556,212,328,True
C1_P04_N1_S3_2.JPG,0,C1_P04,2344,1672,2580,2028,236,356,True
C2_P01_N2_S2_1.JPG,0,C2_P01,2360,944,2532,1204,172,260,True
C2_P07_N3_S2_1.JPG,0,C2_P07,1280,920,1528,1292,248,372,False
C4_P08_N1_S5_1.JPG,0,C4_P08,232,1740,364,1952,132,212,False
C2_P07_N2_S2_1.JPG,0,C2_P07,1216,1012,1460,1400,244,388,False
C4_P04_N5_S2_1.JPG,0,C4_P04,256,720,484,1068,228,348,True
C4_P05_N2_S3_1.JPG,0,C4_P05,1928,396,2128,728,200,332,True
C1_P05_N3_S4_1.JPG,0,C1_P05,776,132,996,468,220,336,True
C3_P03_N1_S3_1.JPG,0,C3_P03,2460,1952,2748,2376,288,424,True
C1_P08_N3_S4_1.JPG,0,C1_P08,364,2068,576,2428,212,360,True
C4_P07_N1_S3_1.JPG,0,C4_P07,672,388,864,688,192,300,True
C4_P02_N1_S3_1.JPG,0,C4_P02,2384,228,2564,476,180,248,True
C2_P05_N2_S4_1.JPG,0,C2_P05,68,1072,236,1288,168,216,True
C2_P08_N3_S3_1.JPG,0,C2_P08,1192,1468,1400,1792,208,324,False
C3_P05_N2_S4_1.JPG,0,C3_P05,1164,752,1388,1064,224,312,True
C2_P07_N3_S3_1.JPG,0,C2_P07,540,1204,732,1480,192,276,False
C3_P05_N2_S3_1.JPG,0,C3_P05,412,400,644,772,232,372,True
C1_P06_N2_S3_1.JPG,0,C1_P06,2856,444,3072,764,216,320,True
C1_P04_N1_S3_1.JPG,0,C1_P04,1212,468,1420,852,208,384,True
C2_P03_N2_S3_1.JPG,0,C2_P03,1368,152,1576,576,208,424,True
C3_P06_N1_S3_1.JPG,0,C3_P06,1968,1780,2200,2156,232,376,True
C1_P04_N2_S3_1.JPG,0,C1_P04,872,1748,1088,2100,216,352,True
C4_P02_N4_S3_1.JPG,0,C4_P02,488,1460,648,1684,160,224,True
C3_P04_N4_S2_2.JPG,0,C3_P04,2700,464,2992,892,292,428,True
C2_P05_N2_S4_1.JPG,0,C2_P05,1212,1464,1368,1680,156,216,True
C1_P05_N1_S4_2.JPG,0,C1_P05,2312,92,2512,440,200,348,True
C2_P09_N1_S7_2.JPG,0,C2_P09,1440,644,1540,776,100,132,False
C4_P07_N2_S3_1.JPG,0,C4_P07,2352,1312,2548,1628,196,316,True
C2_P03_N1_S4_1.JPG,0,C2_P03,1240,1068,1420,1344,180,276,True
C2_P06_N3_S4_1.JPG,0,C2_P06,1992,1080,2152,1324,160,244,False
C4_P05_N4_S2_1.JPG,0,C4_P05,2324,744,2540,1068,216,324,True
C1_P11_N2_S4_3.JPG,0,C1_P11,2772,768,2972,1064,200,296,True
C3_P05_N2_S3_1.JPG,0,C3_P05,1372,436,1604,808,232,372,True
C1_P04_N1_S5_1.JPG,0,C1_P04,1828,2136,2000,2416,172,280,True
C1_P02_N1_S3_1.JPG,0,C1_P02,2740,996,2984,1464,244,468,True
C2_P03_N3_S3_1.JPG,0,C2_P03,1064,788,1324,1168,260,380,True
C1_P09_N1_S5_1.JPG,0,C1_P09,1216,1260,1400,1544,184,284,False
C3_P07_N3_S3_1.JPG,0,C3_P07,3348,1932,3668,2328,320,396,True
C2_P07_N1_S2_1.JPG,0,C2_P07,452,904,708,1348,256,444,False
C1_P08_N3_S4_2.JPG,0,C1_P08,1508,1444,1696,1792,188,348,True
C2_P01_N1_S4_1.JPG,0,C2_P01,700,172,820,348,120,176,True
C3_P05_N2_S4_1.JPG,0,C3_P05,392,1888,620,2212,228,324,True
C1_P10_N2_S4_1.JPG,0,C1_P10,828,344,1024,588,196,244,True
C1_P11_N1_S4_2.JPG,0,C1_P11,344,1992,556,2304,212,312,True
C3_P05_N3_S3_1.JPG,0,C3_P05,2904,404,3140,860,236,456,True
C4_P06_N1_S3_1.JPG,0,C4_P06,2292,1528,2496,1852,204,324,True
C3_P06_N3_S3_1.JPG,0,C3_P06,2280,1020,2492,1480,212,460,True
C1_P09_N3_S4_2.JPG,0,C1_P09,520,416,692,672,172,256,False
C2_P04_N1_S5_1.JPG,0,C2_P04,624,1244,744,1420,120,176,False
C1_P08_N2_S5_1.JPG,0,C1_P08,1100,292,1272,552,172,260,True
C2_P08_N2_S3_1.JPG,0,C2_P08,104,1384,316,1768,212,384,False
C1_P08_N4_S3_1.JPG,0,C1_P08,1060,920,1304,1348,244,428,True
C1_P05_N2_S4_1.JPG,0,C1_P05,2532,1264,2752,1612,220,348,True
C4_P08_N1_S5_2.JPG,0,C4_P08,520,668,656,872,136,204,False
C4_P07_N3_S3_1.JPG,0,C4_P07,1240,840,1444,1144,204,304,True
C1_P09_N1_S5_2.JPG,0,C1_P09,1672,1024,1836,1276,164,252,False
C3_P03_N2_S3_1.JPG,0,C3_P03,1336,1984,1588,2348,252,364,True
C2_P05_N2_S5_1.JPG,0,C2_P05,1240,1304,1352,1460,112,156,True
C1_P03_N1_S3_2.JPG,0,C1_P03,1596,1528,1772,1752,176,224,False
C1_P12_N2_S4_1.JPG,0,C1_P12,516,288,732,624,216,336,True
C1_P04_N4_S2_1.JPG,0,C1_P04,2400,1044,2648,1440,248,396,True
C3_P04_N2_S3_1.JPG,0,C3_P04,1080,1096,1380,1532,300,436,True
C1_P04_N1_S5_1.JPG,0,C1_P04,852,644,1012,884,160,240,True
C4_P03_N3_S3_2.JPG,0,C4_P03,140,992,332,1280,192,288,True
C1_P02_N3_S2_1.JPG,0,C1_P02,456,608,808,1160,352,552,True
C4_P07_N2_S3_2.JPG,0,C4_P07,1812,1380,1992,1692,180,312,True
C1_P07_N1_S3_2.JPG,0,C1_P07,628,748,828,1028,200,280,False
C4_P04_N3_S3_1.JPG,0,C4_P04,2344,624,2580,960,236,336,True
C4_P06_N2_S3_1.JPG,0,C4_P06,2084,1352,2280,1672,196,320,True
C3_P02_N3_S2_2.JPG,0,C3_P02,3740,572,4024,988,284,416,True
C2_P01_N3_S2_1.JPG,0,C2_P01,2308,272,2480,540,172,268,True
C2_P03_N2_S4_1.JPG,0,C2_P03,488,604,668,908,180,304,True
C1_P11_N1_S3_2.JPG,0,C1_P11,2488,1628,2708,1960,220,332,True
C2_P04_N3_S3_1.JPG,0,C2_P04,288,1088,448,1348,160,260,False
C1_P01_N2_S3_1.JPG,0,C1_P01,944,1788,1256,2284,312,496,True
C2_P03_N3_S3_1.JPG,0,C2_P03,376,724,636,1164,260,440,True
C4_P02_N2_S4_1.JPG,0,C4_P02,656,1696,784,1900,128,204,True
C1_P06_N1_S4_2.JPG,0,C1_P06,668,1464,864,1744,196,280,True
C3_P01_N2_S3_2.JPG,0,C3_P01,1772,312,2000,792,228,480,True
C2_P06_N1_S5_1.JPG,0,C2_P06,1200,96,1328,260,128,164,False
C3_P05_N4_S2_1.JPG,0,C3_P05,2756,1276,2992,1640,236,364,True
C4_P01_N2_S4_1.JPG,0,C4_P01,692,1764,864,2008,172,244,True
C2_P08_N1_S6_2.JPG,0,C2_P08,148,992,256,1156,108,164,False
C1_P12_N1_S2_1.JPG,0,C1_P12,924,536,1220,992,296,456,True
C1_P12_N4_S3_1.JPG,0,C1_P12,1712,1128,2008,1584,296,456,True
C1_P04_N1_S5_1.JPG,0,C1_P04,212,144,360,384,148,240,True
C2_P01_N1_S4_1.JPG,0,C2_P01,1092,584,1212,744,120,160,True
C2_P04_N3_S4_1.JPG,0,C2_P04,756,1424,912,1632,156,208,False
C3_P06_N3_S3_1.JPG,0,C3_P06,1344,332,1628,784,284,452,True
C1_P02_N2_S3_1.JPG,0,C1_P02,2128,1884,2448,2356,320,472,True
C2_P07_N1_S6_2.JPG,0,C2_P07,692,852,796,1004,104,152,False
C1_P03_N1_S4_1.JPG,0,C1_P03,496,260,664,488,168,228,False
C1_P12_N1_S5_1.JPG,0,C1_P12,224,732,396,984,172,252,True
C3_P03_N3_S2_1.JPG,0,C3_P03,2716,1452,2996,1920,280,468,True
C1_P08_N3_S4_2.JPG,0,C1_P08,1876,1972,2080,2284,204,312,True
C4_P07_N1_S4_1.JPG,0,C4_P07,312,1732,512,2004,200,272,True
C2_P01_N1_S5_1.JPG,0,C2_P01,760,624,872,772,112,148,True
C3_P05_N1_S5_1.JPG,0,C3_P05,2088,2092,2236,2324,148,232,True
C3_P04_N2_S3_1.JPG,0,C3_P04,1708,1780,2000,2236,292,456,True
C4_P05_N1_S5_1.JPG,0,C4_P05,1648,1356,1808,1632,160,276,True
C2_P08_N1_S6_2.JPG,0,C2_P08,776,1504,880,1672,104,168,False
C2_P06_N2_S4_1.JPG,0,C2_P06,796,600,976,844,180,244,False
C2_P04_N3_S4_1.JPG,0,C2_P04,960,1032,1140,1288,180,256,False
C2_P09_N1_S7_1.JPG,0,C2_P09,2392,452,2488,588,96,136,False
C3_P06_N1_S4_1.JPG,0,C3_P06,2352,1364,2560,1720,208,356,True
C4_P04_N2_S3_1.JPG,0,C4_P04,1216,200,1448,556,232,356,True
C4_P06_N4_S3_1.JPG,0,C4_P06,1408,780,1600,1100,192,320,True
C2_P02_N1_S4_1.JPG,0,C2_P02,596,644,760,904,164,260,True
C1_P08_N3_S4_1.JPG,0,C1_P08,1020,1432,1268,1768,248,336,True
C1_P08_N3_S3_1.JPG,0,C1_P08,2288,1492,2496,1840,208,348,True
C2_P03_N2_S4_1.JPG,0,C2_P03,132,1452,300,1776,168,324,True
C4_P03_N2_S4_1.JPG,0,C4_P03,1424,1156,1612,1484,188,328,True
C2_P01_N2_S2_1.JPG,0,C2_P01,700,360,880,596,180,236,True
C3_P06_N2_S3_1.JPG,0,C3_P06,2876,448,3112,908,236,460,True
C1_P09_N3_S3_1.JPG,0,C1_P09,1764,812,1956,1068,192,256,False
C4_P07_N1_S3_2.JPG,0,C4_P07,1040,320,1216,648,176,328,True
C1_P12_N4_S3_1.JPG,0,C1_P12,860,1096,1156,1552,296,456,True
C1_P06_N1_S3_1.JPG,0,C1_P06,416,1816,648,2136,232,320,True
C2_P01_N4_S2_1.JPG,0,C2_P01,200,860,376,1108,176,248,True
C1_P08_N1_S4_1.JPG,0,C1_P08,168,700,396,1124,228,424,True
C3_P02_N1_S4_1.JPG,0,C3_P02,248,1512,448,1800,200,288,True
C1_P11_N2_S3_1.JPG,0,C1_P11,2032,864,2240,1200,208,336,True
C2_P04_N1_S4_1.JPG,0,C2_P04,1108,1052,1272,1320,164,268,False
C4_P04_N5_S2_1.JPG,0,C4_P04,1396,156,1632,528,236,372,True
C2_P08_N1_S3_2.JPG,0,C2_P08,56,1344,252,1636,196,292,False
C1_P02_N3_S3_1.JPG,0,C1_P02,1000,1976,1336,2424,336,448,True
C2_P02_N1_S3_1.JPG,0,C2_P02,100,1460,324,1828,224,368,True
C3_P05_N2_S2_1.JPG,0,C3_P05,516,1080,780,1552,264,472,True
C2_P02_N1_S5_1.JPG,0,C2_P02,1044,1756,1152,1920,108,164,True
C3_P07_N2_S4_1.JPG,0,C3_P07,1068,824,1304,1160,236,336,True
C3_P01_N2_S4_1.JPG,0,C3_P01,736,868,928,1184,192,316,True
C4_P08_N3_S3_1.JPG,0,C4_P08,2124,1484,2332,1856,208,372,False
C2_P09_N1_S7_2.JPG,0,C2_P09,648,1344,736,1472,88,128,False
C2_P09_N1_S7_2.JPG,0,C2_P09,1368,380,1460,532,92,152,False
C2_P08_N1_S4_1.JPG,0,C2_P08,664,140,840,380,176,240,False
C1_P02_N1_S2_1.JPG,0,C1_P02,1916,1396,2200,2044,284,648,True
C1_P10_N2_S3_1.JPG,0,C1_P10,2648,84,2916,496,268,412,True
C3_P01_N2_S2_2.JPG,0,C3_P01,1796,1636,2140,2212,344,576,True
C4_P08_N2_S4_1.JPG,0,C4_P08,2512,1196,2720,1480,208,284,False
C1_P05_N1_S4_3.JPG,0,C1_P05,2908,1440,3124,1792,216,352,True
C3_P06_N4_S3_1.JPG,0,C3_P06,3612,1136,3896,1612,284,476,True
C1_P11_N1_S4_1.JPG,0,C1_P11,1440,808,1708,1156,268,348,True
C3_P05_N4_S2_1.JPG,0,C3_P05,1412,1300,1676,1676,264,376,True
C3_P06_N2_S3_1.JPG,0,C3_P06,932,1704,1152,2056,220,352,True
C2_P05_N1_S4_1.JPG,0,C2_P05,368,1112,524,1328,156,216,True
C2_P02_N2_S4_1.JPG,0,C2_P02,1112,280,1264,516,152,236,True
C3_P04_N3_S2_1.JPG,0,C3_P04,2084,588,2492,1200,408,612,True
C1_P12_N1_S4_1.JPG,0,C1_P12,1188,1976,1404,2324,216,348,True
C3_P03_N1_S3_1.JPG,0,C3_P03,3720,308,3976,652,256,344,True
C1_P03_N1_S4_2.JPG,0,C1_P03,1668,680,1800,860,132,180,False
C1_P05_N3_S4_1.JPG,0,C1_P05,2484,1932,2692,2280,208,348,True
C4_P06_N1_S4_1.JPG,0,C4_P06,1240,1296,1456,1620,216,324,True
C2_P05_N3_S3_2.JPG,0,C2_P05,592,1152,752,1412,160,260,True
C1_P11_N1_S5_1.JPG,0,C1_P11,904,764,1096,1020,192,256,True
C2_P04_N1_S2_1.JPG,0,C2_P04,920,828,1096,1104,176,276,False
C2_P03_N2_S2_1.JPG,0,C2_P03,152,288,472,832,320,544,True
C1_P10_N3_S2_2.JPG,0,C1_P10,1672,1292,1936,1696,264,404,True
C2_P06_N1_S3_1.JPG,0,C2_P06,2080,712,2256,956,176,244,False
C3_P05_N2_S2_1.JPG,0,C3_P05,2540,472,2796,856,256,384,True
C2_P08_N1_S4_1.JPG,0,C2_P08,76,88,224,360,148,272,False
C4_P08_N1_S5_2.JPG,0,C4_P08,240,1044,376,1248,136,204,False
C4_P04_N1_S4_1.JPG,0,C4_P04,2232,328,2440,640,208,312,True
C2_P01_N1_S5_1.JPG,0,C2_P01,1372,1632,1476,1792,104,160,True
C2_P01_N1_S2_1.JPG,0,C2_P01,1500,252,1668,476,168,224,True
C2_P05_N2_S4_1.JPG,0,C2_P05,24,116,192,344,168,228,True
C1_P02_N1_S5_1.JPG,0,C1_P02,1584,1104,1728,1404,144,300,True
C1_P04_N2_S3_1.JPG,0,C1_P04,1968,396,2172,744,204,348,True
C1_P04_N1_S4_1.JPG,0,C1_P04,2220,1360,2424,1692,204,332,True
C3_P03_N3_S2_1.JPG,0,C3_P03,1824,1504,2104,1928,280,424,True
C3_P06_N3_S4_2.JPG,0,C3_P06,1152,1932,1368,2244,216,312,True
C2_P08_N1_S6_2.JPG,0,C2_P08,892,436,1000,600,108,164,False
C1_P06_N1_S4_2.JPG,0,C1_P06,2576,272,2772,552,196,280,True
C3_P03_N1_S5_1.JPG,0,C3_P03,1216,2140,1368,2416,152,276,True
C2_P02_N2_S4_1.JPG,0,C2_P02,1532,1492,1696,1756,164,264,True
C1_P05_N1_S3_1.JPG,0,C1_P05,2284,1268,2520,1580,236,312,True
C3_P03_N1_S4_1.JPG,0,C3_P03,1736,2104,1956,2424,220,320,True
C4_P05_N3_S2_1.JPG,0,C4_P05,888,744,1084,1092,196,348,True
C3_P06_N1_S5_1.JPG,0,C3_P06,2328,1552,2484,1880,156,328,True
C3_P06_N1_S5_1.JPG,0,C3_P06,1684,104,1876,388,192,284,True
C4_P08_N3_S3_2.JPG,0,C4_P08,832,1036,1032,1356,200,320,False
C2_P09_N1_S7_2.JPG,0,C2_P09,824,856,928,1020,104,164,False
C1_P11_N1_S5_1.JPG,0,C1_P11,760,1612,928,1892,168,280,True
C1_P04_N1_S3_2.JPG,0,C1_P04,1256,1676,1484,2012,228,336,True
C1_P01_N2_S3_1.JPG,0,C1_P01,960,152,1272,644,312,492,True
C1_P06_N2_S3_1.JPG,0,C1_P06,2420,432,2636,752,216,320,True
C1_P08_N4_S4_1.JPG,0,C1_P08,1256,292,1496,704,240,412,True
C1_P11_N2_S4_3.JPG,0,C1_P11,2616,1292,2796,1560,180,268,True
C2_P01_N4_S2_1.JPG,0,C2_P01,2100,292,2276,544,176,252,True
C2_P05_N3_S3_2.JPG,0,C2_P05,776,1180,936,1424,160,244,True
C2_P02_N1_S2_1.JPG,0,C2_P02,2160,528,2376,844,216,316,True
C1_P12_N1_S3_1.JPG,0,C1_P12,1528,1784,1816,2228,288,444,True
C1_P09_N2_S4_1.JPG,0,C1_P09,680,76,872,348,192,272,False
C2_P01_N2_S3_2.JPG,0,C2_P01,1680,764,1836,968,156,204,True
C3_P05_N1_S5_1.JPG,0,C3_P05,1744,180,1912,448,168,268,True
C3_P01_N4_S3_1.JPG,0,C3_P01,944,1024,1192,1468,248,444,True
C4_P07_N1_S5_1.JPG,0,C4_P07,1884,1356,2040,1604,156,248,True
C2_P08_N1_S6_1.JPG,0,C2_P08,768,1456,872,1608,104,152,False
C1_P10_N2_S4_1.JPG,0,C1_P10,172,1944,360,2200,188,256,True
C3_P06_N4_S3_1.JPG,0,C3_P06,1504,432,1800,928,296,496,True
C4_P05_N1_S2_1.JPG,0,C4_P05,1304,404,1492,672,188,268,True
C1_P02_N1_S4_1.JPG,0,C1_P02,2272,1356,2452,1740,180,384,True
C2_P08_N2_S4_1.JPG,0,C2_P08,1280,128,1412,368,132,240,False
C1_P08_N3_S3_1.JPG,0,C1_P08,2896,1484,3104,1808,208,324,True
C3_P02_N2_S4_1.JPG,0,C3_P02,1312,2056,1516,2360,204,304,True
C2_P08_N1_S3_2.JPG,0,C2_P08,444,1340,640,1632,196,292,False
C2_P06_N1_S5_1.JPG,0,C2_P06,780,1176,912,1344,132,168,False
C2_P05_N2_S2_1.JPG,0,C2_P05,500,52,720,352,220,300,True
C1_P05_N1_S4_3.JPG,0,C1_P05,2696,264,2904,612,208,348,True
C2_P02_N3_S3_1.JPG,0,C2_P02,2076,752,2284,1060,208,308,True
C1_P06_N3_S3_1.JPG,0,C1_P06,2284,1456,2496,1832,212,376,True
C3_P07_N3_S2_1.JPG,0,C3_P07,2112,1492,2424,1928,312,436,True
C1_P06_N1_S5_1.JPG,0,C1_P06,340,2144,484,2380,144,236,True
C3_P05_N2_S2_1.JPG,0,C3_P05,3000,1132,3252,1556,252,424,True
C1_P10_N3_S2_2.JPG,0,C1_P10,2804,1328,3100,1768,296,440,True
C1_P01_N1_S5_1.JPG,0,C1_P01,480,1580,688,1912,208,332,True
C1_P05_N1_S4_3.JPG,0,C1_P05,2268,272,2476,620,208,348,True
C4_P02_N3_S2_1.JPG,0,C4_P02,836,1036,1008,1284,172,248,True
C2_P02_N1_S5_1.JPG,0,C2_P02,944,608,1060,788,116,180,True
C1_P06_N1_S3_2.JPG,0,C1_P06,2616,1728,2824,2032,208,304,True
C1_P08_N4_S3_1.JPG,0,C1_P08,1692,900,1960,1288,268,388,True
C2_P02_N1_S5_1.JPG,0,C2_P02,492,276,608,476,116,200,True
C2_P04_N2_S3_1.JPG,0,C2_P04,356,636,544,896,188,260,False
C2_P06_N3_S3_1.JPG,0,C2_P06,1084,1056,1248,1292,164,236,False
C3_P05_N1_S4_1.JPG,0,C3_P05,1904,1988,2100,2268,196,280,True
C3_P02_N3_S2_1.JPG,0,C3_P02,2964,596,3264,992,300,396,True
C2_P09_N1_S7_1.JPG,0,C2_P09,1000,116,1100,276,100,160,False
C2_P04_N1_S5_1.JPG,0,C2_P04,1428,916,1548,1112,120,196,False
C1_P09_N4_S4_1.JPG,0,C1_P09,876,108,1072,432,196,324,False
C3_P01_N4_S2_1.JPG,0,C3_P01,248,260,612,932,364,672,True
C3_P03_N1_S5_1.JPG,0,C3_P03,1848,2168,2000,2400,152,232,True
C3_P03_N1_S5_1.JPG,0,C3_P03,1204,1664,1356,1896,152,232,True
C3_P06_N1_S3_2.JPG,0,C3_P06,2232,1008,2452,1444,220,436,True
C2_P04_N3_S3_1.JPG,0,C2_P04,2112,240,2308,532,196,292,False
C1_P06_N2_S3_3.JPG,0,C1_P06,1936,412,2156,740,220,328,True
C1_P07_N2_S3_3.JPG,0,C1_P07,1276,1652,1484,1940,208,288,False
C2_P01_N1_S2_1.JPG,0,C2_P01,408,224,576,448,168,224,True
C3_P01_N1_S5_1.JPG,0,C3_P01,576,2112,708,2380,132,268,True
C1_P05_N4_S3_1.JPG,0,C1_P05,2044,1476,2260,1840,216,364,True
C3_P07_N3_S3_1.JPG,0,C3_P07,2560,2000,2820,2332,260,332,True
C1_P12_N3_S4_1.JPG,0,C1_P12,284,1476,500,1808,216,332,True
C2_P01_N1_S5_1.JPG,0,C2_P01,1432,620,1544,768,112,148,True
C3_P05_N1_S2_1.JPG,0,C3_P05,2188,1264,2420,1624,232,360,True
C4_P05_N1_S2_1.JPG,0,C4_P05,2276,1004,2500,1324,224,320,True
C1_P08_N2_S5_1.JPG,0,C1_P08,1708,1564,1868,1820,160,256,True
C2_P06_N3_S4_1.JPG,0,C2_P06,1900,588,2080,876,180,288,False
C1_P02_N3_S3_1.JPG,0,C1_P02,256,172,588,688,332,516,True
C4_P04_N3_S3_1.JPG,0,C4_P04,784,100,1008,464,224,364,True
C1_P05_N1_S4_3.JPG,0,C1_P05,376,2048,612,2416,236,368,True
C4_P05_N3_S3_1.JPG,0,C4_P05,1528,1252,1716,1604,188,352,True
C1_P02_N2_S4_1.JPG,0,C1_P02,1552,756,1736,1132,184,376,True
C3_P02_N3_S2_1.JPG,0,C3_P02,2312,504,2620,1000,308,496,True
C1_P12_N1_S5_1.JPG,0,C1_P12,400,1668,572,1948,172,280,True
C2_P02_N2_S4_1.JPG,0,C2_P02,1664,1496,1828,1760,164,264,True
C4_P02_N1_S3_1.JPG,0,C4_P02,1160,224,1328,452,168,228,True
C1_P10_N2_S2_1.JPG,0,C1_P10,2968,240,3256,724,288,484,True
C3_P01_N4_S3_1.JPG,0,C3_P01,164,1000,452,1484,288,484,True
C2_P02_N3_S3_1.JPG,0,C2_P02,1956,200,2176,520,220,320,True
C4_P08_N2_S3_1.JPG,0,C4_P08,136,1304,368,1664,232,360,False
C1_P03_N2_S3_2.JPG,0,C1_P03,1480,1056,1676,1324,196,268,False
C3_P06_N3_S3_1.JPG,0,C3_P06,1732,1024,1988,1468,256,444,True
C2_P07_N1_S6_1.JPG,0,C2_P07,552,1452,652,1600,100,148,False
C2_P01_N2_S3_2.JPG,0,C2_P01,796,280,956,468,160,188,True
C1_P11_N1_S5_1.JPG,0,C1_P11,2052,772,2220,1008,168,236,True
C1_P03_N1_S3_2.JPG,0,C1_P03,2464,1552,2640,1816,176,264,False
C2_P05_N1_S3_1.JPG,0,C2_P05,1764,772,1936,1024,172,252,True
C2_P04_N1_S3_1.JPG,0,C2_P04,2124,264,2284,504,160,240,False
C4_P04_N2_S4_1.JPG,0,C4_P04,808,552,1016,856,208,304,True
C1_P09_N2_S4_1.JPG,0,C1_P09,852,1236,1048,1508,196,272,False
C4_P06_N2_S3_1.JPG,0,C4_P06,1944,316,2144,592,200,276,True
C1_P08_N2_S5_1.JPG,0,C1_P08,2756,736,2912,1024,156,288,True
C2_P03_N1_S3_1.JPG,0,C2_P03,1884,248,2092,612,208,364,True
C4_P08_N2_S3_1.JPG,0,C4_P08,1232,700,1464,1060,232,360,False
C1_P08_N1_S4_1.JPG,0,C1_P08,236,72,484,472,248,400,True
C2_P04_N3_S2_1.JPG,0,C2_P04,1364,232,1552,508,188,276,False
C4_P06_N4_S3_1.JPG,0,C4_P06,2408,768,2604,1072,196,304,True
C2_P02_N1_S4_1.JPG,0,C2_P02,400,1540,580,1792,180,252,True
C4_P07_N1_S4_1.JPG,0,C4_P07,1260,28,1444,344,184,316,True
C1_P04_N2_S4_1.JPG,0,C1_P04,860,2004,1076,2356,216,352,True
C1_P06_N2_S3_2.JPG,0,C1_P06,2928,780,3156,1108,228,328,True
C1_P01_N2_S4_1.JPG,0,C1_P01,684,1372,944,1776,260,404,True
C4_P02_N2_S4_1.JPG,0,C4_P02,2116,1220,2280,1444,164,224,True
C1_P03_N1_S4_2.JPG,0,C1_P03,1060,1148,1200,1336,140,188,False
C4_P06_N2_S3_1.JPG,0,C4_P06,544,1328,736,1664,192,336,True
C1_P08_N2_S3_1.JPG,0,C1_P08,412,1548,652,1956,240,408,True
C1_P02_N2_S3_1.JPG,0,C1_P02,2568,224,2804,732,236,508,True
C4_P08_N1_S4_1.JPG,0,C4_P08,2180,1220,2380,1504,200,284,False
C2_P06_N1_S5_1.JPG,0,C2_P06,892,456,1020,620,128,164,False
C2_P06_N1_S5_1.JPG,0,C2_P06,1448,1124,1576,1312,128,188,False
C1_P09_N4_S4_1.JPG,0,C1_P09,1068,108,1264,432,196,324,False
C4_P02_N4_S2_1.JPG,0,C4_P02,0,1172,200,1484,200,312,True
C1_P02_N1_S5_1.JPG,0,C1_P02,1128,124,1308,436,180,312,True
C1_P12_N3_S3_1.JPG,0,C1_P12,1372,324,1636,712,264,388,True
C4_P08_N1_S3_1.JPG,0,C4_P08,564,1576,788,1888,224,312,False
C1_P10_N3_S2_1.JPG,0,C1_P10,2240,484,2520,892,280,408,True
C3_P03_N1_S3_1.JPG,0,C3_P03,3208,300,3464,644,256,344,True
C3_P03_N3_S3_1.JPG,0,C3_P03,48,984,320,1404,272,420,True
C2_P08_N2_S3_2.JPG,0,C2_P08,420,764,616,1068,196,304,False
C1_P05_N4_S3_1.JPG,0,C1_P05,1372,244,1584,604,212,360,True
C2_P04_N1_S5_1.JPG,0,C2_P04,1336,592,1456,768,120,176,False
C1_P04_N1_S5_1.JPG,0,C1_P04,1176,2128,1348,2408,172,280,True
C2_P01_N2_S2_1.JPG,0,C2_P01,2088,352,2268,588,180,236,True
C1_P10_N1_S5_1.JPG,0,C1_P10,848,2008,1004,2288,156,280,True
C2_P01_N1_S3_1.JPG,0,C2_P01,1280,764,1416,936,136,172,True
C1_P08_N2_S5_1.JPG,0,C1_P08,2720,1980,2880,2260,160,280,True
C1_P04_N1_S5_2.JPG,0,C1_P04,920,1644,1048,1888,128,244,True
C1_P09_N2_S6_1.JPG,0,C1_P09,1668,72,1836,380,168,308,False
C2_P01_N3_S2_1.JPG,0,C2_P01,1560,864,1736,1104,176,240,True
C1_P08_N2_S4_2.JPG,0,C1_P08,744,2064,944,2392,200,328,True
C2_P06_N1_S3_1.JPG,0,C2_P06,848,140,1044,384,196,244,False
C1_P08_N2_S4_1.JPG,0,C1_P08,1908,800,2156,1152,248,352,True
C1_P11_N2_S4_1.JPG,0,C1_P11,2040,336,2268,672,228,336,True
C4_P02_N3_S2_1.JPG,0,C4_P02,8,1012,160,1264,152,252,True
C4_P08_N2_S4_1.JPG,0,C4_P08,512,1180,728,1480,216,300,False
C1_P05_N2_S3_1.JPG,0,C1_P05,1644,1536,1876,1896,232,360,True
C2_P09_N1_S7_2.JPG,0,C2_P09,740,1104,844,1244,104,140,False
C2_P06_N3_S4_1.JPG,0,C2_P06,184,44,356,292,172,248,False
C1_P04_N2_S4_1.JPG,0,C1_P04,1652,1424,1840,1776,188,352,True
C1_P09_N1_S5_1.JPG,0,C1_P09,1948,520,2124,804,176,284,False
C1_P03_N1_S3_2.JPG,0,C1_P03,1768,280,1944,500,176,220,False
C2_P07_N1_S4_1.JPG,0,C2_P07,456,988,612,1240,156,252,False
C2_P06_N1_S3_1.JPG,0,C2_P06,996,152,1192,396,196,244,False
C2_P07_N2_S4_1.JPG,0,C2_P07,132,924,288,1148,156,224,False
C2_P09_N1_S7_2.JPG,0,C2_P09,1912,636,2004,796,92,160,False
C1_P03_N1_S2_2.JPG,0,C1_P03,2412,1012,2632,1312,220,300,False
C3_P06_N2_S3_1.JPG,0,C3_P06,2064,456,2300,892,236,436,True
C1_P08_N2_S5_1.JPG,0,C1_P08,1400,1996,1560,2276,160,280,True
C1_P06_N3_S3_2.JPG,0,C1_P06,2828,1104,3060,1476,232,372,True
C2_P01_N2_S3_2.JPG,0,C2_P01,1336,1244,1476,1464,140,220,True
C2_P09_N1_S7_1.JPG,0,C2_P09,1888,1664,1968,1796,80,132,False
C1_P08_N4_S3_1.JPG,0,C1_P08,340,284,588,680,248,396,True
C4_P07_N1_S5_1.JPG,0,C4_P07,1480,1792,1636,2040,156,248,True
C3_P07_N2_S2_1.JPG,0,C3_P07,1216,1480,1528,1944,312,464,True
C3_P01_N1_S5_1.JPG,0,C3_P01,128,2108,288,2360,160,252,True
C4_P06_N1_S4_1.JPG,0,C4_P06,1024,1304,1240,1628,216,324,True
C3_P04_N3_S2_1.JPG,0,C3_P04,3404,600,3812,1204,408,604,True
C1_P11_N2_S4_1.JPG,0,C1_P11,2248,1460,2424,1812,176,352,True
C1_P10_N1_S5_1.JPG,0,C1_P10,1416,92,1580,348,164,256,True
C4_P08_N1_S5_1.JPG,0,C4_P08,1556,1072,1688,1268,132,196,False
C1_P11_N2_S4_3.JPG,0,C1_P11,488,1864,668,2192,180,328,True
C2_P09_N1_S7_1.JPG,0,C2_P09,348,660,448,816,100,156,False
C4_P04_N2_S4_1.JPG,0,C4_P04,2020,992,2232,1292,212,300,True
C3_P06_N3_S4_1.JPG,0,C3_P06,3612,44,3864,524,252,480,True
C1_P09_N3_S4_1.JPG,0,C1_P09,1204,896,1392,1184,188,288,False
C1_P11_N2_S4_2.JPG,0,C1_P11,2080,1292,2308,1624,228,332,True
C2_P04_N1_S4_1.JPG,0,C2_P04,1256,1084,1428,1332,172,248,False
C4_P01_N2_S2_1.JPG,0,C4_P01,2516,348,2728,648,212,300,True
C2_P08_N3_S3_1.JPG,0,C2_P08,968,252,1220,616,252,364,False
C4_P02_N4_S3_1.JPG,0,C4_P02,936,1520,1092,1720,156,200,True
C1_P09_N4_S3_1.JPG,0,C1_P09,1116,448,1280,692,164,244,False
C2_P06_N3_S3_1.JPG,0,C2_P06,1332,128,1508,360,176,232,False
C4_P08_N3_S3_1.JPG,0,C4_P08,2584,1536,2792,1848,208,312,False
C3_P06_N3_S4_1.JPG,0,C3_P06,3480,744,3732,1176,252,432,True
C3_P02_N2_S4_1.JPG,0,C3_P02,24,860,224,1140,200,280,True
C1_P06_N1_S4_2.JPG,0,C1_P06,1320,2040,1552,2356,232,316,True
C1_P02_N2_S4_1.JPG,0,C1_P02,1796,1960,2016,2384,220,424,True
C2_P01_N2_S2_1.JPG,0,C2_P01,1580,360,1760,596,180,236,True
C3_P02_N3_S3_1.JPG,0,C3_P02,1956,1848,2204,2224,248,376,True
C4_P05_N1_S2_1.JPG,0,C4_P05,288,980,472,1316,184,336,True
C2_P08_N2_S3_2.JPG,0,C2_P08,836,240,1020,552,184,312,False
C1_P02_N1_S4_1.JPG,0,C1_P02,676,44,912,436,236,392,True
C4_P08_N1_S4_1.JPG,0,C4_P08,1444,1704,1636,2036,192,332,False
C4_P08_N1_S5_1.JPG,0,C4_P08,264,672,396,884,132,212,False
C1_P01_N3_S3_1.JPG,0,C1_P01,1884,336,2208,828,324,492,True
C1_P02_N2_S3_1.JPG,0,C1_P02,300,116,624,640,324,524,True
C4_P04_N2_S2_1.JPG,0,C4_P04,460,172,696,548,236,376,True
C3_P05_N2_S4_1.JPG,0,C3_P05,1400,140,1616,464,216,324,True
C1_P03_N1_S4_2.JPG,0,C1_P03,224,1572,356,1800,132,228,False
C3_P02_N4_S2_1.JPG,0,C3_P02,3652,496,3964,988,312,492,True
C1_P12_N3_S4_1.JPG,0,C1_P12,700,1500,916,1832,216,332,True
C2_P01_N2_S3_1.JPG,0,C2_P01,1844,964,2020,1220,176,256,True
C4_P03_N2_S3_2.JPG,0,C4_P03,1144,1440,1336,1772,192,332,True
C3_P04_N1_S5_1.JPG,0,C3_P04,1472,1064,1644,1316,172,252,True
C4_P01_N2_S4_1.JPG,0,C4_P01,492,1208,664,1464,172,256,True
C2_P07_N1_S6_2.JPG,0,C2_P07,160,1300,264,1464,104,164,False
C1_P09_N3_S3_1.JPG,0,C1_P09,336,80,512,376,176,296,False
C3_P05_N2_S4_1.JPG,0,C3_P05,2448,1348,2648,1652,200,304,True
C2_P01_N1_S5_1.JPG,0,C2_P01,324,964,436,1120,112,156,True
C1_P11_N1_S5_1.JPG,0,C1_P11,1200,1628,1368,1880,168,252,True
C1_P06_N1_S5_1.JPG,0,C1_P06,1332,1624,1476,1836,144,212,True
C3_P03_N1_S5_1.JPG,0,C3_P03,1684,2164,1836,2396,152,232,True
C1_P08_N2_S4_2.JPG,0,C1_P08,956,388,1172,732,216,344,True
C4_P07_N1_S5_1.JPG,0,C4_P07,1488,1372,1636,1616,148,244,True
C4_P01_N3_S3_1.JPG,0,C4_P01,624,1024,804,1292,180,268,True
C2_P07_N1_S6_2.JPG,0,C2_P07,700,340,804,492,104,152,False
C4_P04_N2_S4_1.JPG,0,C4_P04,1812,88,2020,432,208,344,True
C2_P03_N2_S4_1.JPG,0,C2_P03,476,112,688,424,212,312,True
C3_P06_N3_S4_2.JPG,0,C3_P06,2956,1424,3172,1788,216,364,True
C3_P04_N2_S4_1.JPG,0,C3_P04,868,632,1064,1024,196,392,True
C3_P01_N1_S2_2.JPG,0,C3_P01,580,512,960,1076,380,564,True
C4_P03_N3_S3_1.JPG,0,C4_P03,736,1544,944,1812,208,268,True
C3_P06_N1_S5_1.JPG,0,C3_P06,2700,72,2880,364,180,292,True
C3_P02_N3_S2_1.JPG,0,C3_P02,664,540,988,980,324,440,True
C1_P02_N1_S4_1.JPG,0,C1_P02,1536,2020,1776,2404,240,384,True
C3_P03_N2_S3_1.JPG,0,C3_P03,1848,1988,2084,2340,236,352,True
C4_P02_N1_S3_1.JPG,0,C4_P02,1868,1520,2040,1776,172,256,True
C1_P11_N2_S4_2.JPG,0,C1_P11,1532,96,1740,440,208,344,True
C2_P03_N4_S2_1.JPG,0,C2_P03,800,1088,1116,1556,316,468,True
C2_P05_N1_S4_1.JPG,0,C2_P05,220,664,376,884,156,220,True
C4_P08_N1_S5_2.JPG,0,C4_P08,1708,1420,1844,1632,136,212,False
C3_P05_N1_S5_1.JPG,0,C3_P05,2604,224,2784,492,180,268,True
C2_P01_N3_S2_1.JPG,0,C2_P01,348,276,536,520,188,244,True
C1_P04_N2_S4_1.JPG,0,C1_P04,1236,156,1428,524,192,368,True
C1_P05_N2_S4_2.JPG,0,C1_P05,2220,1412,2436,1760,216,348,True
C3_P07_N3_S3_1.JPG,0,C3_P07,380,1944,692,2264,312,320,True
C2_P02_N1_S4_1.JPG,0,C2_P02,1340,292,1508,528,168,236,True
C3_P07_N1_S5_1.JPG,0,C3_P07,1620,1688,1788,1928,168,240,True
C2_P02_N1_S4_1.JPG,0,C2_P02,232,1544,412,1796,180,252,True
C3_P02_N4_S2_1.JPG,0,C3_P02,1048,1316,1360,1796,312,480,True
C4_P08_N1_S3_1.JPG,0,C4_P08,644,404,864,716,220,312,False
C2_P08_N3_S3_2.JPG,0,C2_P08,32,1208,212,1488,180,280,False
C1_P05_N1_S4_3.JPG,0,C1_P05,2472,284,2680,632,208,348,True
C3_P06_N1_S3_1.JPG,0,C3_P06,1484,1764,1700,2140,216,376,True
C4_P08_N2_S3_1.JPG,0,C4_P08,1912,1324,2112,1660,200,336,False
C2_P07_N2_S3_1.JPG,0,C2_P07,192,1172,384,1452,192,280,False
C1_P05_N1_S4_2.JPG,0,C1_P05,2500,1916,2716,2284,216,368,True
C1_P09_N1_S5_1.JPG,0,C1_P09,668,1656,852,1940,184,284,False
C4_P02_N1_S3_2.JPG,0,C4_P02,2504,1508,2688,1788,184,280,True
C1_P04_N1_S3_2.JPG,0,C1_P04,1260,976,1484,1308,224,332,True
C2_P01_N3_S2_1.JPG,0,C2_P01,1012,280,1200,524,188,244,True
C2_P06_N2_S3_1.JPG,0,C2_P06,996,684,1192,924,196,240,False
C2_P01_N2_S4_1.JPG,0,C2_P01,672,272,792,432,120,160,True
C1_P03_N1_S3_2.JPG,0,C1_P03,2472,236,2628,504,156,268,False
C4_P07_N1_S3_2.JPG,0,C4_P07,460,344,652,624,192,280,True
C3_P06_N1_S3_1.JPG,0,C3_P06,2956,520,3176,864,220,344,True
C2_P05_N1_S5_1.JPG,0,C2_P05,584,1576,708,1760,124,184,True
C1_P12_N2_S4_1.JPG,0,C1_P12,112,2016,296,2368,184,352,True
C3_P02_N1_S3_1.JPG,0,C3_P02,564,336,820,708,256,372,True
C4_P07_N3_S3_1.JPG,0,C4_P07,684,288,864,592,180,304,True
C4_P03_N2_S4_1.JPG,0,C4_P03,1072,1728,1240,2020,168,292,True
C4_P05_N2_S3_1.JPG,0,C4_P05,500,900,692,1240,192,340,True
C3_P03_N3_S3_1.JPG,0,C3_P03,2532,1816,2760,2152,228,336,True
C2_P06_N2_S4_1.JPG,0,C2_P06,1988,1512,2144,1740,156,228,False
C4_P08_N1_S5_1.JPG,0,C4_P08,1432,1408,1564,1624,132,216,False
C1_P10_N2_S4_1.JPG,0,C1_P10,1688,900,1876,1156,188,256,True
C3_P03_N4_S2_1.JPG,0,C3_P03,228,1180,508,1704,280,524,True
C3_P01_N1_S3_1.JPG,0,C3_P01,744,1848,1028,2236,284,388,True
C1_P04_N1_S3_1.JPG,0,C1_P04,1888,1912,2140,2316,252,404,True
C4_P05_N5_S2_1.JPG,0,C4_P05,1540,792,1748,1164,208,372,True
C3_P04_N1_S5_1.JPG,0,C3_P04,540,1488,712,1736,172,248,True
C2_P07_N2_S4_1.JPG,0,C2_P07,456,1312,608,1556,152,244,False
C2_P08_N2_S4_1.JPG,0,C2_P08,976,128,1136,368,160,240,False
C4_P07_N1_S3_2.JPG,0,C4_P07,2132,1456,2312,1744,180,288,True
C1_P02_N1_S5_1.JPG,0,C1_P02,1088,616,1236,920,148,304,True
C3_P05_N1_S4_1.JPG,0,C3_P05,2824,1508,2988,1800,164,292,True
C1_P06_N1_S5_1.JPG,0,C1_P06,1540,676,1696,892,156,216,True
C2_P07_N2_S3_1.JPG,0,C2_P07,1472,680,1664,960,192,280,False
C2_P06_N2_S4_2.JPG,0,C2_P06,1516,964,1660,1160,144,196,False
C1_P04_N1_S4_1.JPG,0,C1_P04,1620,732,1820,1044,200,312,True
C4_P03_N2_S3_1.JPG,0,C4_P03,1188,1256,1368,1596,180,340,True
C4_P05_N4_S2_1.JPG,0,C4_P05,120,224,308,500,188,276,True
C3_P01_N1_S3_1.JPG,0,C3_P01,252,1856,536,2244,284,388,True
C1_P04_N4_S2_1.JPG,0,C1_P04,420,1008,668,1436,248,428,True
C2_P09_N1_S7_1.JPG,0,C2_P09,996,912,1096,1068,100,156,False
C3_P02_N1_S4_1.JPG,0,C3_P02,1500,2156,1700,2431,200,275,True
C4_P07_N2_S3_2.JPG,0,C4_P07,1816,300,2008,632,192,332,True
C2_P04_N2_S4_1.JPG,0,C2_P04,604,1444,776,1696,172,252,False
C3_P07_N1_S6_1.JPG,0,C3_P07,1756,1240,1972,1564,216,324,True
C2_P09_N1_S7_2.JPG,0,C2_P09,476,1324,564,1476,88,152,False
C4_P08_N3_S3_1.JPG,0,C4_P08,1748,928,1980,1240,232,312,False
C4_P04_N3_S3_1.JPG,0,C4_P04,312,564,548,952,236,388,True
C2_P01_N2_S4_1.JPG,0,C2_P01,76,264,192,436,116,172,True
C1_P06_N3_S3_1.JPG,0,C1_P06,1216,1492,1460,1832,244,340,True
C1_P05_N1_S5_1.JPG,0,C1_P05,316,1132,500,1444,184,312,True
C2_P05_N2_S3_2.JPG,0,C2_P05,1564,1292,1748,1564,184,272,True
C3_P03_N2_S4_1.JPG,0,C3_P03,1384,2020,1568,2320,184,300,True
C1_P05_N3_S3_1.JPG,0,C1_P05,2744,912,2980,1264,236,352,True
C1_P03_N1_S3_2.JPG,0,C1_P03,1440,276,1616,496,176,220,False
C4_P08_N1_S5_2.JPG,0,C4_P08,1412,1764,1548,1980,136,216,False
C4_P05_N3_S3_1.JPG,0,C4_P05,708,744,912,1076,204,332,True
C4_P07_N1_S4_2.JPG,0,C4_P07,1476,1652,1648,1912,172,260,True
C1_P04_N4_S2_1.JPG,0,C1_P04,1900,268,2136,692,236,424,True
C2_P05_N1_S5_1.JPG,0,C2_P05,204,528,332,704,128,176,True
C1_P04_N1_S5_1.JPG,0,C1_P04,232,648,392,888,160,240,True
C1_P06_N1_S4_2.JPG,0,C1_P06,472,2068,664,2376,192,308,True
C4_P05_N2_S2_1.JPG,0,C4_P05,1944,296,2164,632,220,336,True
C4_P05_N1_S3_1.JPG,0,C4_P05,384,380,568,648,184,268,True
C2_P08_N1_S3_2.JPG,0,C2_P08,1572,1324,1768,1616,196,292,False
C2_P06_N3_S4_1.JPG,0,C2_P06,644,1516,804,1760,160,244,False
C1_P12_N1_S4_1.JPG,0,C1_P12,108,200,324,496,216,296,True
C1_P05_N2_S4_1.JPG,0,C1_P05,2336,36,2556,372,220,336,True
C3_P02_N1_S5_1.JPG,0,C3_P02,1088,2060,1252,2308,164,248,True
C1_P04_N2_S4_1.JPG,0,C1_P04,488,2048,700,2364,212,316,True
C1_P08_N2_S5_1.JPG,0,C1_P08,944,1164,1112,1432,168,268,True
C2_P03_N2_S2_1.JPG,0,C2_P03,768,292,1088,836,320,544,True
C3_P04_N2_S3_1.JPG,0,C3_P04,2372,1112,2676,1532,304,420,True
C1_P12_N3_S4_1.JPG,0,C1_P12,1184,308,1412,660,228,352,True
C2_P08_N1_S6_1.JPG,0,C2_P08,144,356,264,536,120,180,False
C4_P02_N2_S4_1.JPG,0,C4_P02,2268,1196,2408,1440,140,244,True
C3_P02_N3_S2_2.JPG,0,C3_P02,2300,1492,2588,1904,288,412,True
C2_P07_N2_S2_1.JPG,0,C2_P07,436,280,672,728,236,448,False
C1_P02_N1_S4_1.JPG,0,C1_P02,2200,2008,2432,2392,232,384,True
C1_P04_N1_S4_1.JPG,0,C1_P04,1200,2004,1412,2324,212,320,True
C3_P07_N2_S4_1.JPG,0,C3_P07,2596,172,2824,508,228,336,True
C4_P05_N2_S4_1.JPG,0,C4_P05,404,1180,588,1472,184,292,True
C1_P02_N1_S5_1.JPG,0,C1_P02,696,1100,880,1396,184,296,True
C3_P03_N3_S2_1.JPG,0,C3_P03,3612,472,3892,956,280,484,True
C1_P12_N2_S5_1.JPG,0,C1_P12,392,2092,556,2352,164,260,True
C2_P09_N1_S7_2.JPG,0,C2_P09,1632,1116,1724,1252,92,136,False
C2_P09_N1_S7_2.JPG,0,C2_P09,1992,884,2084,1032,92,148,False
C4_P07_N1_S4_1.JPG,0,C4_P07,2308,1160,2500,1452,192,292,True
C1_P05_N3_S3_1.JPG,0,C1_P05,2712,1524,2948,1896,236,372,True
C1_P10_N1_S5_1.JPG,0,C1_P10,1452,564,1596,820,144,256,True
C4_P06_N4_S3_1.JPG,0,C4_P06,444,792,636,1080,192,288,True
C3_P06_N4_S3_1.JPG,0,C3_P06,3824,1832,4156,2288,332,456,True
C1_P05_N1_S4_2.JPG,0,C1_P05,1444,76,1668,424,224,348,True
C1_P11_N2_S4_3.JPG,0,C1_P11,1496,1800,1676,2136,180,336,True
C3_P02_N3_S3_1.JPG,0,C3_P02,2856,312,3120,752,264,440,True
C1_P09_N4_S4_1.JPG,0,C1_P09,716,516,912,792,196,276,False
C2_P08_N1_S3_2.JPG,0,C2_P08,624,1348,820,1640,196,292,False
C4_P05_N1_S3_1.JPG,0,C4_P05,1296,1460,1492,1764,196,304,True
C4_P08_N2_S3_1.JPG,0,C4_P08,588,8,812,368,224,360,False
C4_P05_N1_S5_1.JPG,0,C4_P05,1684,524,1864,772,180,248,True
C2_P06_N2_S4_1.JPG,0,C2_P06,932,60,1112,304,180,244,False
C2_P04_N1_S2_1.JPG,0,C2_P04,1804,832,1960,1136,156,304,False
C1_P03_N1_S4_2.JPG,0,C1_P03,260,164,416,356,156,192,False
C1_P12_N3_S3_1.JPG,0,C1_P12,1116,1008,1380,1396,264,388,True
C1_P05_N3_S4_1.JPG,0,C1_P05,580,1916,788,2284,208,368,True
C1_P05_N1_S3_1.JPG,0,C1_P05,1052,1876,1276,2224,224,348,True
C3_P01_N1_S5_2.JPG,0,C3_P01,1052,712,1184,1028,132,316,True
C1_P08_N3_S4_2.JPG,0,C1_P08,1528,368,1756,716,228,348,True
C1_P02_N1_S3_1.JPG,0,C1_P02,1240,1828,1560,2340,320,512,True
C2_P01_N3_S2_1.JPG,0,C2_P01,2024,860,2200,1100,176,240,True
C4_P08_N1_S5_2.JPG,0,C4_P08,1696,1068,1832,1272,136,204,False
C3_P06_N1_S3_2.JPG,0,C3_P06,284,492,512,828,228,336,True
C1_P12_N3_S4_1.JPG,0,C1_P12,76,1416,292,1804,216,388,True
C2_P03_N1_S3_1.JPG,0,C2_P03,1388,228,1632,628,244,400,True
C2_P01_N2_S2_1.JPG,0,C2_P01,1500,976,1672,1220,172,244,True
C2_P03_N1_S3_1.JPG,0,C2_P03,524,780,788,1224,264,444,True
C2_P04_N3_S3_1.JPG,0,C2_P04,1572,1176,1736,1432,164,256,False
C1_P04_N3_S2_1.JPG,0,C1_P04,1268,1248,1532,1668,264,420,True
C2_P03_N1_S5_1.JPG,0,C2_P03,856,1552,964,1800,108,248,True
C1_P01_N1_S3_2.JPG,0,C1_P01,1468,1460,1736,1864,268,404,True
C3_P06_N2_S3_2.JPG,0,C3_P06,1744,1032,2000,1452,256,420,True
C1_P01_N1_S3_2.JPG,0,C1_P01,452,56,720,460,268,404,True
C1_P02_N1_S4_1.JPG,0,C1_P02,2128,752,2304,1108,176,356,True
C3_P02_N1_S2_2.JPG,0,C3_P02,3172,532,3424,884,252,352,True
C4_P05_N2_S4_1.JPG,0,C4_P05,1704,1676,1900,1984,196,308,True
C1_P11_N1_S4_2.JPG,0,C1_P11,2372,912,2560,1176,188,264,True
C4_P07_N1_S4_1.JPG,0,C4_P07,1788,1672,1972,2004,184,332,True
C1_P05_N4_S3_1.JPG,0,C1_P05,40,864,252,1260,212,396,True
C4_P07_N3_S3_1.JPG,0,C4_P07,312,1388,500,1708,188,320,True
C1_P05_N2_S4_1.JPG,0,C1_P05,2988,28,3208,360,220,332,True
C4_P07_N1_S4_1.JPG,0,C4_P07,124,1732,324,2004,200,272,True
C4_P02_N1_S3_1.JPG,0,C4_P02,816,236,980,460,164,224,True
C3_P01_N2_S3_2.JPG,0,C3_P01,1044,336,1328,772,284,436,True
C4_P06_N1_S4_1.JPG,0,C4_P06,1216,1840,1432,2100,216,260,True
C4_P07_N2_S4_1.JPG,0,C4_P07,656,1736,828,1992,172,256,True
C3_P01_N2_S3_2.JPG,0,C3_P01,1028,1208,1312,1636,284,428,True
C2_P01_N2_S4_1.JPG,0,C2_P01,168,1520,296,1688,128,168,True
C1_P09_N1_S5_2.JPG,0,C1_P09,1988,1376,2128,1596,140,220,False
C4_P07_N1_S4_1.JPG,0,C4_P07,1412,612,1608,916,196,304,True
C1_P02_N1_S4_1.JPG,0,C1_P02,1964,744,2140,1100,176,356,True
C2_P02_N1_S4_1.JPG,0,C2_P02,1592,1520,1752,1760,160,240,True
C1_P07_N2_S3_2.JPG,0,C1_P07,1040,1692,1248,2036,208,344,False
C3_P06_N2_S3_2.JPG,0,C3_P06,1828,1672,2072,2104,244,432,True
C2_P05_N1_S5_1.JPG,0,C2_P05,936,164,1068,352,132,188,True
C4_P05_N1_S3_1.JPG,0,C4_P05,1528,340,1728,608,200,268,True
C3_P02_N2_S4_1.JPG,0,C3_P02,2064,2036,2268,2356,204,320,True
C3_P06_N2_S3_1.JPG,0,C3_P06,3632,1128,3900,1560,268,432,True
C3_P02_N3_S3_1.JPG,0,C3_P02,3408,1140,3668,1552,260,412,True
C3_P03_N3_S2_1.JPG,0,C3_P03,2416,1504,2696,1928,280,424,True
C4_P01_N2_S4_1.JPG,0,C4_P01,904,1748,1088,2016,184,268,True
C2_P08_N1_S4_1.JPG,0,C2_P08,1224,908,1380,1168,156,260,False
C1_P12_N1_S3_1.JPG,0,C1_P12,1840,980,2108,1456,268,476,True
C4_P04_N2_S4_1.JPG,0,C4_P04,1216,564,1424,860,208,296,True
C2_P06_N1_S4_1.JPG,0,C2_P06,492,1348,640,1580,148,232,False
C1_P10_N1_S4_1.JPG,0,C1_P10,1340,148,1500,404,160,256,True
C4_P03_N2_S4_1.JPG,0,C4_P03,492,1756,676,1992,184,236,True
C3_P03_N2_S4_1.JPG,0,C3_P03,2488,2048,2656,2304,168,256,True
C1_P12_N1_S3_1.JPG,0,C1_P12,980,1016,1256,1432,276,416,True
C4_P03_N3_S3_1.JPG,0,C4_P03,1968,1500,2168,1820,200,320,True
C4_P07_N2_S3_1.JPG,0,C4_P07,2524,772,2680,1068,156,296,True
C2_P03_N4_S2_1.JPG,0,C2_P03,528,332,820,820,292,488,True
C3_P03_N2_S3_1.JPG,0,C3_P03,2012,392,2244,732,232,340,True
C3_P04_N1_S4_1.JPG,0,C3_P04,1656,1256,1852,1552,196,296,True
C3_P06_N2_S3_1.JPG,0,C3_P06,2392,1720,2596,2128,204,408,True
C3_P06_N3_S4_2.JPG,0,C3_P06,2508,852,2684,1240,176,388,True
C3_P06_N1_S3_2.JPG,0,C3_P06,3312,980,3572,1432,260,452,True
C3_P02_N1_S4_1.JPG,0,C3_P02,52,232,252,540,200,308,True
C1_P07_N1_S3_3.JPG,0,C1_P07,2660,1572,2864,1868,204,296,False
C2_P06_N2_S4_1.JPG,0,C2_P06,1284,1064,1456,1324,172,260,False
C1_P05_N1_S5_1.JPG,0,C1_P05,1904,132,2084,440,180,308,True
C4_P08_N2_S4_1.JPG,0,C4_P08,252,640,456,924,204,284,False
C4_P05_N1_S4_1.JPG,0,C4_P05,204,1640,388,1940,184,300,True
C2_P07_N1_S6_1.JPG,0,C2_P07,436,692,544,832,108,140,False
C3_P01_N2_S2_1.JPG,0,C3_P01,1372,1516,1752,2100,380,584,True
C1_P02_N1_S5_1.JPG,0,C1_P02,1428,1108,1580,1408,152,300,True
C4_P04_N2_S3_1.JPG,0,C4_P04,1200,708,1444,1036,244,328,True
C2_P04_N3_S2_1.JPG,0,C2_P04,512,212,684,484,172,272,False
C3_P05_N1_S2_1.JPG,0,C3_P05,3208,1276,3440,1636,232,360,True
C4_P05_N1_S4_1.JPG,0,C4_P05,2292,672,2480,968,188,296,True
C3_P03_N2_S2_1.JPG,0,C3_P03,2464,1568,2768,2016,304,448,True
C2_P01_N1_S5_2.JPG,0,C2_P01,672,968,772,1124,100,156,True
C4_P04_N1_S4_1.JPG,0,C4_P04,2052,1612,2252,1912,200,300,True
C1_P07_N2_S3_3.JPG,0,C1_P07,2424,1008,2636,1292,212,284,False
C3_P04_N1_S2_1.JPG,0,C3_P04,1608,1388,1988,2052,380,664,True
C3_P03_N3_S3_1.JPG,0,C3_P03,964,1032,1220,1388,256,356,True
C3_P01_N2_S4_1.JPG,0,C3_P01,1356,888,1544,1196,188,308,True
C1_P04_N3_S3_1.JPG,0,C1_P04,1692,1820,1916,2172,224,352,True
C2_P07_N1_S2_1.JPG,0,C2_P07,8,240,244,664,236,424,False
C2_P05_N2_S3_2.JPG,0,C2_P05,556,1268,736,1548,180,280,True
C1_P09_N2_S4_1.JPG,0,C1_P09,892,456,1060,724,168,268,False
C4_P08_N3_S3_1.JPG,0,C4_P08,2168,860,2400,1232,232,372,False
C1_P04_N1_S4_1.JPG,0,C1_P04,1804,1372,2008,1696,204,324,True
C1_P09_N1_S5_1.JPG,0,C1_P09,1936,908,2100,1200,164,292,False
C1_P01_N1_S3_1.JPG,0,C1_P01,728,1048,1004,1496,276,448,True
C2_P04_N1_S4_1.JPG,0,C2_P04,1760,212,1912,448,152,236,False
C1_P05_N1_S3_1.JPG,0,C1_P05,152,1868,376,2252,224,384,True
C3_P05_N1_S3_1.JPG,0,C3_P05,724,1108,924,1416,200,308,True
C4_P03_N3_S3_2.JPG,0,C4_P03,2392,940,2604,1284,212,344,True
C2_P08_N1_S4_1.JPG,0,C2_P08,956,1320,1116,1556,160,236,False
C3_P06_N1_S4_1.JPG,0,C3_P06,1012,1352,1220,1680,208,328,True
C2_P08_N1_S6_2.JPG,0,C2_P08,676,992,780,1156,104,164,False
C2_P03_N3_S3_1.JPG,0,C2_P03,592,168,852,556,260,388,True
C3_P03_N3_S3_1.JPG,0,C3_P03,3012,1024,3224,1380,212,356,True
C3_P06_N2_S3_1.JPG,0,C3_P06,692,1112,912,1500,220,388,True
C3_P07_N1_S4_1.JPG,0,C3_P07,444,744,660,1068,216,324,True
C4_P02_N4_S2_1.JPG,0,C4_P02,2580,272,2796,660,216,388,True
C2_P03_N3_S3_1.JPG,0,C2_P03,824,784,1084,1164,260,380,True
C1_P06_N1_S4_2.JPG,0,C1_P06,2844,1408,3036,1716,192,308,True
C3_P07_N1_S6_1.JPG,0,C3_P07,1424,2396,1592,2628,168,232,True
C3_P05_N1_S5_1.JPG,0,C3_P05,1560,184,1728,432,168,248,True
C2_P08_N1_S3_1.JPG,0,C2_P08,1256,836,1496,1188,240,352,False
C1_P12_N1_S2_1.JPG,0,C1_P12,240,1412,564,1920,324,508,True
C1_P12_N1_S5_1.JPG,0,C1_P12,732,1192,904,1472,172,280,True
C4_P07_N1_S5_1.JPG,0,C4_P07,236,132,384,340,148,208,True
C2_P09_N1_S7_2.JPG,0,C2_P09,236,52,324,232,88,180,False
C4_P07_N1_S4_1.JPG,0,C4_P07,700,1704,868,2016,168,312,True
C4_P08_N3_S3_1.JPG,0,C4_P08,1228,248,1480,636,252,388,False
C4_P02_N1_S3_2.JPG,0,C4_P02,56,268,216,464,160,196,True
C3_P07_N1_S2_1.JPG,0,C3_P07,812,1476,1144,1956,332,480,True
C4_P04_N1_S3_1.JPG,0,C4_P04,2304,940,2528,1256,224,316,True
C3_P07_N1_S4_1.JPG,0,C3_P07,880,1392,1096,1716,216,324,True
C3_P06_N2_S3_1.JPG,0,C3_P06,2644,1740,2848,2148,204,408,True
C3_P01_N1_S2_1.JPG,0,C3_P01,1972,1592,2300,2232,328,640,True
C1_P02_N3_S2_1.JPG,0,C1_P02,1860,616,2148,1168,288,552,True
C1_P04_N1_S5_2.JPG,0,C1_P04,528,376,648,604,120,228,True
C2_P09_N1_S7_2.JPG,0,C2_P09,352,864,456,1028,104,164,False
C3_P05_N1_S2_1.JPG,0,C3_P05,2440,1272,2672,1632,232,360,True
C1_P02_N2_S3_1.JPG,0,C1_P02,1560,1864,1880,2384,320,520,True
C1_P04_N1_S4_1.JPG,0,C1_P04,2812,1996,3008,2308,196,312,True
C3_P04_N1_S3_2.JPG,0,C3_P04,3016,1136,3320,1588,304,452,True
C1_P10_N2_S4_1.JPG,0,C1_P10,292,912,480,1168,188,256,True
C3_P02_N3_S3_1.JPG,0,C3_P02,1432,1072,1688,1496,256,424,True
C2_P01_N1_S5_2.JPG,0,C2_P01,852,1652,956,1792,104,140,True
C1_P06_N1_S3_2.JPG,0,C1_P06,2812,1744,3020,2048,208,304,True
C3_P05_N1_S4_1.JPG,0,C3_P05,2104,1444,2312,1792,208,348,True
C1_P09_N3_S4_1.JPG,0,C1_P09,1028,116,1232,388,204,272,False
C1_P03_N3_S2_1.JPG,0,C1_P03,2372,1304,2564,1576,192,272,False
C3_P04_N2_S4_1.JPG,0,C3_P04,1508,1880,1700,2136,192,256,True
C1_P09_N2_S6_1.JPG,0,C1_P09,1808,1196,1976,1436,168,240,False
C3_P06_N1_S4_1.JPG,0,C3_P06,1444,1356,1652,1696,208,340,True
C1_P10_N3_S2_2.JPG,0,C1_P10,388,1144,652,1604,264,460,True
C1_P08_N3_S4_1.JPG,0,C1_P08,1444,160,1712,560,268,400,True
C1_P11_N2_S4_3.JPG,0,C1_P11,840,1312,1020,1628,180,316,True
C3_P04_N1_S3_1.JPG,0,C3_P04,1772,1924,2048,2332,276,408,True
C2_P08_N2_S4_1.JPG,0,C2_P08,1108,508,1260,748,152,240,False
C2_P01_N1_S5_2.JPG,0,C2_P01,1164,256,1260,400,96,144,True
C1_P03_N1_S2_2.JPG,0,C1_P03,132,240,356,544,224,304,False
C1_P04_N2_S4_1.JPG,0,C1_P04,40,204,264,524,224,320,True
C3_P04_N2_S3_1.JPG,0,C3_P04,744,1836,1036,2240,292,404,True
C3_P02_N3_S2_2.JPG,0,C3_P02,1664,496,1992,1016,328,520,True
C2_P07_N3_S2_1.JPG,0,C2_P07,784,920,1032,1292,248,372,False
C3_P06_N4_S3_1.JPG,0,C3_P06,2680,1828,2964,2272,284,444,True
C2_P05_N3_S3_2.JPG,0,C2_P05,264,700,448,944,184,244,True
C2_P01_N1_S2_1.JPG,0,C2_P01,1340,248,1508,472,168,224,True
C4_P02_N2_S3_1.JPG,0,C4_P02,1660,960,1828,1224,168,264,True
C2_P08_N3_S3_2.JPG,0,C2_P08,0,200,180,496,180,296,False
C2_P02_N1_S3_1.JPG,0,C2_P02,540,1456,764,1824,224,368,True
C3_P01_N2_S3_1.JPG,0,C3_P01,1460,156,1680,628,220,472,True
C4_P05_N2_S4_1.JPG,0,C4_P05,1944,196,2136,496,192,300,True
C1_P06_N1_S3_1.JPG,0,C1_P06,2180,1808,2412,2128,232,320,True
C1_P04_N3_S3_1.JPG,0,C1_P04,1480,488,1688,828,208,340,True
C2_P07_N3_S3_1.JPG,0,C2_P07,1096,240,1272,516,176,276,False
C2_P07_N1_S6_2.JPG,0,C2_P07,316,588,420,740,104,152,False
C1_P02_N1_S3_1.JPG,0,C1_P02,1612,176,1896,652,284,476,True
C1_P03_N1_S3_2.JPG,0,C1_P03,1952,276,2116,508,164,232,False
C1_P03_N1_S2_2.JPG,0,C1_P03,2964,220,3144,540,180,320,False
C2_P08_N1_S3_1.JPG,0,C2_P08,1036,200,1280,564,244,364,False
C1_P05_N1_S5_1.JPG,0,C1_P05,500,2080,688,2408,188,328,True
C4_P06_N1_S4_1.JPG,0,C4_P06,2032,1852,2232,2096,200,244,True
C1_P09_N2_S6_1.JPG,0,C1_P09,1520,496,1676,732,156,236,False
C2_P05_N2_S3_2.JPG,0,C2_P05,572,264,752,520,180,256,True
C4_P04_N2_S3_1.JPG,0,C4_P04,1192,1112,1424,1508,232,396,True
C3_P02_N2_S3_1.JPG,0,C3_P02,3492,392,3748,760,256,368,True
C1_P11_N2_S3_2.JPG,0,C1_P11,2072,1436,2288,1796,216,360,True
C3_P02_N2_S4_1.JPG,0,C3_P02,1332,1504,1536,1796,204,292,True
C2_P09_N1_S7_1.JPG,0,C2_P09,2140,160,2252,320,112,160,False
C4_P07_N1_S3_1.JPG,0,C4_P07,1984,944,2184,1228,200,284,True
C4_P03_N3_S3_1.JPG,0,C4_P03,2416,848,2628,1196,212,348,True
C1_P09_N1_S5_1.JPG,0,C1_P09,2300,1276,2484,1560,184,284,False
C2_P08_N1_S6_2.JPG,0,C2_P08,356,716,464,880,108,164,False
C2_P05_N1_S4_1.JPG,0,C2_P05,812,220,972,436,160,216,True
C1_P05_N1_S4_2.JPG,0,C1_P05,2932,680,3164,1032,232,352,True
C1_P03_N1_S4_2.JPG,0,C1_P03,928,1144,1068,1332,140,188,False
C1_P04_N2_S3_1.JPG,0,C1_P04,1512,1092,1716,1432,204,340,True
C4_P08_N2_S3_1.JPG,0,C4_P08,2400,40,2624,400,224,360,False
C1_P08_N3_S4_1.JPG,0,C1_P08,612,2060,824,2420,212,360,True
C2_P07_N1_S6_1.JPG,0,C2_P07,536,952,636,1100,100,148,False
C1_P07_N2_S3_2.JPG,0,C1_P07,596,1104,816,1400,220,296,False
C1_P05_N1_S4_1.JPG,0,C1_P05,388,244,608,572,220,328,True
C1_P05_N1_S4_3.JPG,0,C1_P05,2896,856,3112,1184,216,328,True
C1_P12_N1_S5_1.JPG,0,C1_P12,760,1672,932,1952,172,280,True
C4_P08_N1_S3_1.JPG,0,C4_P08,2084,1012,2308,1324,224,312,False
C2_P09_N1_S7_2.JPG,0,C2_P09,648,1108,752,1248,104,140,False
C2_P02_N2_S3_1.JPG,0,C2_P02,1896,1312,2096,1644,200,332,True
C1_P07_N2_S3_3.JPG,0,C1_P07,1072,1600,1280,1936,208,336,False
C3_P04_N1_S5_1.JPG,0,C3_P04,116,580,304,852,188,272,True
C4_P07_N1_S4_1.JPG,0,C4_P07,496,1148,688,1472,192,324,True
C2_P06_N1_S4_1.JPG,0,C2_P06,1396,1368,1536,1584,140,216,False
C2_P03_N1_S4_1.JPG,0,C2_P03,152,1064,332,1340,180,276,True
C4_P08_N1_S3_1.JPG,0,C4_P08,1072,352,1292,732,220,380,False
C3_P01_N4_S3_1.JPG,0,C3_P01,644,240,948,760,304,520,True
C2_P07_N1_S6_2.JPG,0,C2_P07,784,1296,888,1464,104,168,False
C3_P03_N4_S2_1.JPG,0,C3_P03,88,236,428,748,340,512,True
C3_P04_N1_S4_1.JPG,0,C3_P04,204,672,440,1000,236,328,True
C2_P02_N2_S3_1.JPG,0,C2_P02,2300,224,2512,568,212,344,True
C4_P04_N2_S3_1.JPG,0,C4_P04,304,1144,544,1532,240,388,True
C1_P08_N3_S4_1.JPG,0,C1_P08,2280,1976,2516,2348,236,372,True
C1_P02_N1_S4_1.JPG,0,C1_P02,848,692,1092,1064,244,372,True
C2_P06_N1_S4_1.JPG,0,C2_P06,984,1360,1132,1572,148,212,False
C3_P06_N1_S5_1.JPG,0,C3_P06,1116,132,1296,408,180,276,True
C1_P10_N3_S3_1.JPG,0,C1_P10,2176,992,2424,1368,248,376,True
C4_P05_N5_S2_1.JPG,0,C4_P05,1716,284,1928,620,212,336,True
C2_P04_N2_S4_1.JPG,0,C2_P04,860,176,1024,432,164,256,False
C4_P05_N1_S2_1.JPG,0,C4_P05,324,412,512,680,188,268,True
C1_P02_N2_S4_1.JPG,0,C1_P02,1608,1408,1840,1756,232,348,True
C2_P07_N1_S6_2.JPG,0,C2_P07,192,28,296,196,104,168,False
C1_P05_N1_S5_1.JPG,0,C1_P05,1552,2116,1740,2400,188,284,True
C1_P08_N2_S4_2.JPG,0,C1_P08,308,268,524,684,216,416,True
C2_P01_N1_S5_2.JPG,0,C2_P01,1072,256,1168,400,96,144,True
C2_P02_N3_S2_1.JPG,0,C2_P02,260,276,504,624,244,348,True
C3_P04_N1_S2_1.JPG,0,C3_P04,3760,484,4140,1068,380,584,True
C3_P03_N2_S3_1.JPG,0,C3_P03,2596,1924,2832,2336,236,412,True
C1_P06_N1_S4_2.JPG,0,C1_P06,1524,2020,1732,2376,208,356,True
C1_P12_N2_S3_1.JPG,0,C1_P12,672,432,928,828,256,396,True
C1_P05_N1_S3_1.JPG,0,C1_P05,828,692,1056,1012,228,320,True
C3_P06_N1_S3_1.JPG,0,C3_P06,1004,1160,1220,1524,216,364,True
C3_P07_N2_S4_1.JPG,0,C3_P07,2528,1440,2724,1736,196,296,True
C1_P03_N1_S2_1.JPG,0,C1_P03,1228,376,1444,668,216,292,False
C3_P04_N2_S4_1.JPG,0,C3_P04,352,88,592,444,240,356,True
C1_P02_N1_S5_1.JPG,0,C1_P02,908,600,1104,904,196,304,True
C2_P02_N1_S5_1.JPG,0,C2_P02,936,1764,1044,1928,108,164,True
C1_P02_N2_S3_1.JPG,0,C1_P02,2696,1876,3016,2348,320,472,True
C4_P07_N1_S5_1.JPG,0,C4_P07,652,1804,808,2040,156,236,True
C1_P09_N4_S4_1.JPG,0,C1_P09,544,936,724,1196,180,260,False
C4_P01_N3_S3_1.JPG,0,C4_P01,872,1628,1064,1908,192,280,True
C1_P07_N2_S3_2.JPG,0,C1_P07,2144,488,2364,784,220,296,False
C2_P06_N3_S4_1.JPG,0,C2_P06,2056,640,2216,884,160,244,False
C4_P05_N5_S2_1.JPG,0,C4_P05,716,804,924,1128,208,324,True
C1_P07_N2_S3_2.JPG,0,C1_P07,1748,1120,1968,1416,220,296,False
C3_P07_N1_S5_1.JPG,0,C3_P07,2120,2176,2288,2392,168,216,True
C2_P09_N1_S7_1.JPG,0,C2_P09,1784,948,1896,1088,112,140,False
C1_P09_N4_S3_1.JPG,0,C1_P09,660,72,848,368,188,296,False
C3_P06_N1_S3_1.JPG,0,C3_P06,3000,1128,3196,1532,196,404,True
C2_P06_N2_S4_2.JPG,0,C2_P06,356,960,496,1168,140,208,False
C1_P10_N2_S3_1.JPG,0,C1_P10,436,1740,696,2116,260,376,True
C4_P08_N1_S2_1.JPG,0,C4_P08,2336,620,2580,1012,244,392,False
C4_P08_N1_S5_2.JPG,0,C4_P08,496,1048,632,1252,136,204,False
C2_P02_N1_S3_1.JPG,0,C2_P02,1560,924,1772,1224,212,300,True
C4_P08_N1_S5_2.JPG,0,C4_P08,768,1780,904,1992,136,212,False
C4_P08_N1_S5_1.JPG,0,C4_P08,392,664,524,876,132,212,False
C4_P04_N1_S2_1.JPG,0,C4_P04,1416,1012,1648,1376,232,364,True
C2_P03_N1_S4_1.JPG,0,C2_P03,672,608,876,920,204,312,True
C2_P01_N2_S4_1.JPG,0,C2_P01,788,284,908,444,120,160,True
C2_P02_N3_S3_1.JPG,0,C2_P02,336,164,556,496,220,332,True
C1_P02_N1_S3_1.JPG,0,C1_P02,2764,1776,3020,2288,256,512,True
C3_P06_N1_S5_1.JPG,0,C3_P06,436,624,600,920,164,296,True
C2_P01_N2_S3_2.JPG,0,C2_P01,1192,1232,1332,1452,140,220,True
C1_P05_N2_S4_1.JPG,0,C1_P05,384,1248,604,1632,220,384,True
C3_P07_N1_S6_1.JPG,0,C3_P07,1948,736,2124,992,176,256,True
C1_P06_N2_S3_1.JPG,0,C1_P06,1984,1088,2208,1424,224,336,True
C1_P07_N1_S3_3.JPG,0,C1_P07,156,312,360,608,204,296,False
C2_P02_N4_S2_1.JPG,0,C2_P02,2332,300,2560,632,228,332,True
C1_P10_N1_S3_1.JPG,0,C1_P10,1740,1008,1972,1372,232,364,True
C2_P08_N1_S6_2.JPG,0,C2_P08,252,712,360,876,108,164,False
C3_P07_N3_S2_1.JPG,0,C3_P07,3444,384,3924,996,480,612,True
C1_P06_N2_S3_3.JPG,0,C1_P06,1680,1076,1900,1396,220,320,True
C3_P05_N1_S3_1.JPG,0,C3_P05,2136,1124,2336,1432,200,308,True
C3_P05_N2_S3_1.JPG,0,C3_P05,2868,436,3100,808,232,372,True
C1_P03_N1_S4_2.JPG,0,C1_P03,1324,1148,1464,1336,140,188,False
C4_P06_N1_S3_1.JPG,0,C4_P06,2316,980,2540,1292,224,312,True
C2_P06_N1_S5_1.JPG,0,C2_P06,432,1504,540,1660,108,156,False
C2_P06_N1_S5_1.JPG,0,C2_P06,1352,1156,1480,1316,128,160,False
C3_P01_N1_S5_2.JPG,0,C3_P01,1112,1696,1276,1940,164,244,True
C2_P01_N1_S5_1.JPG,0,C2_P01,956,624,1068,772,112,148,True
C4_P04_N1_S2_1.JPG,0,C4_P04,2312,528,2544,864,232,336,True
C3_P05_N1_S5_1.JPG,0,C3_P05,672,188,900,468,228,280,True
C2_P07_N2_S4_1.JPG,0,C2_P07,440,508,608,752,168,244,False
C1_P05_N2_S3_1.JPG,0,C1_P05,1436,1556,1668,1916,232,360,True
C3_P03_N2_S3_1.JPG,0,C3_P03,3096,1964,3320,2320,224,356,True
C1_P02_N1_S5_1.JPG,0,C1_P02,668,1600,852,1912,184,312,True
C4_P07_N3_S3_1.JPG,0,C4_P07,2548,824,2740,1128,192,304,True
C3_P06_N1_S3_2.JPG,0,C3_P06,3324,1668,3568,2104,244,436,True
C1_P02_N1_S3_1.JPG,0,C1_P02,1308,172,1592,648,284,476,True
C1_P08_N2_S5_1.JPG,0,C1_P08,1416,732,1600,1012,184,280,True
C2_P06_N2_S4_2.JPG,0,C2_P06,156,76,324,308,168,232,False
C3_P02_N2_S4_1.JPG,0,C3_P02,248,868,448,1148,200,280,True
C2_P09_N1_S7_1.JPG,0,C2_P09,140,920,240,1076,100,156,False
C1_P12_N3_S4_1.JPG,0,C1_P12,1136,2068,1352,2400,216,332,True
C2_P09_N1_S7_1.JPG,0,C2_P09,352,1172,452,1328,100,156,False
C2_P08_N2_S3_1.JPG,0,C2_P08,528,816,740,1172,212,356,False
C1_P05_N1_S4_1.JPG,0,C1_P05,1036,232,1244,560,208,328,True
C1_P10_N3_S3_1.JPG,0,C1_P10,2224,188,2472,564,248,376,True
C4_P07_N2_S4_1.JPG,0,C4_P07,472,1240,644,1492,172,252,True
C1_P09_N1_S5_1.JPG,0,C1_P09,876,1288,1060,1552,184,264,False
C2_P01_N1_S4_1.JPG,0,C2_P01,1152,992,1272,1156,120,164,True
C4_P02_N4_S3_1.JPG,0,C4_P02,1556,1516,1712,1756,156,240,True
C3_P06_N3_S4_1.JPG,0,C3_P06,2020,700,2240,1116,220,416,True
C2_P07_N1_S4_1.JPG,0,C2_P07,12,980,168,1232,156,252,False
C1_P05_N1_S5_1.JPG,0,C1_P05,2564,656,2748,936,184,280,True
C1_P04_N3_S2_1.JPG,0,C1_P04,1512,508,1772,904,260,396,True
C4_P05_N3_S2_1.JPG,0,C4_P05,152,216,360,548,208,332,True
C2_P05_N1_S2_1.JPG,0,C2_P05,1260,276,1472,568,212,292,True
C3_P03_N1_S4_1.JPG,0,C3_P03,248,2136,468,2424,220,288,True
C2_P05_N1_S4_1.JPG,0,C2_P05,1216,1508,1348,1748,132,240,True
C4_P08_N2_S4_1.JPG,0,C4_P08,1460,636,1664,920,204,284,False
C2_P03_N2_S2_1.JPG,0,C2_P03,1088,308,1412,852,324,544,True
C4_P07_N1_S3_2.JPG,0,C4_P07,460,1436,640,1764,180,328,True
C1_P05_N2_S4_2.JPG,0,C1_P05,336,1396,552,1784,216,388,True
C3_P06_N1_S4_1.JPG,0,C3_P06,2556,1332,2764,1736,208,404,True
C2_P06_N2_S3_1.JPG,0,C2_P06,264,1184,436,1412,172,228,False
C2_P07_N3_S2_1.JPG,0,C2_P07,84,924,308,1296,224,372,False
C1_P11_N1_S4_1.JPG,0,C1_P11,2912,828,3152,1176,240,348,True
C1_P08_N2_S3_1.JPG,0,C1_P08,2000,936,2216,1300,216,364,True
C2_P01_N2_S4_1.JPG,0,C2_P01,948,1500,1076,1676,128,176,True
C2_P09_N1_S7_2.JPG,0,C2_P09,488,1552,584,1700,96,148,False
C1_P02_N3_S3_1.JPG,0,C1_P02,2448,1884,2748,2392,300,508,True
C4_P02_N1_S3_2.JPG,0,C4_P02,384,240,544,460,160,220,True
C2_P07_N1_S6_1.JPG,0,C2_P07,844,1192,944,1340,100,148,False
C1_P06_N1_S4_2.JPG,0,C1_P06,464,1464,660,1744,196,280,True
C1_P04_N1_S5_1.JPG,0,C1_P04,528,656,688,896,160,240,True
C2_P04_N3_S4_1.JPG,0,C2_P04,1240,608,1424,884,184,276,False
C4_P07_N3_S3_1.JPG,0,C4_P07,1604,1388,1792,1708,188,320,True
C2_P07_N1_S6_1.JPG,0,C2_P07,264,1424,364,1596,100,172,False
C2_P04_N2_S3_1.JPG,0,C2_P04,1848,1104,2020,1348,172,244,False
C2_P09_N1_S7_2.JPG,0,C2_P09,544,616,648,772,104,156,False
C4_P02_N3_S2_1.JPG,0,C4_P02,1564,1044,1744,1308,180,264,True
C1_P09_N2_S6_1.JPG,0,C1_P09,988,812,1176,1088,188,276,False
C1_P04_N1_S4_1.JPG,0,C1_P04,3020,1340,3216,1672,196,332,True
C4_P05_N1_S4_1.JPG,0,C4_P05,2064,1156,2256,1464,192,308,True
C1_P09_N1_S5_1.JPG,0,C1_P09,2276,2056,2448,2336,172,280,False
C2_P06_N1_S3_1.JPG,0,C2_P06,824,1200,1000,1444,176,244,False
C1_P05_N1_S4_3.JPG,0,C1_P05,1028,2068,1264,2404,236,336,True
C2_P05_N1_S5_1.JPG,0,C2_P05,808,1564,932,1752,124,188,True
C1_P12_N2_S5_1.JPG,0,C1_P12,1068,1676,1232,1920,164,244,True
C3_P07_N5_S2_1.JPG,0,C3_P07,204,460,568,928,364,468,True
C3_P07_N5_S2_1.JPG,0,C3_P07,2156,504,2464,972,308,468,True
C3_P03_N1_S5_1.JPG,0,C3_P03,148,1624,300,1900,152,276,True
C4_P05_N3_S2_1.JPG,0,C4_P05,1508,784,1720,1112,212,328,True
C1_P05_N2_S3_1.JPG,0,C1_P05,1020,912,1252,1316,232,404,True
C4_P06_N4_S3_1.JPG,0,C4_P06,228,284,424,584,196,300,True
C1_P12_N3_S2_1.JPG,0,C1_P12,1928,1504,2304,2048,376,544,True
C1_P05_N2_S4_1.JPG,0,C1_P05,2760,48,2980,380,220,332,True
C2_P06_N1_S2_1.JPG,0,C2_P06,24,100,208,356,184,256,False
C1_P10_N3_S2_2.JPG,0,C1_P10,1168,1264,1432,1668,264,404,True
C1_P04_N1_S4_1.JPG,0,C1_P04,2828,1344,3032,1676,204,332,True
C2_P05_N1_S2_1.JPG,0,C2_P05,1440,264,1652,556,212,292,True
C1_P04_N2_S4_1.JPG,0,C1_P04,1840,196,2040,532,200,336,True
C2_P06_N2_S4_1.JPG,0,C2_P06,1744,1068,1900,1308,156,240,False
C4_P04_N1_S3_1.JPG,0,C4_P04,784,416,980,768,196,352,True
C1_P05_N2_S3_1.JPG,0,C1_P05,68,320,332,652,264,332,True
C2_P03_N1_S5_1.JPG,0,C2_P03,64,196,216,420,152,224,True
C4_P02_N1_S3_2.JPG,0,C4_P02,2596,844,2760,1132,164,288,True
C1_P05_N1_S4_1.JPG,0,C1_P05,820,252,1028,580,208,328,True
C2_P09_N1_S7_2.JPG,0,C2_P09,1572,632,1664,792,92,160,False
C1_P06_N2_S3_3.JPG,0,C1_P06,2420,1084,2640,1404,220,320,True
C3_P03_N2_S3_1.JPG,0,C3_P03,468,1996,720,2360,252,364,True
C3_P04_N2_S3_1.JPG,0,C3_P04,2324,1808,2616,2236,292,428,True
C2_P07_N2_S2_1.JPG,0,C2_P07,1956,1036,2200,1424,244,388,False
C2_P09_N1_S7_2.JPG,0,C2_P09,1972,1128,2064,1264,92,136,False
C4_P04_N2_S4_1.JPG,0,C4_P04,1212,932,1420,1296,208,364,True
C1_P04_N1_S5_2.JPG,0,C1_P04,768,368,908,600,140,232,True
C1_P06_N2_S3_2.JPG,0,C1_P06,1888,1512,2136,1832,248,320,True
C3_P05_N3_S3_1.JPG,0,C3_P05,2148,464,2384,856,236,392,True
C2_P03_N3_S3_1.JPG,0,C2_P03,596,788,856,1168,260,380,True
C1_P04_N2_S3_1.JPG,0,C1_P04,872,1088,1076,1428,204,340,True
C3_P06_N1_S3_2.JPG,0,C3_P06,516,472,740,816,224,344,True
C3_P05_N1_S4_1.JPG,0,C3_P05,2804,396,3008,680,204,284,True
C1_P09_N3_S4_2.JPG,0,C1_P09,188,48,376,340,188,292,False
C3_P02_N3_S3_1.JPG,0,C3_P02,3180,396,3452,764,272,368,True
C3_P02_N3_S2_2.JPG,0,C3_P02,4028,564,4312,980,284,416,True
C2_P05_N1_S4_1.JPG,0,C2_P05,1076,1540,1192,1752,116,212,True
C3_P03_N2_S2_1.JPG,0,C3_P03,3524,632,3824,1040,300,408,True
C1_P02_N2_S3_1.JPG,0,C1_P02,1536,1040,1872,1512,336,472,True
C2_P01_N2_S2_1.JPG,0,C2_P01,2208,940,2380,1200,172,260,True
C2_P09_N1_S7_2.JPG,0,C2_P09,1152,884,1248,1020,96,136,False
C2_P09_N1_S7_1.JPG,0,C2_P09,1080,1184,1180,1324,100,140,False
C1_P11_N1_S4_2.JPG,0,C1_P11,2564,408,2768,692,204,284,True
C2_P07_N1_S6_1.JPG,0,C2_P07,640,1192,740,1340,100,148,False
C1_P08_N2_S5_1.JPG,0,C1_P08,2196,240,2360,576,164,336,True
C1_P03_N1_S3_1.JPG,0,C1_P03,1328,296,1516,560,188,264,False
C2_P01_N1_S5_2.JPG,0,C2_P01,1076,1312,1192,1464,116,152,True
C1_P04_N4_S2_1.JPG,0,C1_P04,2884,1024,3132,1420,248,396,True
C3_P07_N1_S5_1.JPG,0,C3_P07,1072,1164,1248,1436,176,272,True
C4_P05_N3_S3_1.JPG,0,C4_P05,552,1252,740,1592,188,340,True
C2_P09_N1_S7_2.JPG,0,C2_P09,256,860,360,1024,104,164,False
C3_P05_N1_S4_1.JPG,0,C3_P05,1840,372,2024,644,184,272,True
C3_P04_N4_S2_2.JPG,0,C3_P04,2624,1400,2876,1792,252,392,True
C1_P04_N1_S5_1.JPG,0,C1_P04,2132,1136,2296,1392,164,256,True
C2_P04_N3_S4_1.JPG,0,C2_P04,1848,1488,2020,1716,172,228,False
C1_P09_N4_S4_1.JPG,0,C1_P09,2120,540,2300,800,180,260,False
C3_P05_N2_S2_1.JPG,0,C3_P05,2032,472,2288,856,256,384,True
C1_P03_N2_S3_2.JPG,0,C1_P03,2832,260,3056,604,224,344,False
C1_P03_N2_S3_1.JPG,0,C1_P03,720,1164,916,1432,196,268,False
C2_P05_N1_S5_1.JPG,0,C2_P05,460,1252,588,1428,128,176,True
C1_P05_N1_S5_1.JPG,0,C1_P05,336,2084,524,2412,188,328,True
C2_P06_N3_S4_1.JPG,0,C2_P06,972,68,1144,316,172,248,False
C3_P03_N4_S2_1.JPG,0,C3_P03,3320,1292,3588,1672,268,380,True
C2_P03_N1_S5_1.JPG,0,C2_P03,512,208,664,432,152,224,True
C4_P04_N1_S3_1.JPG,0,C4_P04,1216,1400,1440,1728,224,328,True
C2_P04_N2_S2_1.JPG,0,C2_P04,344,664,520,936,176,272,False
C3_P02_N2_S4_1.JPG,0,C3_P02,480,860,680,1140,200,280,True
C2_P01_N3_S3_1.JPG,0,C2_P01,480,1092,632,1316,152,224,True
C3_P02_N3_S3_1.JPG,0,C3_P02,1192,1800,1440,2180,248,380,True
C2_P03_N2_S3_1.JPG,0,C2_P03,1144,164,1392,560,248,396,True
C1_P04_N1_S5_2.JPG,0,C1_P04,1452,816,1592,1032,140,216,True
C2_P03_N2_S2_1.JPG,0,C2_P03,1744,1116,2100,1644,356,528,True
C1_P04_N4_S2_1.JPG,0,C1_P04,888,216,1140,684,252,468,True
C1_P05_N1_S3_1.JPG,0,C1_P05,828,1280,1064,1592,236,312,True
C2_P02_N1_S2_1.JPG,0,C2_P02,2384,1024,2591,1368,207,344,True
C2_P02_N1_S4_1.JPG,0,C2_P02,272,640,436,900,164,260,True
C3_P03_N2_S4_1.JPG,0,C3_P03,552,1468,744,1728,192,260,True
C1_P06_N1_S3_2.JPG,0,C1_P06,1408,1748,1628,2052,220,304,True
C2_P01_N2_S4_1.JPG,0,C2_P01,1304,708,1424,884,120,176,True
C3_P04_N1_S3_2.JPG,0,C3_P04,1696,1012,2012,1568,316,556,True
C2_P04_N2_S4_1.JPG,0,C2_P04,356,176,520,432,164,256,False
C1_P03_N1_S3_1.JPG,0,C1_P03,172,236,360,544,188,308,False
C1_P03_N1_S4_1.JPG,0,C1_P03,1916,888,2080,1112,164,224,False
C1_P06_N1_S5_1.JPG,0,C1_P06,1180,1592,1336,1836,156,244,True
C1_P05_N2_S3_1.JPG,0,C1_P05,312,332,576,664,264,332,True
C2_P08_N4_S3_1.JPG,0,C2_P08,1556,220,1764,564,208,344,False
C3_P07_N2_S2_1.JPG,0,C3_P07,136,412,496,916,360,504,True
C3_P01_N1_S4_1.JPG,0,C3_P01,1628,768,1812,1116,184,348,True
C1_P08_N2_S4_1.JPG,0,C1_P08,2364,196,2572,556,208,360,True
C4_P04_N2_S3_1.JPG,0,C4_P04,988,244,1216,548,228,304,True
C1_P04_N1_S5_1.JPG,0,C1_P04,1988,632,2144,888,156,256,True
C1_P06_N1_S3_1.JPG,0,C1_P06,1424,1824,1656,2144,232,320,True
C3_P06_N1_S4_1.JPG,0,C3_P06,588,784,788,1140,200,356,True
C3_P02_N1_S5_1.JPG,0,C3_P02,940,2040,1104,2288,164,248,True
C4_P02_N1_S3_1.JPG,0,C4_P02,1064,860,1228,1108,164,248,True
C1_P05_N2_S3_1.JPG,0,C1_P05,2744,1544,2976,1904,232,360,True
C1_P05_N1_S3_2.JPG,0,C1_P05,88,392,328,736,240,344,True
C4_P07_N2_S3_1.JPG,0,C4_P07,1840,212,2028,540,188,328,True
C4_P05_N3_S2_1.JPG,0,C4_P05,340,212,548,556,208,344,True
C2_P04_N2_S4_1.JPG,0,C2_P04,1524,160,1700,464,176,304,False
C2_P01_N2_S2_1.JPG,0,C2_P01,1920,364,2100,600,180,236,True
C1_P12_N1_S5_1.JPG,0,C1_P12,932,1192,1104,1472,172,280,True
C3_P05_N2_S4_1.JPG,0,C3_P05,2236,700,2480,1092,244,392,True
C2_P08_N1_S6_1.JPG,0,C2_P08,776,632,888,808,112,176,False
C2_P06_N1_S4_1.JPG,0,C2_P06,1988,72,2152,292,164,220,False
C1_P05_N1_S4_1.JPG,0,C1_P05,1676,852,1884,1168,208,316,True
C1_P02_N3_S3_1.JPG,0,C1_P02,652,1116,976,1632,324,516,True
C1_P02_N1_S3_1.JPG,0,C1_P02,2224,236,2476,672,252,436,True
C4_P07_N1_S5_1.JPG,0,C4_P07,228,952,368,1216,140,264,True
C4_P05_N2_S2_1.JPG,0,C4_P05,1912,840,2116,1164,204,324,True
C1_P08_N3_S4_2.JPG,0,C1_P08,2052,1972,2256,2284,204,312,True
C2_P01_N2_S4_1.JPG,0,C2_P01,560,284,680,444,120,160,True
C3_P05_N1_S2_1.JPG,0,C3_P05,3704,1272,3936,1632,232,360,True
C4_P03_N3_S3_1.JPG,0,C4_P03,1372,1552,1564,1816,192,264,True
C2_P04_N2_S4_1.JPG,0,C2_P04,1008,180,1172,436,164,256,False
C1_P06_N2_S3_2.JPG,0,C1_P06,2204,788,2432,1116,228,328,True
C3_P07_N2_S2_1.JPG,0,C3_P07,188,1440,548,1944,360,504,True
C1_P08_N4_S4_1.JPG,0,C1_P08,2868,1540,3060,1848,192,308,True
C2_P06_N3_S3_1.JPG,0,C2_P06,1660,1068,1824,1280,164,212,False
C3_P06_N1_S3_2.JPG,0,C3_P06,744,1708,992,2108,248,400,True
C1_P02_N1_S5_1.JPG,0,C1_P02,524,572,720,876,196,304,True
C4_P05_N1_S5_1.JPG,0,C4_P05,2008,1796,2176,2084,168,288,True
C1_P04_N1_S5_1.JPG,0,C1_P04,1640,1100,1804,1376,164,276,True
C3_P06_N1_S5_1.JPG,0,C3_P06,1524,1104,1712,1396,188,292,True
C1_P07_N1_S3_3.JPG,0,C1_P07,2408,952,2612,1248,204,296,False
C4_P02_N2_S3_1.JPG,0,C4_P02,340,332,504,560,164,228,True
C1_P10_N3_S2_2.JPG,0,C1_P10,2216,464,2480,856,264,392,True
C2_P08_N1_S3_1.JPG,0,C2_P08,1276,192,1520,556,244,364,False
C3_P07_N1_S5_1.JPG,0,C3_P07,1960,2184,2128,2400,168,216,True
C1_P08_N4_S4_1.JPG,0,C1_P08,2292,980,2524,1356,232,376,True
C3_P06_N1_S3_1.JPG,0,C3_P06,2680,540,2892,868,212,328,True
C2_P06_N1_S3_2.JPG,0,C2_P06,68,100,256,352,188,252,False
C4_P07_N1_S4_1.JPG,0,C4_P07,136,1136,328,1460,192,324,True
C1_P09_N2_S4_1.JPG,0,C1_P09,1244,800,1420,1124,176,324,False
C2_P06_N2_S4_2.JPG,0,C2_P06,256,1364,400,1564,144,200,False
C4_P02_N2_S4_1.JPG,0,C4_P02,436,52,592,252,156,200,True
C3_P02_N2_S4_1.JPG,0,C3_P02,1884,2028,2088,2348,204,320,True
C4_P05_N2_S4_1.JPG,0,C4_P05,1364,152,1556,484,192,332,True
C3_P06_N3_S3_1.JPG,0,C3_P06,3700,1004,3928,1476,228,472,True
C2_P05_N2_S3_1.JPG,0,C2_P05,2140,96,2360,396,220,300,True
C4_P05_N1_S5_1.JPG,0,C4_P05,1692,32,1860,260,168,228,True
C3_P01_N1_S2_1.JPG,0,C3_P01,3144,560,3524,1140,380,580,True
C1_P06_N1_S5_1.JPG,0,C1_P06,512,2096,656,2372,144,276,True
C4_P08_N3_S3_1.JPG,0,C4_P08,748,244,1000,632,252,388,False
C2_P01_N2_S4_1.JPG,0,C2_P01,1228,1108,1356,1288,128,180,True
C2_P09_N1_S7_2.JPG,0,C2_P09,836,1552,924,1700,88,148,False
C2_P03_N1_S5_1.JPG,0,C2_P03,960,232,1092,456,132,224,True
C3_P07_N3_S3_1.JPG,0,C3_P07,2656,200,2988,696,332,496,True
C2_P08_N1_S3_2.JPG,0,C2_P08,804,1352,1000,1644,196,292,False
C1_P03_N1_S2_2.JPG,0,C1_P03,1800,992,2020,1292,220,300,False
C2_P05_N3_S3_2.JPG,0,C2_P05,1676,240,1860,484,184,244,True
C4_P08_N1_S5_2.JPG,0,C4_P08,352,1052,488,1256,136,204,False
C2_P07_N3_S3_1.JPG,0,C2_P07,1288,236,1464,512,176,276,False
C3_P01_N1_S5_1.JPG,0,C3_P01,412,2112,572,2364,160,252,True
C1_P01_N1_S2_1.JPG,0,C1_P01,292,872,544,1248,252,376,True
C2_P04_N2_S2_1.JPG,0,C2_P04,2180,264,2380,540,200,276,False
C2_P03_N1_S3_1.JPG,0,C2_P03,1876,788,2092,1212,216,424,True
C2_P01_N2_S2_1.JPG,0,C2_P01,2400,372,2580,608,180,236,True
C3_P01_N1_S3_1.JPG,0,C3_P01,716,1076,996,1484,280,408,True
C2_P01_N1_S5_1.JPG,0,C2_P01,1136,1300,1240,1460,104,160,True
C1_P01_N2_S4_1.JPG,0,C1_P01,484,1956,712,2332,228,376,True
C2_P06_N1_S3_1.JPG,0,C2_P06,1388,1200,1564,1444,176,244,False
C2_P05_N3_S3_2.JPG,0,C2_P05,1112,728,1296,972,184,244,True
C3_P04_N1_S4_1.JPG,0,C3_P04,720,1788,916,2096,196,308,True
C1_P08_N3_S4_2.JPG,0,C1_P08,764,2016,968,2328,204,312,True
C1_P04_N2_S4_1.JPG,0,C1_P04,1036,840,1244,1172,208,332,True
C4_P07_N1_S5_1.JPG,0,C4_P07,672,1376,804,1624,132,248,True
C4_P07_N1_S4_1.JPG,0,C4_P07,1612,60,1796,364,184,304,True
C2_P01_N1_S5_1.JPG,0,C2_P01,908,960,1020,1116,112,156,True
C1_P03_N1_S3_2.JPG,0,C1_P03,572,1532,748,1756,176,224,False
C2_P06_N3_S4_1.JPG,0,C2_P06,444,1504,604,1748,160,244,False
C2_P03_N1_S5_1.JPG,0,C2_P03,976,1204,1084,1452,108,248,True
C4_P04_N2_S2_1.JPG,0,C4_P04,904,660,1136,1056,232,396,True
C2_P05_N3_S3_2.JPG,0,C2_P05,1440,700,1624,988,184,288,True
C2_P06_N1_S3_2.JPG,0,C2_P06,800,1156,988,1408,188,252,False
C4_P01_N3_S3_1.JPG,0,C4_P01,1480,1616,1672,1940,192,324,True
C2_P09_N1_S7_1.JPG,0,C2_P09,1716,700,1808,844,92,144,False
C1_P11_N2_S3_1.JPG,0,C1_P11,1988,1436,2220,1744,232,308,True
C3_P02_N1_S2_2.JPG,0,C3_P02,2804,1276,3072,1644,268,368,True
C4_P08_N2_S3_2.JPG,0,C4_P08,1292,288,1520,604,228,316,False
C3_P07_N1_S6_1.JPG,0,C3_P07,2140,2344,2308,2616,168,272,True
C3_P06_N3_S4_1.JPG,0,C3_P06,2388,1372,2612,1712,224,340,True
C2_P06_N1_S2_1.JPG,0,C2_P06,604,124,788,380,184,256,False
C4_P08_N3_S3_2.JPG,0,C4_P08,392,1036,624,1356,232,320,False
C1_P01_N1_S3_2.JPG,0,C1_P01,504,1424,772,1828,268,404,True
C3_P02_N3_S2_2.JPG,0,C3_P02,1044,1488,1364,1916,320,428,True
C3_P06_N3_S4_2.JPG,0,C3_P06,2208,1476,2416,1800,208,324,True
C1_P02_N4_S2_1.JPG,0,C1_P02,440,1464,816,2096,376,632,True
C2_P07_N1_S4_1.JPG,0,C2_P07,160,980,316,1232,156,252,False
C3_P06_N2_S3_2.JPG,0,C3_P06,2004,1036,2260,1456,256,420,True
C1_P04_N1_S5_2.JPG,0,C1_P04,176,1608,292,1860,116,252,True
C2_P01_N2_S4_1.JPG,0,C2_P01,1652,692,1772,880,120,188,True
C2_P09_N1_S7_2.JPG,0,C2_P09,2328,140,2432,300,104,160,False
C4_P05_N1_S5_1.JPG,0,C4_P05,1040,32,1208,260,168,228,True
C1_P11_N2_S4_3.JPG,0,C1_P11,2416,272,2616,548,200,276,True
C1_P11_N1_S5_1.JPG,0,C1_P11,1896,792,2064,1028,168,236,True
C2_P01_N2_S4_1.JPG,0,C2_P01,612,708,732,884,120,176,True
C3_P05_N2_S2_1.JPG,0,C3_P05,3076,468,3332,852,256,384,True
C1_P12_N4_S3_1.JPG,0,C1_P12,888,396,1180,840,292,444,True
C2_P05_N1_S4_1.JPG,0,C2_P05,324,188,496,428,172,240,True
C2_P06_N1_S5_1.JPG,0,C2_P06,1076,804,1204,968,128,164,False
C4_P08_N2_S3_2.JPG,0,C4_P08,1696,1476,1916,1796,220,320,False
C2_P08_N1_S3_2.JPG,0,C2_P08,840,284,1048,604,208,320,False
C4_P07_N2_S3_1.JPG,0,C4_P07,552,1360,736,1636,184,276,True
C4_P05_N1_S4_1.JPG,0,C4_P05,1728,672,1912,968,184,296,True
C2_P04_N3_S4_1.JPG,0,C2_P04,172,1404,312,1648,140,244,False
C2_P04_N3_S3_1.JPG,0,C2_P04,1536,728,1724,1000,188,272,False
C2_P06_N2_S4_1.JPG,0,C2_P06,1896,80,2076,324,180,244,False
C2_P08_N3_S3_2.JPG,0,C2_P08,592,1208,772,1488,180,280,False
C2_P01_N3_S2_1.JPG,0,C2_P01,692,288,880,532,188,244,True
C3_P04_N1_S4_1.JPG,0,C3_P04,2076,1800,2272,2048,196,248,True
C1_P03_N1_S3_1.JPG,0,C1_P03,2492,300,2696,564,204,264,False
C2_P09_N1_S7_1.JPG,0,C2_P09,2192,1436,2292,1580,100,144,False
C4_P04_N2_S3_1.JPG,0,C4_P04,2080,236,2320,592,240,356,True
C4_P08_N3_S3_2.JPG,0,C4_P08,2348,1036,2580,1372,232,336,False
C1_P03_N1_S4_2.JPG,0,C1_P03,552,188,676,364,124,176,False
C1_P07_N1_S3_1.JPG,0,C1_P07,744,1600,948,1932,204,332,False
C1_P02_N1_S2_1.JPG,0,C1_P02,1964,472,2316,1080,352,608,True
C3_P01_N1_S3_1.JPG,0,C3_P01,1216,1072,1420,1512,204,440,True
C3_P05_N1_S2_1.JPG,0,C3_P05,992,1264,1224,1612,232,348,True
C2_P05_N2_S5_1.JPG,0,C2_P05,736,1040,844,1184,108,144,True
C2_P04_N3_S4_1.JPG,0,C2_P04,1412,616,1596,892,184,276,False
C4_P01_N2_S4_1.JPG,0,C4_P01,1616,1228,1804,1480,188,252,True
C4_P05_N3_S2_1.JPG,0,C4_P05,1112,236,1300,556,188,320,True
C4_P07_N1_S5_1.JPG,0,C4_P07,1752,1360,1908,1608,156,248,True
C1_P02_N2_S4_1.JPG,0,C1_P02,1208,132,1448,516,240,384,True
C4_P03_N3_S3_2.JPG,0,C4_P03,332,1608,524,1880,192,272,True
C4_P07_N2_S4_1.JPG,0,C4_P07,1652,212,1832,476,180,264,True
C1_P08_N2_S4_1.JPG,0,C1_P08,1056,2016,1292,2372,236,356,True
C1_P05_N3_S3_1.JPG,0,C1_P05,560,288,820,692,260,404,True
C3_P01_N3_S2_1.JPG,0,C3_P01,2036,1520,2380,2056,344,536,True
C1_P04_N3_S3_1.JPG,0,C1_P04,2540,1172,2740,1504,200,332,True
C3_P01_N1_S5_2.JPG,0,C3_P01,492,2044,656,2304,164,260,True
C1_P11_N1_S5_1.JPG,0,C1_P11,1360,1620,1528,1872,168,252,True
C3_P05_N2_S2_1.JPG,0,C3_P05,764,448,1020,856,256,408,True
C4_P05_N4_S2_1.JPG,0,C4_P05,508,704,696,1048,188,344,True
C2_P05_N3_S3_2.JPG,0,C2_P05,1080,1188,1240,1432,160,244,True
C2_P05_N1_S3_1.JPG,0,C2_P05,2088,792,2292,1048,204,256,True
C1_P10_N1_S2_1.JPG,0,C1_P10,2580,360,2812,800,232,440,True
C3_P07_N2_S4_1.JPG,0,C3_P07,1728,1460,1924,1716,196,256,True
C1_P11_N1_S4_2.JPG,0,C1_P11,1704,376,1908,660,204,284,True
C4_P07_N1_S5_1.JPG,0,C4_P07,1880,136,2020,352,140,216,True
C2_P05_N2_S3_1.JPG,0,C2_P05,2352,92,2572,392,220,300,True
C4_P08_N3_S3_1.JPG,0,C4_P08,56,228,292,616,236,388,False
C2_P06_N1_S4_1.JPG,0,C2_P06,664,1376,796,1588,132,212,False
C1_P11_N1_S5_1.JPG,0,C1_P11,2072,1624,2228,1864,156,240,True
C3_P06_N3_S4_2.JPG,0,C3_P06,2008,1936,2216,2280,208,344,True
C3_P03_N3_S2_1.JPG,0,C3_P03,3908,472,4192,936,284,464,True
C1_P12_N1_S3_1.JPG,0,C1_P12,1544,256,1792,632,248,376,True
C4_P07_N1_S5_1.JPG,0,C4_P07,1880,956,2020,1196,140,240,True
C1_P02_N2_S2_1.JPG,0,C1_P02,1752,1568,2032,2152,280,584,True
C1_P09_N3_S4_1.JPG,0,C1_P09,660,52,864,392,204,340,False
C2_P03_N1_S2_1.JPG,0,C2_P03,1672,1148,1936,1712,264,564,True
C2_P01_N2_S2_1.JPG,0,C2_P01,2240,368,2420,604,180,236,True
C3_P01_N2_S4_1.JPG,0,C3_P01,736,1884,924,2188,188,304,True
C3_P05_N2_S4_1.JPG,0,C3_P05,2048,688,2292,1080,244,392,True
C4_P07_N1_S4_1.JPG,0,C4_P07,1088,44,1240,360,152,316,True
C2_P02_N3_S3_1.JPG,0,C2_P02,136,180,356,520,220,340,True
C2_P04_N1_S3_1.JPG,0,C2_P04,1484,1104,1624,1352,140,248,False
C1_P03_N2_S3_1.JPG,0,C1_P03,1092,1172,1288,1428,196,256,False
C2_P06_N3_S4_1.JPG,0,C2_P06,1100,1080,1260,1324,160,244,False
C2_P07_N1_S3_1.JPG,0,C2_P07,12,96,160,436,148,340,False
C2_P03_N3_S2_1.JPG,0,C2_P03,1168,260,1460,732,292,472,True
C1_P08_N3_S3_1.JPG,0,C1_P08,1484,312,1736,676,252,364,True
C2_P09_N1_S7_2.JPG,0,C2_P09,824,1340,912,1468,88,128,False
C2_P03_N1_S2_1.JPG,0,C2_P03,1904,1144,2168,1708,264,564,True
C2_P04_N1_S2_1.JPG,0,C2_P04,196,812,372,1088,176,276,False
C2_P09_N1_S7_1.JPG,0,C2_P09,1672,1204,1776,1344,104,140,False
C1_P07_N1_S3_2.JPG,0,C1_P07,1992,1384,2196,1664,204,280,False
C2_P06_N2_S4_1.JPG,0,C2_P06,1568,1528,1724,1764,156,236,False
C1_P10_N1_S5_1.JPG,0,C1_P10,280,1960,436,2240,156,280,True
C2_P08_N3_S3_2.JPG,0,C2_P08,1152,732,1332,1012,180,280,False
C2_P07_N1_S6_2.JPG,0,C2_P07,104,300,208,492,104,192,False
C1_P10_N1_S4_1.JPG,0,C1_P10,1688,128,1848,388,160,260,True
C1_P12_N3_S3_1.JPG,0,C1_P12,1360,1672,1592,2068,232,396,True
C2_P09_N1_S7_2.JPG,0,C2_P09,1504,1560,1596,1692,92,132,False
C1_P05_N1_S3_2.JPG,0,C1_P05,328,1008,572,1336,244,328,True
C4_P08_N1_S5_1.JPG,0,C4_P08,912,1400,1044,1620,132,220,False
C4_P08_N2_S4_1.JPG,0,C4_P08,2508,616,2732,928,224,312,False
C4_P07_N1_S5_1.JPG,0,C4_P07,1748,1780,1900,2028,152,248,True
C2_P03_N2_S4_1.JPG,0,C2_P03,808,1024,996,1332,188,308,True
C3_P03_N1_S5_1.JPG,0,C3_P03,1516,1640,1668,1908,152,268,True
C3_P01_N1_S2_1.JPG,0,C3_P01,1604,492,1984,1072,380,580,True
C1_P12_N4_S3_1.JPG,0,C1_P12,868,1864,1120,2224,252,360,True
C2_P09_N1_S7_2.JPG,0,C2_P09,1068,880,1164,1016,96,136,False
C4_P07_N1_S3_2.JPG,0,C4_P07,2116,356,2304,644,188,288,True
C4_P01_N3_S3_1.JPG,0,C4_P01,1484,1024,1676,1300,192,276,True
C2_P04_N1_S5_1.JPG,0,C2_P04,496,200,604,416,108,216,False
C4_P02_N4_S2_1.JPG,0,C4_P02,1740,1224,1968,1560,228,336,True
C1_P11_N2_S4_3.JPG,0,C1_P11,2760,1748,2940,2064,180,316,True
C3_P07_N3_S3_1.JPG,0,C3_P07,3088,1936,3376,2332,288,396,True
C2_P04_N2_S2_1.JPG,0,C2_P04,1836,260,2036,536,200,276,False
C2_P07_N1_S4_1.JPG,0,C2_P07,296,1392,452,1644,156,252,False
C2_P06_N1_S4_1.JPG,0,C2_P06,1836,60,2000,280,164,220,False
C1_P11_N2_S4_1.JPG,0,C1_P11,640,1456,856,1828,216,372,True
C2_P04_N1_S4_1.JPG,0,C2_P04,952,1512,1104,1736,152,224,False
C4_P02_N3_S2_1.JPG,0,C4_P02,1020,1044,1192,1300,172,256,True
C2_P07_N3_S3_1.JPG,0,C2_P07,168,236,344,512,176,276,False
C2_P03_N2_S2_1.JPG,0,C2_P03,476,284,796,828,320,544,True
C2_P07_N2_S4_1.JPG,0,C2_P07,1048,1324,1200,1568,152,244,False
C3_P07_N3_S3_1.JPG,0,C3_P07,3272,100,3744,696,472,596,True
C1_P12_N1_S3_1.JPG,0,C1_P12,1860,248,2108,624,248,376,True
C2_P02_N1_S4_1.JPG,0,C2_P02,428,1096,604,1348,176,252,True
C1_P05_N1_S3_2.JPG,0,C1_P05,2964,380,3176,700,212,320,True
C3_P03_N2_S3_1.JPG,0,C3_P03,3228,412,3460,752,232,340,True
C3_P04_N1_S5_1.JPG,0,C3_P04,352,1000,524,1308,172,308,True
C1_P11_N2_S3_2.JPG,0,C1_P11,1068,252,1352,664,284,412,True
C4_P06_N2_S3_1.JPG,0,C4_P06,564,340,752,640,188,300,True
C1_P12_N3_S3_1.JPG,0,C1_P12,576,1024,840,1412,264,388,True
C1_P10_N1_S5_1.JPG,0,C1_P10,1428,1580,1584,1812,156,232,True
C2_P09_N1_S7_1.JPG,0,C2_P09,2204,452,2300,588,96,136,False
C2_P07_N1_S6_1.JPG,0,C2_P07,336,684,444,824,108,140,False
C4_P05_N1_S3_1.JPG,0,C4_P05,556,364,740,632,184,268,True
C1_P11_N1_S5_1.JPG,0,C1_P11,300,2064,468,2348,168,284,True
C1_P05_N1_S4_3.JPG,0,C1_P05,384,888,620,1220,236,332,True
C4_P05_N2_S4_1.JPG,0,C4_P05,1320,1676,1516,1988,196,312,True
C2_P04_N1_S5_1.JPG,0,C2_P04,952,1244,1072,1420,120,176,False
C4_P02_N2_S4_1.JPG,0,C4_P02,588,1156,740,1376,152,220,True
C2_P08_N2_S3_2.JPG,0,C2_P08,612,772,808,1076,196,304,False
C1_P02_N2_S2_1.JPG,0,C1_P02,1504,660,1848,1244,344,584,True
C1_P04_N3_S2_1.JPG,0,C1_P04,2012,508,2272,892,260,384,True
C1_P08_N3_S4_1.JPG,0,C1_P08,1896,168,2164,568,268,400,True
C2_P01_N3_S2_1.JPG,0,C2_P01,1976,304,2164,548,188,244,True
C1_P10_N2_S4_1.JPG,0,C1_P10,1896,244,2092,556,196,312,True
C3_P02_N2_S4_1.JPG,0,C3_P02,1832,824,2044,1188,212,364,True
C1_P02_N3_S3_1.JPG,0,C1_P02,1296,224,1628,740,332,516,True
C1_P07_N1_S3_1.JPG,0,C1_P07,228,1596,432,1928,204,332,False
C1_P09_N4_S4_1.JPG,0,C1_P09,1932,496,2128,784,196,288,False
C2_P07_N2_S3_1.JPG,0,C2_P07,1288,684,1480,964,192,280,False
C2_P09_N1_S7_1.JPG,0,C2_P09,2224,176,2336,336,112,160,False
C2_P08_N2_S4_1.JPG,0,C2_P08,72,520,208,760,136,240,False
C4_P05_N1_S2_1.JPG,0,C4_P05,1664,992,1888,1312,224,320,True
C1_P01_N1_S5_1.JPG,0,C1_P01,464,1056,672,1396,208,340,True
C1_P12_N3_S4_1.JPG,0,C1_P12,720,304,948,656,228,352,True
C2_P07_N2_S4_1.JPG,0,C2_P07,1048,940,1204,1164,156,224,False
C2_P08_N3_S3_2.JPG,0,C2_P08,1492,1172,1672,1480,180,308,False
C3_P01_N1_S5_1.JPG,0,C3_P01,1028,2108,1160,2376,132,268,True
C2_P06_N2_S4_2.JPG,0,C2_P06,1340,84,1488,316,148,232,False
C4_P07_N1_S3_1.JPG,0,C4_P07,288,1500,480,1844,192,344,True
C4_P05_N3_S3_1.JPG,0,C4_P05,1732,248,1928,560,196,312,True
C2_P09_N1_S7_2.JPG,0,C2_P09,1272,92,1376,256,104,164,False
C1_P06_N2_S3_3.JPG,0,C1_P06,1936,1068,2156,1388,220,320,True
C4_P05_N1_S3_1.JPG,0,C4_P05,944,348,1144,616,200,268,True
C1_P06_N3_S3_1.JPG,0,C1_P06,2708,756,2952,1116,244,360,True
C4_P07_N2_S4_1.JPG,0,C4_P07,2152,708,2312,972,160,264,True
C1_P11_N2_S4_1.JPG,0,C1_P11,2836,1488,3028,1792,192,304,True
C1_P09_N1_S5_1.JPG,0,C1_P09,1744,2032,1916,2312,172,280,False
C1_P03_N2_S3_2.JPG,0,C1_P03,1992,320,2216,588,224,268,False
C2_P04_N1_S5_1.JPG,0,C2_P04,248,240,364,432,116,192,False
C3_P06_N3_S4_2.JPG,0,C3_P06,2696,1416,2912,1780,216,364,True
C3_P03_N4_S2_1.JPG,0,C3_P03,3652,328,3916,740,264,412,True
C2_P09_N1_S7_1.JPG,0,C2_P09,2044,156,2156,316,112,160,False
C1_P03_N1_S3_1.JPG,0,C1_P03,1300,1672,1484,1932,184,260,False
C2_P04_N1_S3_1.JPG,0,C2_P04,124,632,284,880,160,248,False
C3_P06_N3_S4_2.JPG,0,C3_P06,1992,1468,2200,1792,208,324,True
C1_P05_N1_S4_3.JPG,0,C1_P05,372,312,604,628,232,316,True
C4_P04_N3_S3_1.JPG,0,C4_P04,1232,128,1452,460,220,332,True
C1_P04_N1_S5_1.JPG,0,C1_P04,1176,636,1332,892,156,256,True
C2_P02_N1_S5_1.JPG,0,C2_P02,1264,308,1364,476,100,168,True
C2_P06_N1_S4_1.JPG,0,C2_P06,1928,504,2092,724,164,220,False
C4_P07_N1_S4_1.JPG,0,C4_P07,340,68,508,344,168,276,True
C1_P03_N1_S2_1.JPG,0,C1_P03,2332,1160,2528,1420,196,260,False
C1_P05_N1_S3_2.JPG,0,C1_P05,2924,972,3144,1300,220,328,True
C1_P12_N3_S4_1.JPG,0,C1_P12,940,304,1168,656,228,352,True
C1_P07_N2_S3_3.JPG,0,C1_P07,2600,368,2812,672,212,304,False
C2_P01_N2_S4_1.JPG,0,C2_P01,836,1500,964,1668,128,168,True
C4_P07_N2_S4_1.JPG,0,C4_P07,468,704,636,996,168,292,True
C1_P11_N1_S5_1.JPG,0,C1_P11,2164,1992,2332,2268,168,276,True
C2_P07_N1_S4_1.JPG,0,C2_P07,0,1392,156,1644,156,252,False
C1_P11_N2_S4_2.JPG,0,C1_P11,2908,696,3108,1048,200,352,True
C3_P03_N2_S3_1.JPG,0,C3_P03,2500,412,2732,752,232,340,True
C1_P05_N1_S4_3.JPG,0,C1_P05,172,1456,388,1856,216,400,True
C3_P01_N2_S3_1.JPG,0,C3_P01,1272,1012,1496,1452,224,440,True
C3_P05_N1_S5_1.JPG,0,C3_P05,1044,196,1228,448,184,252,True
C2_P01_N1_S5_1.JPG,0,C2_P01,1152,624,1264,772,112,148,True
C1_P12_N2_S4_1.JPG,0,C1_P12,936,2056,1160,2400,224,344,True
C1_P04_N4_S2_1.JPG,0,C1_P04,2640,1036,2888,1432,248,396,True
C1_P04_N1_S3_1.JPG,0,C1_P04,2380,496,2588,880,208,384,True
C1_P11_N1_S3_2.JPG,0,C1_P11,2060,1056,2284,1380,224,324,True
C2_P09_N1_S7_1.JPG,0,C2_P09,224,360,320,544,96,184,False
C1_P09_N1_S5_1.JPG,0,C1_P09,1048,1292,1232,1556,184,264,False
C2_P04_N1_S4_1.JPG,0,C2_P04,816,148,960,440,144,292,False
C4_P07_N3_S3_1.JPG,0,C4_P07,1612,848,1816,1152,204,304,True
C1_P03_N2_S2_1.JPG,0,C1_P03,1872,424,2108,804,236,380,False
C3_P01_N1_S5_1.JPG,0,C3_P01,428,1744,588,1996,160,252,True
C4_P03_N3_S3_1.JPG,0,C4_P03,104,912,316,1228,212,316,True
C4_P08_N1_S5_2.JPG,0,C4_P08,1056,1396,1192,1632,136,236,False
C2_P01_N3_S3_1.JPG,0,C2_P01,1344,620,1496,844,152,224,True
C4_P03_N2_S4_1.JPG,0,C4_P03,2480,1772,2640,2012,160,240,True
C3_P02_N3_S3_1.JPG,0,C3_P02,1696,1868,1944,2212,248,344,True
C1_P08_N2_S3_1.JPG,0,C1_P08,2768,1488,2964,1888,196,400,True
C4_P08_N1_S3_1.JPG,0,C4_P08,1264,344,1484,724,220,380,False
C3_P03_N1_S3_1.JPG,0,C3_P03,1920,1960,2208,2384,288,424,True
C4_P07_N1_S5_1.JPG,0,C4_P07,1200,524,1348,780,148,256,True
C4_P03_N3_S3_2.JPG,0,C4_P03,2152,1588,2356,1924,204,336,True
C1_P09_N2_S6_1.JPG,0,C1_P09,2116,1200,2284,1440,168,240,False
C1_P12_N3_S4_1.JPG,0,C1_P12,900,2056,1116,2388,216,332,True
C1_P03_N1_S4_1.JPG,0,C1_P03,2524,212,2692,484,168,272,False
C1_P05_N2_S4_1.JPG,0,C1_P05,2752,1252,2972,1600,220,348,True
C3_P04_N2_S3_1.JPG,0,C3_P04,1356,144,1696,736,340,592,True
C3_P01_N1_S2_1.JPG,0,C3_P01,3164,1608,3492,2248,328,640,True
C1_P05_N4_S3_1.JPG,0,C1_P05,2896,1448,3112,1812,216,364,True
C2_P01_N1_S5_1.JPG,0,C2_P01,852,1304,956,1464,104,160,True
C1_P11_N2_S4_3.JPG,0,C1_P11,1748,268,1948,568,200,300,True
C1_P07_N1_S3_1.JPG,0,C1_P07,2812,320,3016,652,204,332,False
C1_P09_N1_S5_2.JPG,0,C1_P09,2096,2000,2252,2240,156,240,False
C3_P03_N1_S2_2.JPG,0,C3_P03,3212,1404,3560,1852,348,448,True
C3_P05_N2_S3_1.JPG,0,C3_P05,876,1092,1124,1448,248,356,True
C4_P08_N1_S5_1.JPG,0,C4_P08,1524,1804,1656,1984,132,180,False
C1_P03_N2_S3_1.JPG,0,C1_P03,1552,1840,1748,2144,196,304,False
C4_P02_N4_S3_1.JPG,0,C4_P02,64,320,248,568,184,248,True
C2_P01_N2_S3_2.JPG,0,C2_P01,1612,284,1772,472,160,188,True
C1_P05_N4_S3_1.JPG,0,C1_P05,288,1432,504,1836,216,404,True
C2_P08_N4_S3_1.JPG,0,C2_P08,1340,780,1548,1140,208,360,False
C1_P08_N2_S3_1.JPG,0,C1_P08,1368,324,1600,672,232,348,True
C1_P09_N2_S6_1.JPG,0,C1_P09,2156,852,2332,1092,176,240,False
C4_P08_N1_S5_1.JPG,0,C4_P08,1168,1436,1300,1624,132,188,False
C2_P09_N1_S7_2.JPG,0,C2_P09,120,1324,208,1476,88,152,False
C2_P01_N1_S4_1.JPG,0,C2_P01,708,1000,828,1164,120,164,True
C1_P03_N1_S2_2.JPG,0,C1_P03,1096,264,1304,544,208,280,False
C1_P06_N3_S3_1.JPG,0,C1_P06,1208,116,1428,424,220,308,True
C3_P06_N1_S4_1.JPG,0,C3_P06,3056,1328,3260,1720,204,392,True
C2_P08_N1_S3_2.JPG,0,C2_P08,1384,1332,1580,1624,196,292,False
C4_P08_N2_S3_2.JPG,0,C4_P08,2320,292,2556,608,236,316,False
C1_P12_N1_S5_1.JPG,0,C1_P12,732,264,904,500,172,236,True
C2_P05_N2_S5_1.JPG,0,C2_P05,72,740,184,904,112,164,True
C4_P04_N2_S3_1.JPG,0,C4_P04,1860,200,2096,576,236,376,True
C1_P03_N1_S4_1.JPG,0,C1_P03,1500,256,1668,484,168,228,False
C3_P01_N2_S4_1.JPG,0,C3_P01,184,1876,372,2180,188,304,True
C4_P04_N4_S2_1.JPG,0,C4_P04,1836,712,2084,1052,248,340,True
C3_P07_N1_S5_1.JPG,0,C3_P07,1784,1676,1952,1916,168,240,True
C3_P05_N3_S3_1.JPG,0,C3_P05,956,1840,1192,2196,236,356,True
C3_P03_N3_S2_1.JPG,0,C3_P03,508,1520,816,1956,308,436,True
C1_P03_N3_S2_1.JPG,0,C1_P03,1908,552,2124,836,216,284,False
C2_P03_N1_S5_1.JPG,0,C2_P03,188,1244,332,1472,144,228,True
C4_P05_N1_S3_1.JPG,0,C4_P05,744,348,928,616,184,268,True
C1_P07_N1_S3_1.JPG,0,C1_P07,2364,320,2568,652,204,332,False
C2_P01_N1_S5_1.JPG,0,C2_P01,16,228,128,376,112,148,True
C1_P03_N1_S2_2.JPG,0,C1_P03,2744,212,2924,532,180,320,False
C2_P08_N2_S4_1.JPG,0,C2_P08,980,916,1128,1136,148,220,False
C2_P07_N1_S6_2.JPG,0,C2_P07,92,20,196,212,104,192,False
C3_P01_N1_S5_2.JPG,0,C3_P01,360,2040,524,2300,164,260,True
C1_P08_N3_S4_1.JPG,0,C1_P08,1684,164,1952,564,268,400,True
C4_P02_N1_S3_1.JPG,0,C4_P02,1588,868,1764,1116,176,248,True
C2_P01_N1_S3_1.JPG,0,C2_P01,1028,764,1164,936,136,172,True
C1_P05_N2_S4_2.JPG,0,C1_P05,332,244,568,556,236,312,True
C3_P03_N1_S2_1.JPG,0,C3_P03,3240,480,3524,892,284,412,True
C3_P02_N1_S5_1.JPG,0,C3_P02,1324,1112,1488,1372,164,260,True
C1_P09_N1_S2_1.JPG,0,C1_P09,752,572,908,840,156,268,False
C4_P04_N2_S4_1.JPG,0,C4_P04,2220,132,2428,416,208,284,True
C3_P07_N1_S6_1.JPG,0,C3_P07,1068,2364,1236,2596,168,232,True
C4_P02_N1_S3_1.JPG,0,C4_P02,240,864,396,1088,156,224,True
C1_P08_N2_S5_1.JPG,0,C1_P08,792,220,948,512,156,292,True
C2_P09_N1_S7_2.JPG,0,C2_P09,220,1552,316,1700,96,148,False
C3_P03_N3_S2_1.JPG,0,C3_P03,3012,1444,3292,1916,280,472,True
C4_P05_N1_S5_1.JPG,0,C4_P05,1988,940,2156,1192,168,252,True
C1_P03_N1_S3_1.JPG,0,C1_P03,2796,964,3000,1280,204,316,False
C1_P05_N2_S3_1.JPG,0,C1_P05,2964,284,3196,660,232,376,True
C2_P03_N1_S4_1.JPG,0,C2_P03,332,604,504,916,172,312,True
C3_P03_N1_S5_1.JPG,0,C3_P03,328,1144,480,1368,152,224,True
C1_P09_N4_S3_1.JPG,0,C1_P09,188,812,368,1056,180,244,False
C4_P06_N1_S4_1.JPG,0,C4_P06,148,180,340,460,192,280,True
C1_P08_N3_S4_2.JPG,0,C1_P08,932,2020,1136,2332,204,312,True
C4_P05_N4_S2_1.JPG,0,C4_P05,1068,224,1280,552,212,328,True
C1_P08_N4_S3_1.JPG,0,C1_P08,1940,940,2168,1280,228,340,True
C4_P03_N2_S3_1.JPG,0,C4_P03,2472,1264,2652,1576,180,312,True
C3_P06_N1_S4_1.JPG,0,C3_P06,1032,1888,1236,2204,204,316,True
C1_P05_N1_S3_1.JPG,0,C1_P05,2072,644,2300,1004,228,360,True
C4_P02_N1_S3_1.JPG,0,C4_P02,1328,232,1496,460,168,228,True
C4_P03_N3_S3_2.JPG,0,C4_P03,2588,956,2800,1268,212,312,True
C3_P03_N4_S2_1.JPG,0,C3_P03,2432,336,2712,768,280,432,True
C2_P02_N2_S2_1.JPG,0,C2_P02,1984,876,2204,1232,220,356,True
C2_P05_N2_S3_1.JPG,0,C2_P05,1300,1276,1472,1544,172,268,True
C3_P04_N1_S5_1.JPG,0,C3_P04,928,2052,1084,2268,156,216,True
C2_P01_N1_S5_2.JPG,0,C2_P01,1244,968,1344,1124,100,156,True
C4_P08_N1_S4_1.JPG,0,C4_P08,1644,1728,1836,2024,192,296,False
C2_P08_N1_S6_1.JPG,0,C2_P08,576,644,688,820,112,176,False
C1_P11_N2_S3_2.JPG,0,C1_P11,2268,1428,2460,1772,192,344,True
C3_P07_N1_S5_1.JPG,0,C3_P07,2276,2124,2444,2380,168,256,True
C2_P05_N1_S4_1.JPG,0,C2_P05,1384,692,1540,912,156,220,True
C1_P05_N1_S4_2.JPG,0,C1_P05,800,1900,1016,2268,216,368,True
C3_P04_N2_S4_1.JPG,0,C3_P04,1536,716,1740,1024,204,308,True
C1_P12_N1_S5_1.JPG,0,C1_P12,1092,1196,1264,1476,172,280,True
C3_P03_N3_S3_1.JPG,0,C3_P03,1492,204,1748,560,256,356,True
C2_P01_N1_S3_1.JPG,0,C2_P01,1244,284,1380,456,136,172,True
C3_P05_N1_S4_1.JPG,0,C3_P05,1356,1508,1552,1804,196,296,True
C1_P08_N4_S4_1.JPG,0,C1_P08,2676,1556,2876,1892,200,336,True
C1_P12_N2_S2_1.JPG,0,C1_P12,1276,1392,1620,1908,344,516,True
C2_P01_N4_S2_1.JPG,0,C2_P01,1516,872,1692,1120,176,248,True
C4_P08_N1_S4_1.JPG,0,C4_P08,2356,1224,2556,1508,200,284,False
C1_P04_N1_S3_1.JPG,0,C1_P04,2372,1244,2608,1604,236,360,True
C1_P05_N1_S4_3.JPG,0,C1_P05,1040,872,1276,1204,236,332,True
C1_P10_N1_S5_1.JPG,0,C1_P10,152,188,292,396,140,208,True
C2_P04_N2_S4_1.JPG,0,C2_P04,200,176,364,432,164,256,False
C4_P06_N4_S3_1.JPG,0,C4_P06,420,276,616,576,196,300,True
C2_P06_N1_S4_1.JPG,0,C2_P06,1124,1340,1272,1592,148,252,False
C2_P06_N1_S5_1.JPG,0,C2_P06,1424,464,1552,628,128,164,False
C4_P08_N2_S2_1.JPG,0,C4_P08,2492,936,2724,1268,232,332,False
C4_P07_N1_S5_1.JPG,0,C4_P07,1328,1836,1484,2056,156,220,True
C4_P08_N1_S5_1.JPG,0,C4_P08,668,280,800,488,132,208,False
C3_P05_N2_S4_1.JPG,0,C3_P05,2064,156,2268,480,204,324,True
C2_P05_N1_S3_1.JPG,0,C2_P05,540,148,736,432,196,284,True
C4_P05_N2_S4_1.JPG,0,C4_P05,1488,1208,1684,1508,196,300,True
C1_P03_N1_S4_1.JPG,0,C1_P03,248,1992,416,2272,168,280,False
C4_P05_N2_S3_1.JPG,0,C4_P05,308,1456,504,1768,196,312,True
C4_P06_N4_S3_1.JPG,0,C4_P06,1380,284,1588,600,208,316,True
C1_P03_N1_S3_1.JPG,0,C1_P03,1524,288,1712,552,188,264,False
C1_P04_N1_S4_1.JPG,0,C1_P04,1012,728,1208,1052,196,324,True
C1_P11_N1_S4_2.JPG,0,C1_P11,764,1932,976,2272,212,340,True
C3_P05_N3_S3_1.JPG,0,C3_P05,2864,1864,3076,2204,212,340,True
C1_P04_N1_S3_1.JPG,0,C1_P04,2604,1972,2828,2340,224,368,True
C2_P05_N1_S5_1.JPG,0,C2_P05,20,132,156,332,136,200,True
C2_P04_N1_S5_1.JPG,0,C2_P04,708,236,840,420,132,184,False
C2_P05_N2_S5_1.JPG,0,C2_P05,836,740,948,904,112,164,True
C3_P02_N4_S2_1.JPG,0,C3_P02,3832,1432,4096,1808,264,376,True
C4_P07_N3_S3_2.JPG,0,C4_P07,400,820,580,1088,180,268,True
C3_P05_N1_S5_1.JPG,0,C3_P05,2124,1648,2276,1904,152,256,True
C3_P03_N2_S2_1.JPG,0,C3_P03,2772,1576,3060,1992,288,416,True
C2_P04_N3_S4_1.JPG,0,C2_P04,920,1436,1076,1644,156,208,False
C2_P01_N1_S4_1.JPG,0,C2_P01,1048,996,1168,1160,120,164,True
C1_P05_N1_S4_1.JPG,0,C1_P05,368,1420,596,1792,228,372,True
C1_P12_N3_S3_1.JPG,0,C1_P12,1108,1664,1340,2060,232,396,True
C1_P08_N2_S4_1.JPG,0,C1_P08,1028,1408,1252,1756,224,348,True
C2_P01_N1_S4_1.JPG,0,C2_P01,1420,584,1540,752,120,168,True
C3_P03_N2_S3_1.JPG,0,C3_P03,2988,412,3220,752,232,340,True
C2_P02_N2_S3_1.JPG,0,C2_P02,328,176,544,496,216,320,True
C2_P05_N2_S3_1.JPG,0,C2_P05,160,1236,340,1500,180,264,True
C3_P07_N4_S2_1.JPG,0,C3_P07,2116,1564,2420,1992,304,428,True
C2_P08_N3_S3_1.JPG,0,C2_P08,316,836,536,1216,220,380,False
C3_P06_N3_S3_1.JPG,0,C3_P06,3024,1712,3300,2152,276,440,True
C2_P05_N1_S2_1.JPG,0,C2_P05,2004,880,2216,1168,212,288,True
C4_P03_N3_S3_2.JPG,0,C4_P03,1684,348,1876,636,192,288,True
C4_P08_N2_S3_1.JPG,0,C4_P08,1712,1324,1912,1660,200,336,False
C4_P01_N1_S3_1.JPG,0,C4_P01,2292,892,2480,1180,188,288,True
C2_P06_N1_S4_1.JPG,0,C2_P06,840,936,1004,1156,164,220,False
C4_P04_N2_S4_1.JPG,0,C4_P04,1216,92,1408,416,192,324,True
C4_P08_N1_S4_1.JPG,0,C4_P08,712,120,904,396,192,276,False
C3_P07_N1_S2_1.JPG,0,C3_P07,796,444,1140,936,344,492,True
C3_P03_N1_S5_1.JPG,0,C3_P03,160,1148,312,1372,152,224,True
C4_P01_N3_S3_1.JPG,0,C4_P01,1292,976,1484,1304,192,328,True
C3_P05_N1_S4_1.JPG,0,C3_P05,1916,1508,2096,1804,180,296,True
C2_P07_N1_S6_2.JPG,0,C2_P07,608,848,712,1000,104,152,False
C2_P01_N1_S4_1.JPG,0,C2_P01,48,572,168,732,120,160,True
C1_P03_N3_S2_1.JPG,0,C1_P03,2736,584,2952,868,216,284,False
C3_P05_N1_S2_1.JPG,0,C3_P05,2704,1272,2936,1632,232,360,True
C1_P05_N2_S4_1.JPG,0,C1_P05,2120,1280,2340,1628,220,348,True
C2_P03_N1_S2_1.JPG,0,C2_P03,432,372,788,892,356,520,True
C2_P05_N1_S2_1.JPG,0,C2_P05,2176,880,2388,1168,212,288,True
C2_P04_N1_S5_1.JPG,0,C2_P04,852,588,972,776,120,188,False
C1_P11_N2_S3_1.JPG,0,C1_P11,1368,1420,1600,1788,232,368,True
C4_P08_N1_S3_1.JPG,0,C4_P08,356,1596,580,1908,224,312,False
C4_P07_N1_S5_1.JPG,0,C4_P07,1332,544,1492,772,160,228,True
C4_P02_N3_S2_1.JPG,0,C4_P02,2456,328,2636,632,180,304,True
C2_P06_N3_S3_1.JPG,0,C2_P06,148,1064,312,1276,164,212,False
C3_P01_N1_S3_1.JPG,0,C3_P01,452,1092,732,1500,280,408,True
C1_P07_N1_S3_2.JPG,0,C1_P07,2456,752,2660,1032,204,280,False
C1_P04_N1_S5_1.JPG,0,C1_P04,1008,2108,1180,2388,172,280,True
C3_P04_N3_S2_1.JPG,0,C3_P04,1224,584,1608,1188,384,604,True
C3_P01_N1_S5_1.JPG,0,C3_P01,72,304,252,560,180,256,True
C2_P03_N1_S5_1.JPG,0,C2_P03,484,544,632,784,148,240,True
C1_P06_N2_S3_1.JPG,0,C1_P06,684,1120,908,1456,224,336,True
C1_P03_N1_S3_1.JPG,0,C1_P03,1660,1696,1844,1956,184,260,False
C2_P03_N3_S2_1.JPG,0,C2_P03,2080,292,2372,764,292,472,True
C2_P01_N1_S5_2.JPG,0,C2_P01,676,248,772,392,96,144,True
C3_P07_N4_S2_1.JPG,0,C3_P07,832,548,1176,1020,344,472,True
C3_P06_N1_S3_1.JPG,0,C3_P06,2940,1772,3136,2180,196,408,True
C1_P10_N1_S4_1.JPG,0,C1_P10,1208,724,1368,984,160,260,True
C4_P05_N4_S2_1.JPG,0,C4_P05,2116,728,2340,1076,224,348,True
C2_P06_N3_S4_1.JPG,0,C2_P06,756,616,936,840,180,224,False
C2_P01_N2_S4_1.JPG,0,C2_P01,444,288,564,448,120,160,True
C1_P02_N2_S3_1.JPG,0,C1_P02,1596,184,1920,708,324,524,True
C4_P04_N5_S2_1.JPG,0,C4_P04,976,712,1204,1060,228,348,True
C2_P02_N1_S2_1.JPG,0,C2_P02,752,508,992,852,240,344,True
C1_P06_N1_S4_2.JPG,0,C1_P06,488,820,684,1100,196,280,True
C3_P03_N2_S4_1.JPG,0,C3_P03,1004,808,1180,1120,176,312,True
C1_P08_N3_S4_2.JPG,0,C1_P08,2284,404,2504,728,220,324,True
C2_P08_N2_S4_1.JPG,0,C2_P08,1232,1252,1380,1504,148,252,False
C1_P04_N1_S5_2.JPG,0,C1_P04,1848,1236,1988,1456,140,220,True
C3_P07_N1_S2_1.JPG,0,C3_P07,3508,492,3852,984,344,492,True
C2_P05_N1_S5_1.JPG,0,C2_P05,1144,1576,1268,1748,124,172,True
C4_P05_N3_S2_1.JPG,0,C4_P05,924,244,1112,564,188,320,True
C1_P08_N2_S5_1.JPG,0,C1_P08,2456,752,2624,1008,168,256,True
C3_P02_N3_S3_1.JPG,0,C3_P02,3728,396,4000,764,272,368,True
C3_P04_N4_S2_1.JPG,0,C3_P04,3660,1708,4008,2252,348,544,True
C1_P02_N2_S4_1.JPG,0,C1_P02,232,56,472,440,240,384,True
C2_P02_N1_S4_1.JPG,0,C2_P02,1748,1108,1904,1360,156,252,True
C1_P04_N1_S3_1.JPG,0,C1_P04,356,476,532,848,176,372,True
C1_P08_N3_S4_2.JPG,0,C1_P08,1696,1440,1884,1788,188,348,True
C2_P05_N2_S5_1.JPG,0,C2_P05,956,708,1068,888,112,180,True
C1_P09_N3_S4_1.JPG,0,C1_P09,1400,88,1604,400,204,312,False
C1_P06_N2_S3_2.JPG,0,C1_P06,2108,1504,2356,1824,248,320,True
C3_P05_N2_S4_1.JPG,0,C3_P05,2876,760,3080,1092,204,332,True
C2_P06_N1_S2_1.JPG,0,C2_P06,28,680,212,936,184,256,False
C4_P03_N2_S3_2.JPG,0,C4_P03,1528,1488,1720,1764,192,276,True
C1_P08_N4_S4_1.JPG,0,C1_P08,2700,972,2932,1320,232,348,True
C3_P06_N1_S3_2.JPG,0,C3_P06,1236,1700,1484,2100,248,400,True
C1_P02_N1_S4_1.JPG,0,C1_P02,1092,700,1336,1072,244,372,True
C3_P01_N1_S5_1.JPG,0,C3_P01,1032,1772,1192,2024,160,252,True
C1_P12_N2_S5_1.JPG,0,C1_P12,396,764,556,1020,160,256,True
C1_P04_N1_S4_1.JPG,0,C1_P04,3032,716,3212,1028,180,312,True
C2_P05_N3_S3_2.JPG,0,C2_P05,1724,1184,1884,1428,160,244,True
C1_P05_N1_S5_1.JPG,0,C1_P05,1380,2116,1568,2400,188,284,True
C3_P04_N4_S2_1.JPG,0,C3_P04,2888,232,3304,972,416,740,True
C1_P05_N1_S5_1.JPG,0,C1_P05,680,180,860,436,180,256,True
C4_P08_N1_S4_1.JPG,0,C4_P08,2196,92,2388,436,192,344,False
C4_P08_N2_S2_1.JPG,0,C4_P08,128,272,376,620,248,348,False
C3_P05_N2_S3_1.JPG,0,C3_P05,664,1028,912,1476,248,448,True
C2_P05_N2_S5_1.JPG,0,C2_P05,1040,1316,1152,1472,112,156,True
C3_P05_N4_S2_1.JPG,0,C3_P05,564,1332,880,1696,316,364,True
C1_P06_N3_S3_1.JPG,0,C1_P06,2088,1492,2300,1832,212,340,True
C4_P03_N3_S3_2.JPG,0,C4_P03,1960,1580,2164,1888,204,308,True
C1_P06_N1_S5_1.JPG,0,C1_P06,1388,672,1544,888,156,216,True
C3_P03_N2_S4_1.JPG,0,C3_P03,1580,2008,1748,2308,168,300,True
C2_P08_N1_S6_1.JPG,0,C2_P08,352,652,464,828,112,176,False
C4_P07_N3_S3_1.JPG,0,C4_P07,316,860,500,1144,184,284,True
C1_P07_N1_S3_2.JPG,0,C1_P07,2008,2016,2212,2296,204,280,False
C2_P01_N1_S5_1.JPG,0,C2_P01,664,620,776,768,112,148,True
C4_P02_N4_S3_1.JPG,0,C4_P02,1068,320,1244,568,176,248,True
C1_P04_N1_S5_2.JPG,0,C1_P04,1060,2076,1188,2276,128,200,True
C1_P11_N2_S4_2.JPG,0,C1_P11,784,1896,1020,2240,236,344,True
C4_P07_N1_S4_2.JPG,0,C4_P07,2276,656,2440,920,164,264,True
C1_P01_N2_S4_1.JPG,0,C1_P01,404,724,664,1164,260,440,True
C2_P03_N1_S3_1.JPG,0,C2_P03,304,180,548,580,244,400,True
C1_P08_N4_S4_1.JPG,0,C1_P08,1456,2096,1664,2436,208,340,True
C3_P02_N3_S2_1.JPG,0,C3_P02,8,568,332,1008,324,440,True
C1_P01_N1_S2_1.JPG,0,C1_P01,1008,1552,1260,1928,252,376,True
C1_P12_N3_S3_1.JPG,0,C1_P12,596,1656,828,2052,232,396,True
C4_P06_N1_S4_1.JPG,0,C4_P06,212,1820,420,2108,208,288,True
C1_P03_N2_S2_1.JPG,0,C1_P03,2324,1172,2560,1544,236,372,False
C4_P08_N3_S3_1.JPG,0,C4_P08,2340,1532,2548,1844,208,312,False
C3_P03_N2_S4_1.JPG,0,C3_P03,2260,264,2436,524,176,260,True
C1_P08_N2_S4_2.JPG,0,C1_P08,1552,400,1768,744,216,344,True
C1_P04_N1_S4_1.JPG,0,C1_P04,2620,1356,2824,1688,204,332,True
C1_P08_N1_S4_1.JPG,0,C1_P08,1544,804,1784,1156,240,352,True
C3_P02_N3_S3_1.JPG,0,C3_P02,636,1812,884,2192,248,380,True
C1_P03_N3_S2_1.JPG,0,C1_P03,468,1188,652,1468,184,280,False
C1_P10_N2_S2_1.JPG,0,C1_P10,192,1204,480,1636,288,432,True
C4_P05_N3_S3_1.JPG,0,C4_P05,1716,752,1892,1112,176,360,True
C2_P09_N1_S7_2.JPG,0,C2_P09,1280,380,1372,532,92,152,False
C1_P11_N1_S3_2.JPG,0,C1_P11,232,1620,468,2024,236,404,True
C2_P02_N2_S4_1.JPG,0,C2_P02,1712,268,1864,536,152,268,True
C2_P03_N2_S3_1.JPG,0,C2_P03,636,156,884,552,248,396,True
C2_P03_N1_S5_1.JPG,0,C2_P03,624,548,756,788,132,240,True
C4_P08_N2_S4_1.JPG,0,C4_P08,2308,1172,2516,1504,208,332,False
C3_P04_N2_S3_1.JPG,0,C3_P04,376,1072,700,1520,324,448,True
C1_P04_N1_S5_1.JPG,0,C1_P04,864,2108,1028,2380,164,272,True
C3_P02_N2_S4_1.JPG,0,C3_P02,2312,224,2524,540,212,316,True
C3_P06_N1_S5_1.JPG,0,C3_P06,1336,604,1512,908,176,304,True
C1_P04_N1_S5_2.JPG,0,C1_P04,792,1236,924,1452,132,216,True
C3_P01_N1_S2_2.JPG,0,C3_P01,2828,1580,3128,2188,300,608,True
C1_P08_N3_S4_2.JPG,0,C1_P08,324,1440,524,1796,200,356,True
C3_P04_N1_S5_1.JPG,0,C3_P04,1100,112,1284,392,184,280,True
C1_P12_N1_S4_1.JPG,0,C1_P12,1184,164,1400,460,216,296,True
C1_P10_N2_S2_1.JPG,0,C1_P10,1876,356,2128,728,252,372,True
C1_P06_N1_S3_2.JPG,0,C1_P06,1196,1756,1416,2060,220,304,True
C4_P04_N3_S3_1.JPG,0,C4_P04,1404,1068,1644,1432,240,364,True
C1_P08_N1_S4_1.JPG,0,C1_P08,1764,772,1972,1160,208,388,True
C2_P01_N2_S2_1.JPG,0,C2_P01,1840,980,2012,1224,172,244,True
C1_P03_N1_S4_1.JPG,0,C1_P03,660,252,828,480,168,228,False
C4_P02_N1_S3_1.JPG,0,C4_P02,1684,232,1864,460,180,228,True
C2_P03_N1_S5_1.JPG,0,C2_P03,852,1248,996,1476,144,228,True
C4_P05_N3_S3_1.JPG,0,C4_P05,944,1244,1132,1600,188,356,True
C1_P01_N4_S2_1.JPG,0,C1_P01,2224,1344,2680,1980,456,636,True
C2_P04_N1_S3_1.JPG,0,C2_P04,1168,1072,1320,1340,152,268,False
C2_P08_N1_S3_1.JPG,0,C2_P08,564,184,808,548,244,364,False
C1_P02_N2_S3_1.JPG,0,C1_P02,928,1044,1264,1516,336,472,True
C1_P02_N3_S3_1.JPG,0,C1_P02,1920,212,2168,728,248,516,True
C4_P07_N2_S4_1.JPG,0,C4_P07,1828,176,1996,468,168,292,True
C1_P05_N1_S4_1.JPG,0,C1_P05,2316,220,2504,568,188,348,True
C1_P10_N1_S3_1.JPG,0,C1_P10,2472,1776,2716,2160,244,384,True
C1_P09_N4_S3_1.JPG,0,C1_P09,976,760,1144,1016,168,256,False
C3_P03_N4_S2_1.JPG,0,C3_P03,780,324,1120,756,340,432,True
C3_P04_N1_S3_2.JPG,0,C3_P04,1052,1932,1348,2344,296,412,True
C1_P03_N1_S4_2.JPG,0,C1_P03,1936,644,2092,860,156,216,False
C4_P08_N2_S4_1.JPG,0,C4_P08,2292,628,2516,940,224,312,False
C1_P04_N1_S3_1.JPG,0,C1_P04,756,468,964,852,208,384,True
C1_P12_N2_S2_1.JPG,0,C1_P12,612,452,960,964,348,512,True
C1_P01_N1_S2_1.JPG,0,C1_P01,780,908,1032,1284,252,376,True
C3_P01_N2_S4_1.JPG,0,C3_P01,564,1404,736,1724,172,320,True
C3_P05_N1_S5_1.JPG,0,C3_P05,2752,1628,2928,1904,176,276,True
C1_P03_N1_S2_2.JPG,0,C1_P03,2096,268,2304,548,208,280,False
C4_P07_N1_S4_1.JPG,0,C4_P07,1804,588,1976,916,172,328,True
C1_P02_N2_S3_1.JPG,0,C1_P02,1828,1032,2104,1504,276,472,True
C1_P07_N1_S3_3.JPG,0,C1_P07,568,316,772,612,204,296,False
C2_P08_N1_S4_1.JPG,0,C2_P08,1268,156,1420,396,152,240,False
C1_P05_N3_S3_1.JPG,0,C1_P05,1652,1536,1888,1908,236,372,True
C2_P06_N2_S4_2.JPG,0,C2_P06,1176,84,1324,316,148,232,False
C3_P06_N1_S4_1.JPG,0,C3_P06,2084,208,2284,532,200,324,True
C4_P05_N1_S5_1.JPG,0,C4_P05,2168,1792,2336,2080,168,288,True
C2_P08_N1_S3_1.JPG,0,C2_P08,124,1448,344,1832,220,384,False
C3_P03_N2_S3_1.JPG,0,C3_P03,2260,400,2492,740,232,340,True
C2_P06_N3_S4_1.JPG,0,C2_P06,292,1504,452,1748,160,244,False
C1_P11_N2_S4_2.JPG,0,C1_P11,2096,120,2304,464,208,344,True
C3_P03_N1_S2_1.JPG,0,C3_P03,3128,1396,3464,1844,336,448,True
C1_P08_N4_S3_1.JPG,0,C1_P08,348,932,628,1336,280,404,True
C2_P05_N2_S5_1.JPG,0,C2_P05,420,1008,528,1172,108,164,True
C3_P03_N1_S5_1.JPG,0,C3_P03,1684,1636,1836,1904,152,268,True
C2_P08_N2_S4_1.JPG,0,C2_P08,400,1296,548,1516,148,220,False
C4_P07_N1_S4_2.JPG,0,C4_P07,2128,1140,2300,1420,172,280,True
C2_P06_N3_S4_1.JPG,0,C2_P06,1928,72,2100,360,172,288,False
C1_P08_N2_S4_1.JPG,0,C1_P08,2784,204,2992,564,208,360,True
C1_P11_N1_S5_1.JPG,0,C1_P11,1124,2044,1292,2320,168,276,True
C2_P01_N2_S4_1.JPG,0,C2_P01,628,1516,756,1684,128,168,True
C4_P03_N3_S3_2.JPG,0,C4_P03,1756,1628,1948,1916,192,288,True
C2_P06_N3_S4_1.JPG,0,C2_P06,20,572,200,844,180,272,False
C2_P04_N1_S2_1.JPG,0,C2_P04,1648,832,1804,1136,156,304,False
C3_P03_N2_S3_1.JPG,0,C3_P03,3336,1132,3572,1544,236,412,True
C2_P03_N3_S2_1.JPG,0,C2_P03,1624,976,1940,1480,316,504,True
C2_P02_N1_S3_1.JPG,0,C2_P02,1380,924,1592,1224,212,300,True
C3_P05_N1_S3_1.JPG,0,C3_P05,3068,448,3288,752,220,304,True
C2_P03_N1_S2_1.JPG,0,C2_P03,776,384,1132,904,356,520,True
C2_P04_N1_S4_1.JPG,0,C2_P04,680,132,824,424,144,292,False
C1_P09_N2_S6_1.JPG,0,C1_P09,1984,856,2160,1096,176,240,False
C1_P03_N1_S2_2.JPG,0,C1_P03,540,276,748,556,208,280,False
C4_P02_N1_S3_1.JPG,0,C4_P02,1516,1512,1688,1752,172,240,True
C3_P06_N3_S3_1.JPG,0,C3_P06,284,364,536,796,252,432,True
C1_P05_N2_S4_2.JPG,0,C1_P05,1020,244,1256,556,236,312,True
C3_P01_N1_S2_2.JPG,0,C3_P01,904,1592,1260,2160,356,568,True
C2_P05_N2_S5_1.JPG,0,C2_P05,632,720,744,884,112,164,True
C3_P07_N5_S2_1.JPG,0,C3_P07,2716,1460,3028,1828,312,368,True
C1_P04_N1_S5_2.JPG,0,C1_P04,2116,2060,2248,2272,132,212,True
C4_P03_N2_S4_1.JPG,0,C4_P03,312,1740,496,1976,184,236,True
C4_P07_N1_S3_1.JPG,0,C4_P07,2172,392,2364,680,192,288,True
C1_P05_N2_S3_1.JPG,0,C1_P05,2032,320,2296,652,264,332,True
C2_P05_N1_S5_1.JPG,0,C2_P05,1156,552,1284,728,128,176,True
C3_P03_N3_S2_1.JPG,0,C3_P03,1828,564,2124,988,296,424,True
C4_P08_N2_S3_1.JPG,0,C4_P08,2336,708,2568,1068,232,360,False
C1_P02_N1_S2_1.JPG,0,C1_P02,1240,424,1592,1032,352,608,True
C2_P01_N2_S4_1.JPG,0,C2_P01,1544,684,1664,872,120,188,True
C3_P04_N2_S3_1.JPG,0,C3_P04,1396,1000,1708,1540,312,540,True
C4_P07_N2_S4_1.JPG,0,C4_P07,1496,1228,1664,1496,168,268,True
C1_P05_N1_S5_1.JPG,0,C1_P05,2384,656,2568,936,184,280,True
C2_P06_N1_S3_1.JPG,0,C2_P06,256,1192,432,1436,176,244,False
C4_P06_N2_S3_1.JPG,0,C4_P06,1744,320,1944,596,200,276,True
C2_P03_N4_S2_1.JPG,0,C2_P03,1096,1076,1412,1544,316,468,True
C4_P06_N1_S4_1.JPG,0,C4_P06,1852,1296,2068,1620,216,324,True
C2_P09_N1_S7_2.JPG,0,C2_P09,1336,1328,1432,1464,96,136,False
C1_P08_N2_S5_1.JPG,0,C1_P08,948,2020,1108,2300,160,280,True
C3_P02_N2_S2_1.JPG,0,C3_P02,584,1200,852,1556,268,356,True
C3_P07_N3_S3_1.JPG,0,C3_P07,2908,1104,3216,1524,308,420,True
C1_P06_N1_S3_1.JPG,0,C1_P06,1952,1804,2184,2124,232,320,True
C2_P03_N1_S4_1.JPG,0,C2_P03,312,1504,492,1780,180,276,True
C3_P01_N2_S2_2.JPG,0,C3_P01,1416,1692,1792,2244,376,552,True
C4_P04_N1_S5_1.JPG,0,C4_P04,2156,184,2316,448,160,264,True
C1_P04_N1_S5_1.JPG,0,C1_P04,696,112,832,368,136,256,True
C2_P08_N2_S4_1.JPG,0,C2_P08,676,112,836,352,160,240,False
C1_P06_N2_S3_3.JPG,0,C1_P06,1724,412,1944,740,220,328,True
C3_P06_N2_S3_1.JPG,0,C3_P06,3352,1752,3556,2160,204,408,True
C1_P06_N2_S3_2.JPG,0,C1_P06,2496,784,2724,1112,228,328,True
C2_P01_N1_S5_2.JPG,0,C2_P01,1012,624,1108,768,96,144,True
C1_P09_N3_S3_1.JPG,0,C1_P09,1132,804,1324,1060,192,256,False
C1_P03_N1_S2_1.JPG,0,C1_P03,1928,1140,2124,1400,196,260,False
C3_P03_N1_S2_2.JPG,0,C3_P03,3628,488,3940,880,312,392,True
C3_P04_N1_S3_1.JPG,0,C3_P04,2084,1168,2380,1588,296,420,True
C1_P09_N1_S2_1.JPG,0,C1_P09,420,204,588,484,168,280,False
C1_P10_N1_S4_1.JPG,0,C1_P10,1716,648,1904,952,188,304,True
C1_P06_N1_S5_1.JPG,0,C1_P06,1812,684,1968,900,156,216,True
C2_P09_N1_S7_2.JPG,0,C2_P09,1796,124,1892,284,96,160,False
C3_P07_N2_S2_1.JPG,0,C3_P07,4008,412,4319,916,311,504,True
C2_P09_N1_S7_2.JPG,0,C2_P09,2068,136,2172,296,104,160,False
C1_P05_N3_S4_1.JPG,0,C1_P05,332,1296,552,1696,220,400,True
C4_P07_N1_S4_1.JPG,0,C4_P07,2296,1672,2508,1960,212,288,True
C2_P04_N2_S2_1.JPG,0,C2_P04,1940,708,2112,972,172,264,False
C2_P06_N1_S3_2.JPG,0,C2_P06,1880,660,2068,912,188,252,False
C1_P09_N3_S4_2.JPG,0,C1_P09,1584,752,1756,1008,172,256,False
C3_P02_N3_S2_2.JPG,0,C3_P02,2580,1496,2868,1908,288,412,True
C1_P12_N1_S3_1.JPG,0,C1_P12,708,1756,996,2200,288,444,True
C2_P01_N2_S3_2.JPG,0,C2_P01,740,780,896,984,156,204,True
C1_P09_N3_S4_1.JPG,0,C1_P09,1068,1272,1256,1564,188,292,False
C4_P04_N3_S3_1.JPG,0,C4_P04,996,68,1220,464,224,396,True
C1_P05_N1_S3_1.JPG,0,C1_P05,1452,640,1680,1000,228,360,True
C1_P03_N1_S3_1.JPG,0,C1_P03,728,1652,912,1924,184,272,False
C4_P04_N1_S3_1.JPG,0,C4_P04,2096,1388,2320,1716,224,328,True
C1_P04_N2_S3_1.JPG,0,C1_P04,2576,1752,2792,2084,216,332,True
C1_P01_N1_S3_1.JPG,0,C1_P01,1884,296,2160,744,276,448,True
C3_P05_N1_S4_1.JPG,0,C3_P05,1004,1956,1208,2264,204,308,True
C1_P08_N2_S5_1.JPG,0,C1_P08,1724,744,1892,1000,168,256,True
C1_P11_N2_S3_1.JPG,0,C1_P11,404,888,628,1240,224,352,True
C3_P06_N3_S3_1.JPG,0,C3_P06,3060,264,3316,768,256,504,True
C3_P06_N4_S3_1.JPG,0,C3_P06,2920,1852,3204,2296,284,444,True
C1_P05_N1_S4_2.JPG,0,C1_P05,2100,100,2324,448,224,348,True
C1_P10_N2_S4_1.JPG,0,C1_P10,320,1912,508,2212,188,300,True
C1_P01_N1_S3_1.JPG,0,C1_P01,1552,1068,1828,1516,276,448,True
C1_P05_N1_S3_1.JPG,0,C1_P05,1440,1284,1676,1596,236,312,True
C2_P07_N1_S6_2.JPG,0,C2_P07,88,1068,156,1220,68,152,False
C2_P05_N2_S5_1.JPG,0,C2_P05,1296,416,1408,580,112,164,True
C4_P07_N2_S3_1.JPG,0,C4_P07,2348,808,2540,1104,192,296,True
C1_P04_N3_S3_1.JPG,0,C1_P04,2952,1168,3152,1500,200,332,True
C4_P02_N2_S3_1.JPG,0,C4_P02,2404,916,2572,1204,168,288,True
C1_P08_N3_S4_2.JPG,0,C1_P08,2088,964,2288,1260,200,296,True
C3_P01_N1_S4_1.JPG,0,C3_P01,1284,776,1468,1124,184,348,True
C4_P04_N2_S2_1.JPG,0,C4_P04,1632,168,1836,544,204,376,True
C3_P07_N5_S2_1.JPG,0,C3_P07,2276,1208,2744,1844,468,636,True
C3_P03_N3_S2_1.JPG,0,C3_P03,3320,1496,3572,1896,252,400,True
C3_P02_N1_S4_1.JPG,0,C3_P02,48,2100,248,2408,200,308,True
C2_P02_N1_S4_1.JPG,0,C2_P02,84,1084,260,1336,176,252,True
C2_P09_N1_S7_2.JPG,0,C2_P09,976,80,1080,244,104,164,False
C3_P02_N2_S4_1.JPG,0,C3_P02,1096,216,1308,532,212,316,True
C3_P06_N3_S3_1.JPG,0,C3_P06,100,1048,368,1460,268,412,True
C4_P02_N2_S3_1.JPG,0,C4_P02,1552,296,1732,536,180,240,True
C2_P08_N1_S6_2.JPG,0,C2_P08,352,128,480,296,128,168,False
C4_P07_N1_S4_2.JPG,0,C4_P07,484,1676,656,1924,172,248,True
C1_P02_N4_S2_1.JPG,0,C1_P02,388,564,748,1136,360,572,True
C4_P07_N2_S3_1.JPG,0,C4_P07,1268,248,1464,552,196,304,True
C1_P12_N2_S4_1.JPG,0,C1_P12,1208,292,1424,628,216,336,True
C2_P01_N1_S5_1.JPG,0,C2_P01,224,964,336,1120,112,156,True
C1_P12_N2_S2_1.JPG,0,C1_P12,960,1380,1304,1896,344,516,True
C1_P11_N2_S4_3.JPG,0,C1_P11,416,1360,616,1656,200,296,True
C2_P06_N1_S4_1.JPG,0,C2_P06,812,504,976,724,164,220,False
C3_P07_N2_S4_1.JPG,0,C3_P07,1340,1460,1536,1716,196,256,True
C2_P01_N1_S3_1.JPG,0,C2_P01,1684,752,1820,924,136,172,True
C1_P08_N4_S4_1.JPG,0,C1_P08,1456,924,1704,1316,248,392,True
C1_P12_N4_S3_1.JPG,0,C1_P12,1688,1812,1976,2252,288,440,True
C2_P05_N1_S5_1.JPG,0,C2_P05,1160,900,1288,1076,128,176,True
C3_P02_N1_S5_1.JPG,0,C3_P02,632,1572,764,1828,132,256,True
C1_P05_N1_S3_2.JPG,0,C1_P05,324,1584,556,1984,232,400,True
C4_P05_N1_S4_1.JPG,0,C4_P05,988,100,1188,376,200,276,True
C2_P06_N1_S5_1.JPG,0,C2_P06,1600,96,1728,260,128,164,False
C2_P02_N1_S5_1.JPG,0,C2_P02,604,1796,712,1935,108,139,True
C2_P04_N1_S5_1.JPG,0,C2_P04,552,1552,688,1728,136,176,False
C1_P05_N2_S3_1.JPG,0,C1_P05,2952,1512,3184,1872,232,360,True
C3_P06_N1_S4_1.JPG,0,C3_P06,388,1352,596,1680,208,328,True
C1_P12_N1_S5_1.JPG,0,C1_P12,740,2144,928,2440,188,296,True
C3_P06_N3_S4_1.JPG,0,C3_P06,548,680,760,1064,212,384,True
C2_P08_N1_S3_1.JPG,0,C2_P08,1716,836,1956,1188,240,352,False
C4_P04_N4_S2_1.JPG,0,C4_P04,1356,664,1584,1024,228,360,True
C3_P02_N4_S2_1.JPG,0,C3_P02,3932,496,4244,988,312,492,True
C1_P08_N4_S4_1.JPG,0,C1_P08,2912,988,3112,1336,200,348,True
C1_P12_N3_S4_1.JPG,0,C1_P12,492,1480,708,1812,216,332,True
C4_P07_N2_S4_1.JPG,0,C4_P07,644,1240,816,1492,172,252,True
C2_P04_N2_S3_1.JPG,0,C2_P04,1528,208,1704,496,176,288,False
C2_P06_N1_S4_1.JPG,0,C2_P06,836,36,1000,256,164,220,False
C2_P07_N1_S6_1.JPG,0,C2_P07,836,128,944,288,108,160,False
C2_P02_N1_S5_1.JPG,0,C2_P02,384,296,500,464,116,168,True
C4_P07_N2_S3_1.JPG,0,C4_P07,1088,268,1284,560,196,292,True
C2_P01_N2_S3_1.JPG,0,C2_P01,1448,376,1616,608,168,232,True
C1_P08_N3_S4_2.JPG,0,C1_P08,284,876,508,1244,224,368,True
C2_P07_N3_S3_1.JPG,0,C2_P07,732,1208,924,1484,192,276,False
C2_P01_N1_S4_1.JPG,0,C2_P01,976,596,1096,756,120,160,True
C2_P02_N1_S4_1.JPG,0,C2_P02,748,632,912,924,164,292,True
C3_P02_N2_S3_1.JPG,0,C3_P02,1116,1116,1372,1484,256,368,True
C2_P01_N1_S5_1.JPG,0,C2_P01,112,232,224,380,112,148,True
C3_P06_N1_S4_1.JPG,0,C3_P06,3036,164,3252,512,216,348,True
C3_P05_N1_S5_1.JPG,0,C3_P05,1012,2080,1168,2308,156,228,True
C3_P06_N3_S4_2.JPG,0,C3_P06,660,864,872,1224,212,360,True
C2_P01_N3_S3_1.JPG,0,C2_P01,744,92,904,312,160,220,True
C2_P02_N1_S5_1.JPG,0,C2_P02,724,604,840,784,116,180,True
C2_P06_N1_S3_2.JPG,0,C2_P06,1012,136,1200,388,188,252,False
C3_P07_N2_S4_1.JPG,0,C3_P07,2852,1980,3060,2268,208,288,True
C2_P08_N1_S6_2.JPG,0,C2_P08,896,156,1012,324,116,168,False
C2_P07_N1_S6_2.JPG,0,C2_P07,344,1292,444,1476,100,184,False
C3_P03_N2_S3_1.JPG,0,C3_P03,2852,1960,3076,2316,224,356,True
C3_P05_N2_S4_1.JPG,0,C3_P05,1020,1924,1232,2224,212,300,True
C1_P08_N2_S5_1.JPG,0,C1_P08,1856,1552,2016,1808,160,256,True
C1_P06_N2_S3_1.JPG,0,C1_P06,1744,1096,1968,1432,224,336,True
C1_P12_N1_S5_1.JPG,0,C1_P12,572,728,744,980,172,252,True
C4_P07_N3_S3_2.JPG,0,C4_P07,1268,1304,1452,1620,184,316,True
C4_P08_N2_S4_1.JPG,0,C4_P08,672,32,892,344,220,312,False
C2_P03_N1_S5_1.JPG,0,C2_P03,340,548,488,788,148,240,True
C2_P04_N2_S4_1.JPG,0,C2_P04,684,188,848,444,164,256,False
C3_P01_N1_S5_2.JPG,0,C3_P01,452,236,632,492,180,256,True
C2_P02_N1_S4_1.JPG,0,C2_P02,760,208,928,468,168,260,True
C3_P06_N3_S3_1.JPG,0,C3_P06,2796,1020,3024,1480,228,460,True
C2_P08_N1_S3_2.JPG,0,C2_P08,56,236,276,576,220,340,False
C1_P02_N1_S5_1.JPG,0,C1_P02,760,80,960,392,200,312,True
C2_P04_N2_S4_1.JPG,0,C2_P04,1140,1104,1292,1340,152,236,False
C2_P05_N1_S4_1.JPG,0,C2_P05,224,1520,380,1736,156,216,True
C2_P03_N1_S5_1.JPG,0,C2_P03,196,540,344,780,148,240,True
C3_P06_N1_S4_1.JPG,0,C3_P06,2156,1896,2328,2268,172,372,True
C2_P01_N2_S3_2.JPG,0,C2_P01,372,276,532,448,160,172,True
C1_P08_N4_S4_1.JPG,0,C1_P08,576,300,816,692,240,392,True
C2_P02_N4_S2_1.JPG,0,C2_P02,1956,304,2184,636,228,332,True
C1_P08_N1_S4_1.JPG,0,C1_P08,356,2068,588,2436,232,368,True
C4_P02_N1_S3_2.JPG,0,C4_P02,88,820,264,1100,176,280,True
C3_P04_N1_S3_2.JPG,0,C3_P04,2724,284,3044,792,320,508,True
C1_P08_N4_S4_1.JPG,0,C1_P08,2044,2096,2252,2436,208,340,True
C1_P11_N2_S3_1.JPG,0,C1_P11,2408,876,2600,1188,192,312,True
C2_P09_N1_S7_2.JPG,0,C2_P09,1704,1128,1796,1264,92,136,False
C2_P05_N1_S5_1.JPG,0,C2_P05,320,528,448,704,128,176,True
C1_P12_N1_S3_1.JPG,0,C1_P12,1816,1788,2104,2232,288,444,True
C1_P08_N2_S4_1.JPG,0,C1_P08,332,1432,556,1780,224,348,True
C4_P02_N1_S3_1.JPG,0,C4_P02,2032,232,2212,460,180,228,True
C1_P07_N1_S3_1.JPG,0,C1_P07,472,1612,676,1944,204,332,False
C2_P07_N3_S2_1.JPG,0,C2_P07,772,232,1012,604,240,372,False
C1_P11_N1_S5_1.JPG,0,C1_P11,260,1180,428,1472,168,292,True
C3_P07_N2_S2_1.JPG,0,C3_P07,864,1452,1224,1956,360,504,True
C2_P02_N1_S4_1.JPG,0,C2_P02,1620,1112,1776,1364,156,252,True
C3_P06_N2_S3_2.JPG,0,C3_P06,3140,1676,3340,2136,200,460,True
C4_P07_N2_S3_1.JPG,0,C4_P07,1632,240,1828,544,196,304,True
C2_P04_N2_S4_1.JPG,0,C2_P04,1320,1508,1492,1740,172,232,False
C1_P02_N1_S3_1.JPG,0,C1_P02,2500,1772,2756,2284,256,512,True
C4_P07_N3_S3_2.JPG,0,C4_P07,940,820,1124,1104,184,284,True
C3_P06_N1_S4_1.JPG,0,C3_P06,768,248,968,560,200,312,True
C4_P07_N1_S5_1.JPG,0,C4_P07,1872,544,2020,772,148,228,True
C2_P01_N3_S3_1.JPG,0,C2_P01,1008,96,1168,316,160,220,True
C4_P01_N1_S2_1.JPG,0,C4_P01,1424,1136,1608,1428,184,292,True
C4_P03_N2_S4_1.JPG,0,C4_P03,1420,1776,1588,2020,168,244,True
C3_P03_N1_S4_1.JPG,0,C3_P03,952,1444,1152,1780,200,336,True
C3_P02_N3_S3_1.JPG,0,C3_P02,2648,1888,2876,2224,228,336,True
C1_P04_N2_S4_1.JPG,0,C1_P04,2248,832,2448,1156,200,324,True
C1_P11_N2_S4_2.JPG,0,C1_P11,2040,1852,2252,2176,212,324,True
C2_P01_N1_S3_1.JPG,0,C2_P01,160,1236,300,1420,140,184,True
C1_P02_N2_S4_1.JPG,0,C1_P02,1996,1396,2228,1744,232,348,True
C3_P06_N2_S3_2.JPG,0,C3_P06,2824,992,3080,1452,256,460,True
C3_P07_N1_S6_1.JPG,0,C3_P07,904,1868,1072,2096,168,228,True
C2_P05_N1_S3_1.JPG,0,C2_P05,1292,220,1476,480,184,260,True
C3_P01_N2_S3_2.JPG,0,C3_P01,1348,1152,1584,1644,236,492,True
C3_P01_N1_S2_2.JPG,0,C3_P01,3140,1568,3440,2176,300,608,True
C1_P06_N3_S3_2.JPG,0,C1_P06,1156,512,1388,844,232,332,True
C2_P07_N2_S4_1.JPG,0,C2_P07,1060,528,1208,752,148,224,False
C4_P05_N4_S2_1.JPG,0,C4_P05,1304,768,1504,1096,200,328,True
C4_P05_N3_S3_1.JPG,0,C4_P05,1320,240,1516,552,196,312,True
C2_P09_N1_S7_1.JPG,0,C2_P09,832,1432,940,1572,108,140,False
C1_P07_N1_S3_3.JPG,0,C1_P07,2244,1588,2448,1884,204,296,False
C1_P08_N2_S4_1.JPG,0,C1_P08,1028,140,1300,496,272,356,True
C1_P06_N1_S4_1.JPG,0,C1_P06,2368,1400,2572,1692,204,292,True
C1_P05_N2_S4_1.JPG,0,C1_P05,1048,1272,1268,1620,220,348,True
C2_P05_N3_S3_2.JPG,0,C2_P05,64,684,248,928,184,244,True
C2_P08_N1_S6_1.JPG,0,C2_P08,48,936,160,1100,112,164,False
C4_P05_N1_S3_1.JPG,0,C4_P05,1900,1452,2096,1756,196,304,True
C1_P03_N1_S4_2.JPG,0,C1_P03,624,664,760,852,136,188,False
C3_P05_N1_S3_1.JPG,0,C3_P05,1916,1664,2116,1968,200,304,True
C2_P02_N1_S5_1.JPG,0,C2_P02,52,608,160,776,108,168,True
C4_P08_N2_S4_1.JPG,0,C4_P08,676,1144,892,1500,216,356,False
C1_P09_N3_S4_1.JPG,0,C1_P09,828,896,1044,1168,216,272,False
C1_P06_N1_S5_1.JPG,0,C1_P06,1680,1144,1836,1360,156,216,True
C3_P06_N1_S5_1.JPG,0,C3_P06,2288,2040,2472,2340,184,300,True
C2_P03_N1_S4_1.JPG,0,C2_P03,324,176,524,464,200,288,True
C4_P06_N1_S4_1.JPG,0,C4_P06,2104,156,2308,440,204,284,True
C1_P03_N2_S3_2.JPG,0,C1_P03,1572,1696,1756,2020,184,324,False
C4_P02_N2_S3_1.JPG,0,C4_P02,1916,292,2096,540,180,248,True
C3_P03_N4_S2_1.JPG,0,C3_P03,3892,1288,4160,1668,268,380,True
C1_P02_N1_S5_1.JPG,0,C1_P02,1172,1104,1324,1404,152,300,True
C4_P02_N2_S3_1.JPG,0,C4_P02,1844,964,2012,1228,168,264,True
C3_P03_N3_S3_1.JPG,0,C3_P03,92,1808,336,2252,244,444,True
C1_P02_N3_S2_1.JPG,0,C1_P02,2516,1588,2828,2104,312,516,True
C4_P08_N1_S3_1.JPG,0,C4_P08,212,996,432,1308,220,312,False
C3_P02_N4_S2_1.JPG,0,C3_P02,1644,460,1956,956,312,496,True
C1_P02_N1_S5_1.JPG,0,C1_P02,1212,624,1360,928,148,304,True
C2_P07_N2_S4_1.JPG,0,C2_P07,260,52,416,332,156,280,False
C3_P03_N2_S4_1.JPG,0,C3_P03,1180,1464,1360,1724,180,260,True
C4_P05_N1_S5_1.JPG,0,C4_P05,1180,960,1344,1208,164,248,True
C3_P07_N4_S2_1.JPG,0,C3_P07,3136,500,3484,1040,348,540,True
C1_P07_N1_S3_3.JPG,0,C1_P07,2672,300,2876,596,204,296,False
C1_P10_N2_S4_1.JPG,0,C1_P10,124,920,312,1176,188,256,True
C1_P05_N1_S4_3.JPG,0,C1_P05,592,312,824,628,232,316,True
C2_P02_N2_S3_1.JPG,0,C2_P02,2088,1288,2288,1620,200,332,True
C2_P02_N2_S4_1.JPG,0,C2_P02,1824,708,1980,948,156,240,True
C1_P09_N2_S6_1.JPG,0,C1_P09,656,1596,824,1836,168,240,False
C1_P07_N2_S3_1.JPG,0,C1_P07,1440,1712,1644,2012,204,300,False
C4_P04_N1_S2_1.JPG,0,C4_P04,500,972,732,1324,232,352,True
C4_P04_N1_S5_1.JPG,0,C4_P04,2168,564,2336,824,168,260,True
C2_P03_N2_S3_1.JPG,0,C2_P03,652,1396,884,1788,232,392,True
C4_P04_N1_S5_1.JPG,0,C4_P04,2156,1684,2320,1948,164,264,True
C3_P07_N1_S5_1.JPG,0,C3_P07,2644,1084,2852,1416,208,332,True
C1_P08_N3_S4_2.JPG,0,C1_P08,2076,1472,2252,1780,176,308,True
C1_P09_N1_S2_1.JPG,0,C1_P09,244,576,400,804,156,228,False
C2_P01_N3_S3_1.JPG,0,C2_P01,880,1092,1032,1292,152,200,True
C2_P01_N2_S3_1.JPG,0,C2_P01,1424,1536,1604,1760,180,224,True
C2_P04_N1_S3_1.JPG,0,C2_P04,1536,668,1680,932,144,264,False
C2_P09_N1_S7_1.JPG,0,C2_P09,1100,124,1200,284,100,160,False
C1_P05_N1_S4_2.JPG,0,C1_P05,1648,712,1880,1064,232,352,True
C1_P03_N1_S4_2.JPG,0,C1_P03,1648,1644,1788,1852,140,208,False
C1_P08_N2_S5_1.JPG,0,C1_P08,2296,1576,2456,1832,160,256,True
C2_P01_N2_S4_1.JPG,0,C2_P01,1708,312,1828,480,120,168,True
C2_P05_N3_S3_2.JPG,0,C2_P05,1252,732,1436,976,184,244,True
C4_P05_N4_S2_1.JPG,0,C4_P05,308,220,500,520,192,300,True
C1_P11_N2_S4_1.JPG,0,C1_P11,2424,1492,2616,1796,192,304,True
C3_P02_N2_S4_1.JPG,0,C3_P02,2540,884,2752,1164,212,280,True
C2_P07_N1_S4_1.JPG,0,C2_P07,284,544,440,832,156,288,False
C2_P06_N1_S3_2.JPG,0,C2_P06,2044,664,2232,916,188,252,False
C2_P05_N2_S4_1.JPG,0,C2_P05,368,1432,524,1668,156,236,True
C1_P07_N2_S3_2.JPG,0,C1_P07,1440,1744,1648,2036,208,292,False
C4_P07_N1_S4_1.JPG,0,C4_P07,664,1168,856,1460,192,292,True
C3_P01_N1_S4_1.JPG,0,C3_P01,980,1952,1208,2236,228,284,True
C2_P08_N1_S4_1.JPG,0,C2_P08,216,112,364,356,148,244,False
C1_P05_N1_S3_1.JPG,0,C1_P05,1668,1276,1904,1588,236,312,True
C3_P03_N1_S5_1.JPG,0,C3_P03,1208,1164,1360,1392,152,228,True
C1_P06_N1_S3_1.JPG,0,C1_P06,160,1812,392,2132,232,320,True
C2_P01_N2_S4_1.JPG,0,C2_P01,512,1524,640,1692,128,168,True
C3_P02_N3_S3_1.JPG,0,C3_P02,556,312,828,692,272,380,True
C4_P02_N2_S3_1.JPG,0,C4_P02,0,296,196,584,196,288,True
C1_P06_N1_S4_2.JPG,0,C1_P06,1712,1460,1908,1740,196,280,True
C1_P12_N1_S5_1.JPG,0,C1_P12,208,280,380,516,172,236,True
C2_P02_N3_S2_1.JPG,0,C2_P02,1956,844,2184,1184,228,340,True
C2_P01_N2_S3_2.JPG,0,C2_P01,1540,784,1696,988,156,204,True
C2_P04_N3_S2_1.JPG,0,C2_P04,340,200,512,472,172,272,False
C4_P07_N1_S4_2.JPG,0,C4_P07,2288,180,2456,416,168,236,True
C2_P09_N1_S7_2.JPG,0,C2_P09,2256,148,2360,308,104,160,False
C2_P07_N2_S2_1.JPG,0,C2_P07,1724,1024,1968,1412,244,388,False
C2_P01_N3_S3_1.JPG,0,C2_P01,1884,84,2044,324,160,240,True
C2_P08_N1_S3_2.JPG,0,C2_P08,1604,840,1800,1132,196,292,False
C4_P02_N1_S3_2.JPG,0,C4_P02,1220,1548,1384,1796,164,248,True
C4_P05_N3_S3_1.JPG,0,C4_P05,548,220,732,588,184,368,True
C2_P06_N2_S3_1.JPG,0,C2_P06,1480,1176,1640,1408,160,232,False
C2_P09_N1_S7_2.JPG,0,C2_P09,1820,880,1912,1028,92,148,False
C2_P08_N1_S3_1.JPG,0,C2_P08,792,1432,1012,1816,220,384,False
C2_P05_N2_S4_1.JPG,0,C2_P05,1572,176,1740,404,168,228,True
C1_P04_N1_S4_1.JPG,0,C1_P04,804,60,984,412,180,352,True
C4_P07_N1_S5_1.JPG,0,C4_P07,1744,544,1892,772,148,228,True
C1_P05_N3_S4_1.JPG,0,C1_P05,2948,136,3168,472,220,336,True
C2_P07_N1_S4_1.JPG,0,C2_P07,596,1396,752,1648,156,252,False
C1_P12_N3_S3_1.JPG,0,C1_P12,588,328,852,676,264,348,True
C2_P01_N1_S3_1.JPG,0,C2_P01,708,276,844,448,136,172,True
C2_P05_N3_S3_1.JPG,0,C2_P05,1244,1200,1448,1504,204,304,True
C2_P01_N2_S2_1.JPG,0,C2_P01,1264,364,1444,600,180,236,True
C2_P02_N1_S5_1.JPG,0,C2_P02,176,1216,292,1384,116,168,True
C1_P08_N2_S4_1.JPG,0,C1_P08,584,2016,820,2388,236,372,True
C3_P04_N2_S3_1.JPG,0,C3_P04,2420,268,2744,772,324,504,True
C3_P07_N1_S5_1.JPG,0,C3_P07,2088,44,2264,316,176,272,True
C4_P07_N1_S3_1.JPG,0,C4_P07,104,1500,296,1844,192,344,True
C3_P05_N3_S2_1.JPG,0,C3_P05,1196,472,1492,884,296,412,True
C1_P04_N2_S4_1.JPG,0,C1_P04,1244,1460,1432,1784,188,324,True
C2_P06_N1_S3_2.JPG,0,C2_P06,420,116,608,368,188,252,False
C2_P01_N1_S5_2.JPG,0,C2_P01,860,968,960,1124,100,156,True
C1_P05_N1_S4_2.JPG,0,C1_P05,2684,692,2916,1044,232,352,True
C2_P05_N1_S2_1.JPG,0,C2_P05,880,208,1076,528,196,320,True
C3_P06_N1_S4_1.JPG,0,C3_P06,3324,724,3512,1112,188,388,True
C1_P09_N1_S2_1.JPG,0,C1_P09,1208,572,1364,824,156,252,False
C1_P04_N1_S5_1.JPG,0,C1_P04,1664,644,1820,900,156,256,True
C3_P01_N2_S2_1.JPG,0,C3_P01,1028,448,1364,1028,336,580,True
C4_P05_N1_S5_1.JPG,0,C4_P05,520,1376,688,1628,168,252,True
C4_P03_N3_S3_2.JPG,0,C4_P03,1584,1640,1776,1928,192,288,True
C4_P08_N1_S4_1.JPG,0,C4_P08,716,668,916,976,200,308,False
C2_P06_N2_S4_1.JPG,0,C2_P06,1892,1060,2048,1300,156,240,False
C2_P09_N1_S7_2.JPG,0,C2_P09,1144,1340,1240,1476,96,136,False
C2_P01_N3_S3_1.JPG,0,C2_P01,1300,104,1460,324,160,220,True
C3_P06_N1_S3_2.JPG,0,C3_P06,1696,412,1920,772,224,360,True
C1_P07_N1_S3_2.JPG,0,C1_P07,2420,1388,2624,1668,204,280,False
C2_P08_N1_S4_1.JPG,0,C2_P08,976,564,1120,780,144,216,False
C4_P01_N2_S4_1.JPG,0,C4_P01,1956,1216,2144,1480,188,264,True
C2_P06_N3_S4_1.JPG,0,C2_P06,196,576,376,848,180,272,False
C4_P07_N2_S3_1.JPG,0,C4_P07,1092,1344,1280,1652,188,308,True
C2_P05_N3_S3_2.JPG,0,C2_P05,424,668,608,912,184,244,True
C2_P04_N2_S4_1.JPG,0,C2_P04,1800,1496,1972,1760,172,264,False
C1_P05_N1_S4_2.JPG,0,C1_P05,804,120,1028,440,224,320,True
C2_P05_N1_S4_1.JPG,0,C2_P05,964,1544,1080,1756,116,212,True
C3_P01_N4_S3_1.JPG,0,C3_P01,1236,1028,1484,1472,248,444,True
C3_P07_N3_S2_1.JPG,0,C3_P07,3084,372,3564,984,480,612,True
C2_P09_N1_S7_2.JPG,0,C2_P09,636,864,740,1028,104,164,False
C2_P02_N3_S3_1.JPG,0,C2_P02,2136,220,2336,512,200,292,True
C2_P01_N1_S5_2.JPG,0,C2_P01,1384,628,1480,772,96,144,True
C2_P08_N1_S6_1.JPG,0,C2_P08,688,932,800,1084,112,152,False
C3_P02_N2_S4_1.JPG,0,C3_P02,288,2032,472,2352,184,320,True
C3_P07_N3_S2_1.JPG,0,C3_P07,592,1500,904,1936,312,436,True
C3_P06_N2_S3_1.JPG,0,C3_P06,2108,1140,2336,1528,228,388,True
C1_P11_N2_S4_3.JPG,0,C1_P11,1752,1292,1932,1608,180,316,True
C4_P07_N1_S4_2.JPG,0,C4_P07,1308,1656,1480,1916,172,260,True
C2_P05_N2_S5_1.JPG,0,C2_P05,1152,1028,1260,1184,108,156,True
C4_P04_N1_S2_1.JPG,0,C4_P04,736,508,928,872,192,364,True
C3_P07_N2_S2_1.JPG,0,C3_P07,468,412,828,916,360,504,True
C3_P04_N1_S5_1.JPG,0,C3_P04,1292,2040,1448,2256,156,216,True
C4_P03_N2_S3_2.JPG,0,C4_P03,1996,300,2188,564,192,264,True
C2_P09_N1_S7_2.JPG,0,C2_P09,836,84,948,252,112,168,False
C3_P02_N3_S2_1.JPG,0,C3_P02,312,544,636,984,324,440,True
C2_P07_N1_S6_1.JPG,0,C2_P07,748,696,840,836,92,140,False
C1_P12_N3_S2_1.JPG,0,C1_P12,1224,508,1580,1052,356,544,True
C4_P08_N1_S3_1.JPG,0,C4_P08,2264,376,2484,768,220,392,False
C3_P03_N1_S3_1.JPG,0,C3_P03,3512,1868,3776,2348,264,480,True
C1_P11_N1_S4_1.JPG,0,C1_P11,44,756,328,1168,284,412,True
C2_P07_N1_S6_2.JPG,0,C2_P07,516,1092,620,1240,104,148,False
C1_P04_N1_S5_2.JPG,0,C1_P04,52,2020,180,2252,128,232,True
C4_P06_N2_S3_1.JPG,0,C4_P06,2344,320,2544,596,200,276,True
C4_P08_N2_S4_1.JPG,0,C4_P08,1300,1152,1516,1500,216,348,False
C4_P05_N1_S2_1.JPG,0,C4_P05,1468,1004,1692,1324,224,320,True
C4_P06_N1_S4_1.JPG,0,C4_P06,1424,1848,1640,2108,216,260,True
C4_P04_N1_S5_1.JPG,0,C4_P04,596,160,728,416,132,256,True
C3_P06_N1_S3_1.JPG,0,C3_P06,3236,1776,3468,2184,232,408,True
C4_P04_N2_S2_1.JPG,0,C4_P04,216,204,440,556,224,352,True
C3_P03_N4_S2_1.JPG,0,C3_P03,832,1208,1112,1712,280,504,True
C4_P04_N1_S4_1.JPG,0,C4_P04,452,1128,656,1484,204,356,True
C1_P02_N1_S3_1.JPG,0,C1_P02,1592,984,1884,1452,292,468,True
C3_P02_N2_S2_2.JPG,0,C3_P02,712,484,1000,872,288,388,True
C3_P07_N1_S4_1.JPG,0,C3_P07,388,40,616,380,228,340,True
C4_P05_N1_S4_1.JPG,0,C4_P05,428,660,608,984,180,324,True
C3_P07_N3_S3_1.JPG,0,C3_P07,716,188,1084,684,368,496,True
C1_P09_N2_S6_1.JPG,0,C1_P09,1324,96,1524,380,200,284,False
C2_P03_N2_S3_1.JPG,0,C2_P03,1568,148,1776,572,208,424,True
C2_P07_N1_S6_1.JPG,0,C2_P07,20,80,108,280,88,200,False
C3_P02_N3_S2_1.JPG,0,C3_P02,1312,492,1620,988,308,496,True
C2_P06_N2_S4_2.JPG,0,C2_P06,344,548,500,760,156,212,False
C4_P04_N1_S5_1.JPG,0,C4_P04,1116,1708,1292,1980,176,272,True
C4_P08_N2_S2_1.JPG,0,C4_P08,1260,288,1508,636,248,348,False
C3_P07_N1_S5_1.JPG,0,C3_P07,1136,1652,1304,1904,168,252,True
C2_P01_N2_S4_1.JPG,0,C2_P01,848,704,968,880,120,176,True
C3_P04_N1_S4_1.JPG,0,C3_P04,1864,1776,2060,2048,196,272,True
C1_P04_N1_S4_1.JPG,0,C1_P04,2020,68,2216,392,196,324,True
C3_P01_N1_S3_1.JPG,0,C3_P01,2040,1064,2244,1504,204,440,True
C2_P09_N1_S7_1.JPG,0,C2_P09,1548,1660,1648,1792,100,132,False
C2_P08_N1_S6_1.JPG,0,C2_P08,72,1464,176,1616,104,152,False
C4_P05_N2_S4_1.JPG,0,C4_P05,440,152,612,488,172,336,True
C3_P05_N1_S4_1.JPG,0,C3_P05,1376,1008,1560,1296,184,288,True
C4_P04_N1_S5_1.JPG,0,C4_P04,768,156,936,412,168,256,True
C2_P01_N1_S2_1.JPG,0,C2_P01,1720,808,1888,1032,168,224,True
C2_P02_N3_S3_1.JPG,0,C2_P02,2300,1252,2484,1556,184,304,True
C3_P02_N3_S3_1.JPG,0,C3_P02,3460,408,3732,776,272,368,True
C3_P03_N2_S3_1.JPG,0,C3_P03,2112,1192,2356,1548,244,356,True
C2_P08_N1_S6_2.JPG,0,C2_P08,796,152,912,320,116,168,False
C4_P08_N1_S3_1.JPG,0,C4_P08,844,400,1064,712,220,312,False
C3_P01_N1_S5_2.JPG,0,C3_P01,800,2036,948,2296,148,260,True
C1_P11_N1_S3_2.JPG,0,C1_P11,236,1028,500,1412,264,384,True
C1_P10_N1_S5_1.JPG,0,C1_P10,1000,2016,1156,2296,156,280,True
C1_P10_N3_S3_1.JPG,0,C1_P10,1964,180,2212,556,248,376,True
C1_P02_N3_S2_1.JPG,0,C1_P02,92,604,444,1156,352,552,True
C1_P03_N1_S3_2.JPG,0,C1_P03,1420,1536,1596,1760,176,224,False
C2_P03_N3_S3_1.JPG,0,C2_P03,1528,1312,1756,1736,228,424,True
C3_P03_N2_S2_1.JPG,0,C3_P03,3944,1484,4232,1960,288,476,True
C2_P01_N2_S2_1.JPG,0,C2_P01,996,972,1168,1216,172,244,True
C4_P01_N1_S3_1.JPG,0,C4_P01,2492,884,2680,1172,188,288,True
C1_P06_N3_S3_2.JPG,0,C1_P06,1792,1840,2024,2212,232,372,True
C2_P05_N2_S4_1.JPG,0,C2_P05,1504,1092,1668,1296,164,204,True
C3_P06_N1_S3_1.JPG,0,C3_P06,2204,1776,2436,2152,232,376,True
C3_P05_N1_S5_1.JPG,0,C3_P05,1004,748,1164,984,160,236,True
C4_P07_N3_S3_1.JPG,0,C4_P07,1972,1396,2160,1700,188,304,True
C3_P06_N2_S3_2.JPG,0,C3_P06,1976,292,2200,756,224,464,True
C3_P06_N3_S4_2.JPG,0,C3_P06,1100,864,1288,1220,188,356,True
C3_P01_N1_S4_1.JPG,0,C3_P01,560,1924,788,2208,228,284,True
C4_P07_N1_S3_2.JPG,0,C4_P07,92,1432,272,1760,180,328,True
C1_P04_N1_S4_1.JPG,0,C1_P04,2436,728,2636,1040,200,312,True
C3_P07_N1_S6_1.JPG,0,C3_P07,576,1856,744,2084,168,228,True
C4_P05_N1_S3_1.JPG,0,C4_P05,2124,1420,2308,1772,184,352,True
C4_P05_N1_S5_1.JPG,0,C4_P05,1520,520,1700,768,180,248,True
C3_P01_N1_S2_2.JPG,0,C3_P01,1972,512,2352,1076,380,564,True
C2_P06_N2_S4_1.JPG,0,C2_P06,1128,1528,1284,1776,156,248,False
C4_P07_N3_S3_1.JPG,0,C4_P07,300,248,480,576,180,328,True
C2_P01_N3_S3_1.JPG,0,C2_P01,1948,1100,2092,1300,144,200,True
C1_P03_N2_S3_1.JPG,0,C1_P03,144,1136,340,1404,196,268,False
C2_P04_N3_S4_1.JPG,0,C2_P04,1832,60,2032,396,200,336,False
C1_P02_N2_S4_1.JPG,0,C1_P02,936,2028,1184,2396,248,368,True
C4_P03_N3_S3_2.JPG,0,C4_P03,132,1616,324,1888,192,272,True
C1_P04_N1_S5_2.JPG,0,C1_P04,1040,356,1180,588,140,232,True
C1_P04_N1_S5_1.JPG,0,C1_P04,1004,1644,1168,1904,164,260,True
C3_P06_N1_S4_1.JPG,0,C3_P06,2092,752,2296,1128,204,376,True
C3_P05_N1_S3_1.JPG,0,C3_P05,1120,1112,1320,1420,200,308,True
C1_P10_N1_S4_1.JPG,0,C1_P10,676,148,836,456,160,308,True
C1_P03_N1_S4_2.JPG,0,C1_P03,808,192,932,368,124,176,False
C1_P08_N3_S4_1.JPG,0,C1_P08,1252,1376,1452,1776,200,400,True
C2_P01_N2_S3_1.JPG,0,C2_P01,364,964,540,1220,176,256,True
C1_P04_N1_S5_2.JPG,0,C1_P04,28,416,136,588,108,172,True
C2_P06_N3_S4_1.JPG,0,C2_P06,252,1068,412,1312,160,244,False
C2_P09_N1_S7_2.JPG,0,C2_P09,556,1352,644,1480,88,128,False
C1_P08_N1_S4_1.JPG,0,C1_P08,2756,1960,2988,2348,232,388,True
C2_P06_N2_S4_1.JPG,0,C2_P06,80,584,260,828,180,244,False
C1_P05_N1_S5_1.JPG,0,C1_P05,2056,1616,2244,1896,188,280,True
C3_P07_N5_S2_1.JPG,0,C3_P07,1192,484,1528,952,336,468,True
C1_P12_N1_S2_1.JPG,0,C1_P12,544,1424,868,1932,324,508,True
C3_P06_N1_S5_1.JPG,0,C3_P06,2084,104,2264,388,180,284,True
C4_P07_N1_S4_1.JPG,0,C4_P07,1048,580,1244,904,196,324,True
C3_P05_N3_S3_1.JPG,0,C3_P05,2596,1856,2808,2196,212,340,True
C4_P05_N3_S2_1.JPG,0,C4_P05,1724,228,1936,548,212,320,True
C4_P02_N2_S3_1.JPG,0,C4_P02,1480,960,1648,1224,168,264,True
C1_P06_N1_S5_1.JPG,0,C1_P06,804,1640,960,1856,156,216,True
C3_P04_N1_S3_2.JPG,0,C3_P04,1716,1912,1996,2336,280,424,True
C2_P08_N2_S3_2.JPG,0,C2_P08,992,1288,1180,1596,188,308,False
C1_P05_N1_S4_2.JPG,0,C1_P05,372,120,596,440,224,320,True
C2_P04_N2_S3_1.JPG,0,C2_P04,192,168,380,432,188,264,False
C2_P01_N1_S5_2.JPG,0,C2_P01,204,600,300,744,96,144,True
C2_P03_N2_S4_1.JPG,0,C2_P03,628,1484,796,1772,168,288,True
C1_P05_N1_S3_2.JPG,0,C1_P05,92,1008,336,1336,244,328,True
C3_P02_N4_S2_1.JPG,0,C3_P02,1340,456,1652,952,312,496,True
C1_P03_N1_S2_1.JPG,0,C1_P03,1732,1136,1928,1396,196,260,False
C4_P03_N1_S4_1.JPG,0,C4_P03,320,1728,484,1984,164,256,True
C1_P05_N2_S3_1.JPG,0,C1_P05,536,324,800,656,264,332,True
C1_P04_N2_S4_1.JPG,0,C1_P04,2632,2056,2828,2380,196,324,True
C1_P10_N2_S2_1.JPG,0,C1_P10,1584,368,1836,740,252,372,True
C4_P07_N1_S4_2.JPG,0,C4_P07,2116,164,2300,424,184,260,True
C1_P11_N2_S4_2.JPG,0,C1_P11,2472,1288,2684,1596,212,308,True
C3_P02_N1_S5_1.JPG,0,C3_P02,100,1616,264,1844,164,228,True
C2_P02_N4_S2_1.JPG,0,C2_P02,268,296,496,628,228,332,True
C3_P05_N1_S4_1.JPG,0,C3_P05,2996,1476,3160,1792,164,316,True
C1_P09_N2_S6_1.JPG,0,C1_P09,1844,452,2020,716,176,264,False
C2_P04_N2_S3_1.JPG,0,C2_P04,2004,252,2192,532,188,280,False
C1_P10_N1_S5_1.JPG,0,C1_P10,416,180,556,388,140,208,True
C2_P02_N1_S5_1.JPG,0,C2_P02,64,1508,180,1676,116,168,True
C3_P05_N1_S4_1.JPG,0,C3_P05,2088,2004,2284,2284,196,280,True
C3_P07_N2_S4_1.JPG,0,C3_P07,2112,2032,2292,2260,180,228,True
C4_P07_N1_S3_2.JPG,0,C4_P07,1944,1452,2124,1740,180,288,True
C1_P06_N2_S3_3.JPG,0,C1_P06,2056,1756,2308,2084,252,328,True
C4_P02_N4_S2_1.JPG,0,C4_P02,136,1120,352,1508,216,388,True
C2_P02_N1_S4_1.JPG,0,C2_P02,120,188,288,440,168,252,True
C4_P04_N4_S2_1.JPG,0,C4_P04,652,128,904,528,252,400,True
C4_P08_N2_S4_1.JPG,0,C4_P08,2468,1732,2676,2020,208,288,False
C2_P01_N1_S5_2.JPG,0,C2_P01,772,248,868,392,96,144,True
C2_P08_N3_S3_1.JPG,0,C2_P08,544,876,764,1216,220,340,False
C1_P02_N1_S5_1.JPG,0,C1_P02,1040,1092,1192,1392,152,300,True
C4_P05_N2_S2_1.JPG,0,C4_P05,1100,836,1304,1160,204,324,True
C4_P05_N3_S3_1.JPG,0,C4_P05,1508,788,1716,1104,208,316,True
C1_P05_N1_S3_2.JPG,0,C1_P05,788,1004,1032,1332,244,328,True
C4_P05_N1_S3_1.JPG,0,C4_P05,1704,1460,1900,1764,196,304,True
C4_P08_N1_S3_1.JPG,0,C4_P08,2440,1616,2664,1928,224,312,False
C3_P06_N3_S4_2.JPG,0,C3_P06,860,872,1084,1228,224,356,True
C2_P01_N3_S3_1.JPG,0,C2_P01,624,1084,776,1308,152,224,True
C4_P04_N5_S2_1.JPG,0,C4_P04,1652,152,1888,536,236,384,True
C4_P05_N4_S2_1.JPG,0,C4_P05,1912,752,2136,1100,224,348,True
C1_P09_N3_S4_2.JPG,0,C1_P09,520,108,692,348,172,240,False
C4_P07_N1_S3_2.JPG,0,C4_P07,464,864,648,1216,184,352,True
C1_P10_N1_S3_1.JPG,0,C1_P10,2740,888,3016,1308,276,420,True
C4_P01_N1_S3_1.JPG,0,C4_P01,1592,256,1776,528,184,272,True
C1_P02_N2_S4_1.JPG,0,C1_P02,208,2004,468,2412,260,408,True
C1_P12_N2_S4_1.JPG,0,C1_P12,108,836,312,1212,204,376,True
C1_P05_N2_S4_2.JPG,0,C1_P05,108,804,336,1176,228,372,True
C3_P01_N1_S5_2.JPG,0,C3_P01,1312,240,1492,496,180,256,True
C1_P07_N2_S3_1.JPG,0,C1_P07,2000,1080,2204,1376,204,296,False
C1_P11_N1_S4_1.JPG,0,C1_P11,1684,808,1952,1156,268,348,True
C2_P02_N2_S3_1.JPG,0,C2_P02,1120,1312,1348,1644,228,332,True
C4_P03_N3_S3_1.JPG,0,C4_P03,712,892,924,1208,212,316,True
C4_P04_N3_S3_1.JPG,0,C4_P04,2076,1060,2312,1432,236,372,True
C4_P08_N3_S3_1.JPG,0,C4_P08,152,868,400,1240,248,372,False
C1_P04_N3_S2_1.JPG,0,C1_P04,2972,512,3232,896,260,384,True
C1_P10_N3_S3_1.JPG,0,C1_P10,304,940,552,1316,248,376,True
C3_P01_N1_S3_1.JPG,0,C3_P01,732,332,980,680,248,348,True
C3_P07_N2_S3_1.JPG,0,C3_P07,3708,160,4020,612,312,452,True
C2_P07_N1_S4_1.JPG,0,C2_P07,764,1000,920,1252,156,252,False
C3_P07_N5_S2_1.JPG,0,C3_P07,3112,428,3448,984,336,556,True
C3_P06_N3_S4_1.JPG,0,C3_P06,2284,712,2488,1128,204,416,True
C2_P08_N3_S3_1.JPG,0,C2_P08,344,1464,552,1788,208,324,False
C3_P01_N2_S4_1.JPG,0,C3_P01,552,1880,740,2184,188,304,True
C3_P01_N1_S4_1.JPG,0,C3_P01,1376,1412,1584,1700,208,288,True
C1_P02_N3_S3_1.JPG,0,C1_P02,1300,1944,1636,2392,336,448,True
C4_P08_N2_S3_2.JPG,0,C4_P08,632,280,860,596,228,316,False
C1_P12_N2_S3_1.JPG,0,C1_P12,1468,1872,1724,2276,256,404,True
C3_P04_N1_S5_1.JPG,0,C3_P04,160,1472,332,1736,172,264,True
C1_P10_N3_S3_1.JPG,0,C1_P10,236,216,484,592,248,376,True
C4_P05_N1_S4_1.JPG,0,C4_P05,1884,1172,2048,1444,164,272,True
C4_P07_N1_S5_1.JPG,0,C4_P07,952,112,1068,348,116,236,True
C3_P06_N4_S3_1.JPG,0,C3_P06,72,508,364,972,292,464,True
C3_P03_N1_S4_1.JPG,0,C3_P03,2424,900,2624,1160,200,260,True
C2_P07_N1_S6_1.JPG,0,C2_P07,164,1428,264,1600,100,172,False
C4_P05_N2_S3_1.JPG,0,C4_P05,1692,952,1900,1264,208,312,True
C2_P06_N1_S4_1.JPG,0,C2_P06,1784,916,1948,1152,164,236,False
C3_P01_N2_S2_1.JPG,0,C3_P01,2852,460,3176,1088,324,628,True
C2_P04_N2_S4_1.JPG,0,C2_P04,1840,196,2044,464,204,268,False
C1_P06_N2_S3_2.JPG,0,C1_P06,2768,1432,3016,1816,248,384,True
C3_P04_N1_S4_1.JPG,0,C3_P04,1408,1784,1604,2060,196,276,True
C3_P05_N1_S3_1.JPG,0,C3_P05,2708,1624,2896,1960,188,336,True
C1_P06_N2_S3_3.JPG,0,C1_P06,1144,1720,1396,2048,252,328,True
C1_P05_N2_S4_2.JPG,0,C1_P05,2816,260,3052,572,236,312,True
C4_P05_N2_S4_1.JPG,0,C4_P05,220,660,412,984,192,324,True
C2_P01_N1_S4_1.JPG,0,C2_P01,592,992,712,1156,120,164,True
C4_P02_N1_S3_2.JPG,0,C4_P02,2492,244,2668,468,176,224,True
C4_P06_N4_S3_1.JPG,0,C4_P06,856,1288,1040,1588,184,300,True
C2_P01_N1_S5_2.JPG,0,C2_P01,312,600,408,744,96,144,True
C1_P05_N1_S4_2.JPG,0,C1_P05,1636,1908,1852,2276,216,368,True
C3_P06_N2_S3_2.JPG,0,C3_P06,2592,1656,2836,2116,244,460,True
C3_P07_N1_S5_1.JPG,0,C3_P07,2636,600,2812,872,176,272,True
C2_P02_N3_S3_1.JPG,0,C2_P02,1944,1216,2148,1556,204,340,True
C4_P04_N1_S4_1.JPG,0,C4_P04,2244,1172,2444,1488,200,316,True
C4_P08_N1_S5_2.JPG,0,C4_P08,396,1424,532,1604,136,180,False
C2_P08_N2_S4_1.JPG,0,C2_P08,116,1308,264,1528,148,220,False
C1_P09_N2_S4_1.JPG,0,C1_P09,2288,848,2468,1100,180,252,False
C2_P07_N1_S3_1.JPG,0,C2_P07,184,1136,368,1436,184,300,False
C2_P02_N1_S5_1.JPG,0,C2_P02,180,1500,296,1668,116,168,True
C3_P07_N1_S4_1.JPG,0,C3_P07,2396,772,2612,1096,216,324,True
C4_P05_N2_S3_1.JPG,0,C4_P05,1328,364,1528,728,200,364,True
C2_P04_N1_S2_1.JPG,0,C2_P04,1440,340,1632,636,192,296,False
C3_P07_N1_S4_1.JPG,0,C3_P07,1960,52,2176,376,216,324,True
C2_P09_N1_S7_2.JPG,0,C2_P09,1748,1556,1840,1688,92,132,False
C3_P06_N4_S3_1.JPG,0,C3_P06,2788,380,3036,900,248,520,True
C4_P04_N2_S4_1.JPG,0,C4_P04,1432,108,1624,416,192,308,True
C3_P05_N1_S3_1.JPG,0,C3_P05,2504,1624,2692,1980,188,356,True
C2_P02_N1_S2_1.JPG,0,C2_P02,736,1088,984,1428,248,340,True
C2_P06_N2_S4_2.JPG,0,C2_P06,656,1352,812,1564,156,212,False
C1_P11_N2_S4_2.JPG,0,C1_P11,1216,1832,1452,2224,236,392,True
C1_P08_N2_S5_1.JPG,0,C1_P08,944,268,1116,564,172,296,True
C3_P02_N2_S2_1.JPG,0,C3_P02,916,1124,1156,1532,240,408,True
C4_P05_N2_S3_1.JPG,0,C4_P05,492,1432,680,1780,188,348,True
C1_P12_N1_S4_1.JPG,0,C1_P12,532,1352,740,1700,208,348,True
C2_P07_N1_S6_1.JPG,0,C2_P07,348,1208,448,1356,100,148,False
C1_P12_N1_S5_1.JPG,0,C1_P12,1084,236,1256,472,172,236,True
C3_P06_N1_S3_1.JPG,0,C3_P06,3228,1120,3456,1540,228,420,True
C1_P02_N2_S3_1.JPG,0,C1_P02,2136,200,2372,708,236,508,True
C3_P05_N1_S4_1.JPG,0,C3_P05,1748,1504,1928,1800,180,296,True
C4_P05_N2_S4_1.JPG,0,C4_P05,2320,188,2520,488,200,300,True
C3_P06_N1_S3_2.JPG,0,C3_P06,1956,412,2180,772,224,360,True
C3_P03_N2_S3_1.JPG,0,C3_P03,2360,1184,2604,1540,244,356,True
C3_P05_N1_S2_1.JPG,0,C3_P05,1460,1272,1692,1620,232,348,True
C4_P05_N1_S4_1.JPG,0,C4_P05,1940,104,2128,380,188,276,True
C2_P01_N1_S5_2.JPG,0,C2_P01,180,1672,296,1824,116,152,True
C2_P04_N2_S3_1.JPG,0,C2_P04,1748,668,1932,928,184,260,False
C3_P06_N2_S3_2.JPG,0,C3_P06,2576,1016,2832,1436,256,420,True
C3_P06_N3_S4_2.JPG,0,C3_P06,3032,212,3236,648,204,436,True
C1_P10_N1_S4_1.JPG,0,C1_P10,836,136,996,444,160,308,True
C2_P02_N2_S3_1.JPG,0,C2_P02,2116,216,2328,560,212,344,True
C4_P04_N1_S5_1.JPG,0,C4_P04,1640,204,1796,440,156,236,True
C1_P03_N1_S4_2.JPG,0,C1_P03,484,1604,616,1812,132,208,False
C3_P06_N3_S4_1.JPG,0,C3_P06,3412,1376,3692,1772,280,396,True
C3_P04_N4_S2_1.JPG,0,C3_P04,2040,1732,2412,2276,372,544,True
C1_P11_N2_S4_1.JPG,0,C1_P11,2436,932,2648,1260,212,328,True
C2_P04_N1_S2_1.JPG,0,C2_P04,1100,320,1292,616,192,296,False
C4_P06_N2_S3_1.JPG,0,C4_P06,2148,324,2348,600,200,276,True
C1_P05_N1_S4_1.JPG,0,C1_P05,2708,848,2920,1172,212,324,True
C3_P02_N3_S2_2.JPG,0,C3_P02,3008,484,3336,1004,328,520,True
C4_P07_N1_S3_2.JPG,0,C4_P07,288,352,480,632,192,280,True
C2_P04_N2_S3_1.JPG,0,C2_P04,1184,216,1372,480,188,264,False
C3_P04_N2_S2_1.JPG,0,C3_P04,1568,328,1988,1080,420,752,True
C1_P04_N1_S5_1.JPG,0,C1_P04,1972,1136,2136,1392,164,256,True
C4_P05_N3_S2_1.JPG,0,C4_P05,2348,236,2556,548,208,312,True
C3_P06_N2_S3_1.JPG,0,C3_P06,1612,1128,1840,1516,228,388,True
C2_P04_N3_S3_1.JPG,0,C2_P04,1204,716,1392,988,188,272,False
C4_P07_N2_S4_1.JPG,0,C4_P07,1988,208,2148,468,160,260,True
C4_P01_N3_S3_1.JPG,0,C4_P01,2448,1660,2652,1932,204,272,True
C3_P02_N2_S3_1.JPG,0,C3_P02,2116,1864,2364,2188,248,324,True
C1_P06_N2_S3_1.JPG,0,C1_P06,2112,1840,2336,2172,224,332,True
C1_P10_N1_S5_1.JPG,0,C1_P10,156,652,296,868,140,216,True
C3_P05_N1_S3_1.JPG,0,C3_P05,3136,1100,3336,1408,200,308,True
C2_P01_N1_S5_1.JPG,0,C2_P01,1240,620,1352,768,112,148,True
C4_P05_N2_S2_1.JPG,0,C4_P05,1744,312,1964,648,220,336,True
C3_P06_N2_S3_1.JPG,0,C3_P06,500,1680,708,2076,208,396,True
C1_P11_N1_S4_2.JPG,0,C1_P11,2728,1388,2916,1668,188,280,True
C1_P05_N4_S3_1.JPG,0,C1_P05,28,220,240,620,212,400,True
C1_P03_N1_S4_2.JPG,0,C1_P03,2140,1144,2272,1352,132,208,False
C3_P04_N4_S2_1.JPG,0,C3_P04,3260,1716,3608,2260,348,544,True
C1_P04_N1_S5_2.JPG,0,C1_P04,1440,1624,1584,1868,144,244,True
C4_P02_N2_S3_1.JPG,0,C4_P02,0,916,152,1196,152,280,True
C2_P03_N2_S3_1.JPG,0,C2_P03,872,1396,1104,1788,232,392,True
C2_P09_N1_S7_2.JPG,0,C2_P09,736,616,840,772,104,156,False
C1_P04_N1_S4_1.JPG,0,C1_P04,1396,1368,1600,1692,204,324,True
C2_P08_N2_S3_2.JPG,0,C2_P08,1168,776,1364,1080,196,304,False
C2_P09_N1_S7_1.JPG,0,C2_P09,268,1404,368,1572,100,168,False
C3_P05_N2_S2_1.JPG,0,C3_P05,3260,1172,3488,1540,228,368,True
C2_P04_N1_S4_1.JPG,0,C2_P04,1380,1512,1540,1736,160,224,False
C3_P01_N1_S3_1.JPG,0,C3_P01,1420,1084,1624,1524,204,440,True
C2_P01_N1_S5_1.JPG,0,C2_P01,468,616,580,764,112,148,True
C1_P08_N4_S3_1.JPG,0,C1_P08,1300,892,1504,1304,204,412,True
C2_P01_N2_S4_1.JPG,0,C2_P01,280,1520,408,1688,128,168,True
C2_P05_N2_S5_1.JPG,0,C2_P05,1192,420,1304,584,112,164,True
C4_P05_N2_S4_1.JPG,0,C4_P05,572,1140,756,1472,184,332,True
C4_P07_N1_S4_1.JPG,0,C4_P07,1960,60,2144,364,184,304,True
C1_P02_N2_S3_1.JPG,0,C1_P02,2784,1020,3020,1528,236,508,True
C4_P07_N2_S4_1.JPG,0,C4_P07,808,716,968,992,160,276,True
C4_P01_N2_S4_1.JPG,0,C4_P01,160,1208,332,1464,172,256,True
C1_P04_N1_S5_2.JPG,0,C1_P04,1048,1632,1192,1876,144,244,True
C2_P04_N1_S3_1.JPG,0,C2_P04,432,648,592,896,160,248,False
C1_P10_N1_S4_1.JPG,0,C1_P10,228,220,388,484,160,264,True
C4_P05_N1_S5_1.JPG,0,C4_P05,1480,1396,1640,1640,160,244,True
C2_P09_N1_S7_1.JPG,0,C2_P09,460,1172,560,1328,100,156,False
C4_P07_N1_S3_2.JPG,0,C4_P07,92,852,276,1204,184,352,True
C1_P03_N3_S2_1.JPG,0,C1_P03,1120,524,1328,796,208,272,False
C3_P06_N4_S3_1.JPG,0,C3_P06,2112,1852,2376,2296,264,444,True
C2_P03_N2_S3_1.JPG,0,C2_P03,1948,148,2156,572,208,424,True
C1_P08_N4_S4_1.JPG,0,C1_P08,1268,888,1488,1344,220,456,True
C3_P06_N2_S3_1.JPG,0,C3_P06,2336,1148,2564,1536,228,388,True
C2_P06_N2_S4_2.JPG,0,C2_P06,940,80,1064,312,124,232,False
C4_P02_N1_S3_1.JPG,0,C4_P02,2032,1508,2204,1764,172,256,True
C3_P02_N1_S4_1.JPG,0,C3_P02,508,892,708,1180,200,288,True
C1_P04_N3_S2_1.JPG,0,C1_P04,788,512,1060,892,272,380,True
C4_P05_N1_S2_1.JPG,0,C4_P05,1100,388,1288,656,188,268,True
C1_P08_N3_S3_1.JPG,0,C1_P08,1468,1476,1728,1868,260,392,True
C3_P04_N4_S2_1.JPG,0,C3_P04,2012,208,2412,956,400,748,True
C1_P12_N2_S5_1.JPG,0,C1_P12,220,1668,384,1912,164,244,True
C3_P07_N1_S3_1.JPG,0,C3_P07,2824,1144,3060,1496,236,352,True
C3_P02_N3_S2_2.JPG,0,C3_P02,656,580,968,1012,312,432,True
C3_P06_N3_S4_1.JPG,0,C3_P06,2156,1364,2380,1696,224,332,True
C1_P05_N3_S4_1.JPG,0,C1_P05,560,92,804,476,244,384,True
C2_P01_N1_S4_1.JPG,0,C2_P01,588,160,708,336,120,176,True
C2_P01_N1_S5_1.JPG,0,C2_P01,1296,944,1408,1100,112,156,True
C1_P09_N2_S6_1.JPG,0,C1_P09,1488,1180,1656,1420,168,240,False
C1_P01_N1_S3_1.JPG,0,C1_P01,688,264,964,712,276,448,True
C1_P02_N1_S5_1.JPG,0,C1_P02,572,48,772,360,200,312,True
C4_P07_N1_S5_1.JPG,0,C4_P07,1620,1792,1760,2024,140,232,True
C1_P08_N4_S3_1.JPG,0,C1_P08,2808,284,3036,704,228,420,True
C2_P09_N1_S7_1.JPG,0,C2_P09,1876,940,1976,1104,100,164,False
C2_P07_N3_S2_1.JPG,0,C2_P07,2048,920,2292,1292,244,372,False
C2_P05_N1_S5_1.JPG,0,C2_P05,240,1580,364,1752,124,172,True
C4_P05_N3_S2_1.JPG,0,C4_P05,340,764,528,1064,188,300,True
C1_P02_N2_S4_1.JPG,0,C1_P02,216,1388,480,1768,264,380,True
C2_P08_N1_S4_1.JPG,0,C2_P08,812,940,968,1176,156,236,False
C2_P01_N1_S5_2.JPG,0,C2_P01,364,236,460,380,96,144,True
C3_P03_N4_S2_1.JPG,0,C3_P03,2444,1216,2712,1676,268,460,True
C1_P05_N1_S5_1.JPG,0,C1_P05,2588,160,2768,436,180,276,True
C4_P07_N3_S3_1.JPG,0,C4_P07,2316,1376,2504,1680,188,304,True
C1_P08_N3_S3_1.JPG,0,C1_P08,148,1488,360,1896,212,408,True
C1_P02_N4_S2_1.JPG,0,C1_P02,768,568,1128,1140,360,572,True
C1_P09_N1_S5_1.JPG,0,C1_P09,1572,548,1748,800,176,252,False
C4_P08_N1_S5_1.JPG,0,C4_P08,744,1784,876,1972,132,188,False
C3_P05_N3_S2_1.JPG,0,C3_P05,2072,452,2328,864,256,412,True
C1_P08_N4_S3_1.JPG,0,C1_P08,2164,948,2384,1288,220,340,True
C2_P03_N1_S3_1.JPG,0,C2_P03,1292,788,1508,1212,216,424,True
C4_P07_N1_S4_2.JPG,0,C4_P07,1144,668,1312,936,168,268,True
C2_P01_N2_S2_1.JPG,0,C2_P01,1088,376,1268,612,180,236,True
C3_P07_N1_S5_1.JPG,0,C3_P07,2280,1084,2488,1416,208,332,True
C4_P04_N4_S2_1.JPG,0,C4_P04,2104,196,2332,552,228,356,True
C4_P02_N1_S3_1.JPG,0,C4_P02,1496,228,1676,452,180,224,True
C1_P10_N1_S5_1.JPG,0,C1_P10,1428,1096,1584,1324,156,228,True
C2_P03_N1_S5_1.JPG,0,C2_P03,60,1224,204,1452,144,228,True
C1_P08_N3_S4_2.JPG,0,C1_P08,1108,944,1332,1268,224,324,True
C3_P07_N1_S6_1.JPG,0,C3_P07,700,1324,876,1580,176,256,True
C2_P09_N1_S7_1.JPG,0,C2_P09,24,56,116,244,92,188,False
C3_P04_N2_S3_1.JPG,0,C3_P04,2036,1856,2328,2252,292,396,True
C1_P05_N1_S5_1.JPG,0,C1_P05,676,1628,864,1908,188,280,True
C1_P09_N3_S3_1.JPG,0,C1_P09,812,448,1008,748,196,300,False
C2_P07_N1_S3_1.JPG,0,C2_P07,16,624,180,940,164,316,False
C3_P05_N1_S5_1.JPG,0,C3_P05,1168,760,1328,996,160,236,True
C2_P06_N1_S5_1.JPG,0,C2_P06,524,1148,656,1316,132,168,False
C3_P05_N3_S3_1.JPG,0,C3_P05,2132,1164,2368,1500,236,336,True
C3_P05_N1_S5_1.JPG,0,C3_P05,2480,772,2640,1020,160,248,True
C4_P07_N1_S4_2.JPG,0,C4_P07,1472,172,1656,432,184,260,True
C1_P03_N1_S2_1.JPG,0,C1_P03,2144,1148,2340,1408,196,260,False
C2_P08_N1_S6_2.JPG,0,C2_P08,380,980,480,1152,100,172,False
C2_P02_N1_S3_1.JPG,0,C2_P02,760,320,972,648,212,328,True
C4_P07_N1_S5_1.JPG,0,C4_P07,1760,952,1900,1192,140,240,True
C2_P01_N1_S5_2.JPG,0,C2_P01,508,620,604,764,96,144,True
C4_P05_N1_S4_1.JPG,0,C4_P05,580,660,768,984,188,324,True
C3_P07_N3_S3_1.JPG,0,C3_P07,2296,2012,2556,2344,260,332,True
C1_P06_N1_S4_1.JPG,0,C1_P06,2124,800,2328,1060,204,260,True
C1_P08_N1_S4_1.JPG,0,C1_P08,1964,784,2172,1172,208,388,True
C1_P05_N1_S4_3.JPG,0,C1_P05,2500,2036,2716,2372,216,336,True
C1_P01_N1_S3_2.JPG,0,C1_P01,1236,812,1504,1216,268,404,True
C1_P05_N3_S3_1.JPG,0,C1_P05,2956,1500,3192,1872,236,372,True
C2_P03_N2_S4_1.JPG,0,C2_P03,628,1056,816,1332,188,276,True
C1_P04_N4_S2_1.JPG,0,C1_P04,112,284,364,700,252,416,True
C4_P08_N1_S5_1.JPG,0,C4_P08,1416,1076,1548,1272,132,196,False
C3_P01_N2_S3_2.JPG,0,C3_P01,460,336,744,772,284,436,True
C1_P07_N1_S3_3.JPG,0,C1_P07,640,1592,844,1888,204,296,False
C2_P01_N1_S5_2.JPG,0,C2_P01,860,256,956,400,96,144,True
C3_P02_N3_S3_1.JPG,0,C3_P02,816,324,1088,704,272,380,True
C4_P05_N1_S3_1.JPG,0,C4_P05,2344,340,2544,608,200,268,True
C3_P07_N2_S3_1.JPG,0,C3_P07,1348,1892,1608,2248,260,356,True
C1_P11_N2_S4_3.JPG,0,C1_P11,2080,1808,2260,2124,180,316,True
C2_P03_N3_S2_1.JPG,0,C2_P03,772,992,1088,1496,316,504,True
C2_P08_N2_S3_1.JPG,0,C2_P08,336,1392,548,1776,212,384,False
C3_P06_N2_S3_1.JPG,0,C3_P06,892,484,1092,892,200,408,True
C4_P02_N2_S4_1.JPG,0,C4_P02,728,1164,880,1396,152,232,True
C2_P05_N1_S2_1.JPG,0,C2_P05,1068,252,1260,544,192,292,True
C4_P02_N2_S3_1.JPG,0,C4_P02,1372,304,1552,544,180,240,True
C2_P03_N1_S2_1.JPG,0,C2_P03,1500,444,1820,912,320,468,True
C1_P05_N1_S4_3.JPG,0,C1_P05,1652,2060,1868,2396,216,336,True
C3_P04_N4_S2_1.JPG,0,C3_P04,3768,376,4184,992,416,616,True
C4_P05_N2_S2_1.JPG,0,C4_P05,1500,840,1704,1164,204,324,True
C3_P03_N3_S3_1.JPG,0,C3_P03,308,188,580,548,272,360,True
C1_P08_N3_S4_1.JPG,0,C1_P08,2704,1424,2884,1764,180,340,True
C4_P07_N1_S4_1.JPG,0,C4_P07,1408,1720,1612,2012,204,292,True
C1_P05_N1_S4_2.JPG,0,C1_P05,140,1264,356,1676,216,412,True
C4_P04_N1_S2_1.JPG,0,C4_P04,2096,1036,2308,1388,212,352,True
C1_P11_N1_S4_1.JPG,0,C1_P11,2692,824,2932,1172,240,348,True
C3_P01_N1_S5_1.JPG,0,C3_P01,1060,308,1240,564,180,256,True
C2_P07_N1_S6_1.JPG,0,C2_P07,80,1428,180,1600,100,172,False
C4_P02_N2_S3_1.JPG,0,C4_P02,1536,1632,1708,1876,172,244,True
C4_P02_N2_S4_1.JPG,0,C4_P02,400,1692,540,1888,140,196,True
C2_P01_N4_S2_1.JPG,0,C2_P01,2148,856,2324,1104,176,248,True
C2_P01_N1_S4_1.JPG,0,C2_P01,820,984,940,1148,120,164,True
C1_P03_N1_S3_1.JPG,0,C1_P03,1112,1672,1296,1932,184,260,False
C1_P07_N2_S3_2.JPG,0,C1_P07,580,1736,800,2032,220,296,False
C3_P06_N1_S3_2.JPG,0,C3_P06,1216,448,1440,808,224,360,True
C1_P05_N1_S4_3.JPG,0,C1_P05,2064,860,2280,1192,216,332,True
C1_P03_N1_S3_1.JPG,0,C1_P03,1708,288,1896,552,188,264,False
C4_P02_N2_S4_1.JPG,0,C4_P02,60,572,208,840,148,268,True
C2_P06_N1_S3_1.JPG,0,C2_P06,2008,176,2204,420,196,244,False
C3_P07_N2_S4_1.JPG,0,C3_P07,780,2000,960,2228,180,228,True
C2_P06_N1_S4_1.JPG,0,C2_P06,184,488,348,708,164,220,False
C4_P07_N1_S4_1.JPG,0,C4_P07,1948,1172,2140,1464,192,292,True
C1_P11_N2_S4_3.JPG,0,C1_P11,1180,232,1416,580,236,348,True
C3_P04_N1_S3_1.JPG,0,C3_P04,456,1144,772,1588,316,444,True
C1_P12_N4_S3_1.JPG,0,C1_P12,1136,1132,1432,1588,296,456,True
C3_P07_N4_S2_1.JPG,0,C3_P07,2176,572,2484,1044,308,472,True
C4_P04_N1_S4_1.JPG,0,C4_P04,648,284,848,616,200,332,True
C2_P09_N1_S7_1.JPG,0,C2_P09,1936,412,2032,580,96,168,False
C2_P03_N4_S2_1.JPG,0,C2_P03,1104,356,1396,844,292,488,True
C3_P01_N2_S3_1.JPG,0,C3_P01,1768,1848,2028,2204,260,356,True
C1_P01_N2_S4_1.JPG,0,C1_P01,920,1996,1148,2332,228,336,True
C4_P08_N1_S5_1.JPG,0,C4_P08,512,1392,644,1620,132,228,False
C3_P01_N1_S2_1.JPG,0,C3_P01,876,492,1256,1072,380,580,True
C1_P06_N2_S3_1.JPG,0,C1_P06,3020,1732,3244,2124,224,392,True
C4_P08_N3_S3_2.JPG,0,C4_P08,560,1644,792,1980,232,336,False
C1_P12_N1_S3_1.JPG,0,C1_P12,432,280,680,656,248,376,True
C3_P04_N3_S2_1.JPG,0,C3_P04,256,544,708,1188,452,644,True
C2_P03_N2_S4_1.JPG,0,C2_P03,116,584,296,888,180,304,True
C1_P03_N1_S2_1.JPG,0,C1_P03,2448,396,2664,688,216,292,False
C1_P06_N1_S4_1.JPG,0,C1_P06,364,2036,568,2328,204,292,True
C1_P04_N4_S2_1.JPG,0,C1_P04,652,1020,900,1448,248,428,True
C3_P07_N3_S3_1.JPG,0,C3_P07,948,1944,1224,2264,276,320,True
C4_P05_N1_S4_1.JPG,0,C4_P05,364,1632,548,1932,184,300,True
C3_P05_N1_S5_1.JPG,0,C3_P05,708,2040,864,2300,156,260,True
C3_P06_N1_S3_1.JPG,0,C3_P06,1024,1772,1240,2148,216,376,True
C2_P05_N1_S3_1.JPG,0,C2_P05,1752,1292,1936,1552,184,260,True
C2_P03_N3_S2_1.JPG,0,C2_P03,504,1004,820,1508,316,504,True
C3_P03_N2_S3_1.JPG,0,C3_P03,2104,1984,2340,2336,236,352,True
C1_P02_N1_S2_1.JPG,0,C1_P02,2180,1404,2464,2052,284,648,True
C2_P05_N1_S3_1.JPG,0,C2_P05,140,148,360,416,220,268,True
C1_P05_N4_S3_1.JPG,0,C1_P05,700,260,912,620,212,360,True
C3_P01_N4_S2_1.JPG,0,C3_P01,988,1296,1340,1892,352,596,True
C1_P11_N2_S4_1.JPG,0,C1_P11,2432,372,2660,708,228,336,True
C2_P09_N1_S7_1.JPG,0,C2_P09,1184,1164,1284,1304,100,140,False
C3_P06_N1_S3_2.JPG,0,C3_P06,2524,1000,2704,1432,180,432,True
C3_P05_N2_S4_1.JPG,0,C3_P05,2724,156,2928,480,204,324,True
C3_P05_N3_S3_1.JPG,0,C3_P05,2864,1172,3108,1516,244,344,True
C2_P09_N1_S7_2.JPG,0,C2_P09,300,1328,388,1480,88,152,False
C2_P06_N1_S3_2.JPG,0,C2_P06,824,124,1012,376,188,252,False
C4_P02_N2_S3_1.JPG,0,C4_P02,1208,308,1388,548,180,240,True
C4_P07_N1_S5_1.JPG,0,C4_P07,932,964,1072,1204,140,240,True
C3_P07_N2_S2_1.JPG,0,C3_P07,820,424,1180,928,360,504,True
C3_P02_N2_S2_2.JPG,0,C3_P02,2500,1288,2776,1728,276,440,True
C4_P06_N2_S3_1.JPG,0,C4_P06,1720,832,1920,1144,200,312,True
C2_P03_N1_S5_1.JPG,0,C2_P03,204,896,336,1136,132,240,True
C2_P05_N2_S2_1.JPG,0,C2_P05,296,672,516,960,220,288,True
C1_P08_N1_S4_1.JPG,0,C1_P08,476,64,724,464,248,400,True
C2_P06_N1_S4_1.JPG,0,C2_P06,1012,936,1176,1156,164,220,False
C3_P02_N3_S3_1.JPG,0,C3_P02,3096,1852,3348,2228,252,376,True
C2_P09_N1_S7_2.JPG,0,C2_P09,1788,1128,1880,1264,92,136,False
C2_P08_N2_S4_1.JPG,0,C2_P08,812,132,972,372,160,240,False
C3_P02_N3_S3_1.JPG,0,C3_P02,1408,1872,1656,2192,248,320,True
C3_P01_N2_S4_1.JPG,0,C3_P01,920,208,1128,548,208,340,True
C4_P07_N2_S4_1.JPG,0,C4_P07,836,1208,984,1500,148,292,True
C3_P06_N3_S4_2.JPG,0,C3_P06,1792,1948,2000,2276,208,328,True
C1_P05_N1_S4_3.JPG,0,C1_P05,840,868,1076,1200,236,332,True
C4_P04_N1_S4_1.JPG,0,C4_P04,1040,756,1248,1052,208,296,True
C1_P05_N3_S4_1.JPG,0,C1_P05,360,1912,568,2280,208,368,True
C3_P05_N3_S2_1.JPG,0,C3_P05,2368,352,2684,868,316,516,True
C3_P02_N1_S2_2.JPG,0,C3_P02,2568,1264,2836,1632,268,368,True
C4_P08_N1_S5_2.JPG,0,C4_P08,796,672,932,876,136,204,False
C1_P05_N1_S5_1.JPG,0,C1_P05,2576,2096,2752,2380,176,284,True
C1_P06_N1_S3_1.JPG,0,C1_P06,2184,1132,2400,1436,216,304,True
C4_P07_N1_S3_1.JPG,0,C4_P07,488,396,680,696,192,300,True
C2_P04_N2_S4_1.JPG,0,C2_P04,1144,616,1304,904,160,288,False
C2_P07_N3_S2_1.JPG,0,C2_P07,1304,224,1544,596,240,372,False
C3_P02_N2_S3_1.JPG,0,C3_P02,3008,1132,3236,1468,228,336,True
C2_P01_N1_S2_1.JPG,0,C2_P01,1568,804,1736,1028,168,224,True
C2_P05_N1_S5_1.JPG,0,C2_P05,1048,1224,1156,1424,108,200,True
C3_P06_N1_S4_1.JPG,0,C3_P06,984,248,1184,560,200,312,True
C4_P08_N1_S5_2.JPG,0,C4_P08,1720,248,1860,504,140,256,False
C1_P05_N1_S4_2.JPG,0,C1_P05,360,696,592,1048,232,352,True
C1_P09_N4_S3_1.JPG,0,C1_P09,528,792,708,1036,180,244,False
C1_P08_N3_S4_1.JPG,0,C1_P08,284,816,540,1200,256,384,True
C2_P03_N1_S4_1.JPG,0,C2_P03,732,184,932,472,200,288,True
C4_P03_N3_S3_2.JPG,0,C4_P03,936,936,1152,1300,216,364,True
C1_P11_N1_S4_1.JPG,0,C1_P11,816,2040,1036,2444,220,404,True
C3_P03_N1_S4_1.JPG,0,C3_P03,712,2120,932,2408,220,288,True
C3_P05_N1_S3_1.JPG,0,C3_P05,2324,1608,2512,1980,188,372,True
C2_P08_N2_S4_1.JPG,0,C2_P08,548,904,688,1152,140,248,False
C1_P04_N1_S4_1.JPG,0,C1_P04,1420,736,1608,1060,188,324,True
C1_P05_N1_S4_1.JPG,0,C1_P05,2956,252,3156,552,200,300,True
C1_P02_N1_S3_1.JPG,0,C1_P02,1924,224,2176,660,252,436,True
C3_P07_N1_S6_1.JPG,0,C3_P07,2144,1800,2312,2084,168,284,True
C3_P06_N3_S3_1.JPG,0,C3_P06,3344,1712,3620,2164,276,452,True
C3_P02_N2_S2_2.JPG,0,C3_P02,3580,556,3868,944,288,388,True
C1_P08_N2_S4_1.JPG,0,C1_P08,816,1992,1052,2364,236,372,True
C1_P04_N2_S4_1.JPG,0,C1_P04,1036,208,1260,528,224,320,True
C2_P04_N1_S4_1.JPG,0,C2_P04,1300,660,1452,896,152,236,False
C2_P05_N2_S3_1.JPG,0,C2_P05,104,632,324,932,220,300,True
C3_P06_N4_S3_1.JPG,0,C3_P06,3376,384,3624,904,248,520,True
C3_P02_N1_S4_1.JPG,0,C3_P02,2264,2120,2464,2400,200,280,True
C1_P07_N1_S3_3.JPG,0,C1_P07,2448,300,2652,596,204,296,False
C4_P03_N2_S3_1.JPG,0,C4_P03,976,1248,1156,1588,180,340,True
C1_P12_N2_S4_1.JPG,0,C1_P12,1172,1496,1392,1828,220,332,True
C2_P09_N1_S7_1.JPG,0,C2_P09,1764,1204,1868,1344,104,140,False
C2_P07_N2_S4_1.JPG,0,C2_P07,608,508,764,752,156,244,False
C4_P03_N1_S4_1.JPG,0,C4_P03,2216,124,2384,352,168,228,True
C2_P01_N2_S3_1.JPG,0,C2_P01,1356,972,1532,1228,176,256,True
C2_P08_N1_S6_1.JPG,0,C2_P08,16,28,152,240,136,212,False
C2_P09_N1_S7_2.JPG,0,C2_P09,2104,644,2196,804,92,160,False
C1_P06_N2_S3_2.JPG,0,C1_P06,672,784,900,1112,228,328,True
C3_P07_N1_S6_1.JPG,0,C3_P07,1588,1304,1764,1560,176,256,True
C1_P01_N1_S5_1.JPG,0,C1_P01,1252,1116,1460,1424,208,308,True
C2_P06_N1_S5_1.JPG,0,C2_P06,1204,804,1332,968,128,164,False
C2_P01_N2_S3_2.JPG,0,C2_P01,228,268,388,440,160,172,True
C4_P07_N1_S4_2.JPG,0,C4_P07,300,1676,472,1924,172,248,True
C1_P12_N2_S5_1.JPG,0,C1_P12,12,280,204,524,192,244,True
C3_P06_N1_S3_2.JPG,0,C3_P06,288,1692,536,2092,248,400,True
C2_P09_N1_S7_2.JPG,0,C2_P09,1156,1104,1252,1240,96,136,False
C2_P02_N2_S4_1.JPG,0,C2_P02,456,1140,620,1392,164,252,True
C2_P03_N2_S4_1.JPG,0,C2_P03,1280,992,1436,1316,156,324,True
C2_P07_N1_S6_1.JPG,0,C2_P07,16,384,124,556,108,172,False
C2_P02_N1_S4_1.JPG,0,C2_P02,1204,260,1372,520,168,260,True
C1_P11_N2_S3_2.JPG,0,C1_P11,2644,320,2876,640,232,320,True
C1_P10_N2_S2_1.JPG,0,C1_P10,2676,252,2964,736,288,484,True
C1_P10_N2_S4_1.JPG,0,C1_P10,1708,2008,1904,2304,196,296,True
C1_P04_N2_S4_1.JPG,0,C1_P04,1248,2024,1444,2348,196,324,True
C2_P05_N2_S5_1.JPG,0,C2_P05,640,1312,752,1468,112,156,True
C3_P02_N1_S4_1.JPG,0,C3_P02,2440,2120,2640,2400,200,280,True
C2_P06_N1_S3_2.JPG,0,C2_P06,1004,1164,1192,1416,188,252,False
C3_P01_N1_S5_2.JPG,0,C3_P01,468,752,648,1008,180,256,True
C3_P04_N4_S2_1.JPG,0,C3_P04,624,300,1064,920,440,620,True
C3_P03_N1_S2_1.JPG,0,C3_P03,3528,460,3812,872,284,412,True
C4_P08_N1_S5_1.JPG,0,C4_P08,1592,684,1724,880,132,196,False
C1_P01_N2_S4_1.JPG,0,C1_P01,1380,104,1640,508,260,404,True
C2_P02_N2_S4_1.JPG,0,C2_P02,1816,1528,1980,1768,164,240,True
C1_P02_N3_S3_1.JPG,0,C1_P02,2884,240,3140,756,256,516,True
C4_P05_N2_S4_1.JPG,0,C4_P05,576,652,768,976,192,324,True
C2_P05_N3_S3_2.JPG,0,C2_P05,1944,740,2108,1012,164,272,True
C4_P03_N3_S3_2.JPG,0,C4_P03,1364,1620,1580,1924,216,304,True
C2_P09_N1_S7_1.JPG,0,C2_P09,1316,128,1416,288,100,160,False
C1_P11_N2_S4_3.JPG,0,C1_P11,2816,1284,2996,1552,180,268,True
C1_P04_N1_S3_2.JPG,0,C1_P04,224,240,388,588,164,348,True
C4_P05_N1_S5_1.JPG,0,C4_P05,1856,520,2036,768,180,248,True
C2_P09_N1_S7_2.JPG,0,C2_P09,240,312,344,500,104,188,False
C1_P08_N4_S4_1.JPG,0,C1_P08,1048,2104,1256,2444,208,340,True
C2_P05_N2_S5_1.JPG,0,C2_P05,208,1040,316,1196,108,156,True
C1_P03_N2_S3_2.JPG,0,C1_P03,2344,1772,2528,2064,184,292,False
C1_P08_N2_S4_2.JPG,0,C1_P08,2452,972,2656,1284,204,312,True
C2_P01_N2_S3_1.JPG,0,C2_P01,2368,1536,2548,1756,180,220,True
C1_P06_N3_S3_2.JPG,0,C1_P06,656,504,888,836,232,332,True
C2_P01_N1_S5_1.JPG,0,C2_P01,240,1660,344,1820,104,160,True
C1_P02_N3_S3_1.JPG,0,C1_P02,1608,240,1940,756,332,516,True
C2_P08_N2_S4_1.JPG,0,C2_P08,256,1308,404,1528,148,220,False
C1_P06_N1_S4_1.JPG,0,C1_P06,1860,2028,2068,2336,208,308,True
C2_P06_N3_S3_1.JPG,0,C2_P06,1384,1040,1548,1276,164,236,False
C1_P08_N3_S3_1.JPG,0,C1_P08,1884,324,2136,688,252,364,True
C1_P05_N3_S3_1.JPG,0,C1_P05,1436,1548,1672,1920,236,372,True
C4_P02_N3_S2_1.JPG,0,C4_P02,164,1032,332,1264,168,232,True
C3_P04_N1_S5_1.JPG,0,C3_P04,732,1448,904,1736,172,288,True
C3_P03_N2_S4_1.JPG,0,C3_P03,788,1464,980,1724,192,260,True
C3_P04_N1_S2_1.JPG,0,C3_P04,3704,1520,4084,2092,380,572,True
C2_P01_N1_S5_1.JPG,0,C2_P01,716,1652,820,1796,104,144,True
C3_P01_N3_S2_1.JPG,0,C3_P01,1372,1520,1700,2036,328,516,True
C1_P05_N1_S4_2.JPG,0,C1_P05,2700,1912,2916,2280,216,368,True
C2_P07_N1_S2_1.JPG,0,C2_P07,696,920,952,1364,256,444,False
C3_P01_N2_S4_1.JPG,0,C3_P01,932,1460,1120,1728,188,268,True
C3_P05_N1_S5_1.JPG,0,C3_P05,2272,1656,2424,1900,152,244,True
C4_P05_N2_S2_1.JPG,0,C4_P05,324,788,544,1140,220,352,True
C2_P06_N1_S3_1.JPG,0,C2_P06,1732,700,1908,944,176,244,False
C1_P08_N4_S4_1.JPG,0,C1_P08,328,276,588,684,260,408,True
C1_P08_N4_S4_1.JPG,0,C1_P08,2092,1552,2292,1888,200,336,True
C3_P06_N1_S3_1.JPG,0,C3_P06,988,580,1200,908,212,328,True
C2_P06_N1_S5_1.JPG,0,C2_P06,1660,460,1788,624,128,164,False
C2_P06_N1_S3_1.JPG,0,C2_P06,76,672,272,916,196,244,False
C1_P07_N1_S3_1.JPG,0,C1_P07,268,336,460,636,192,300,False
C2_P03_N1_S5_1.JPG,0,C2_P03,964,1548,1072,1796,108,248,True
C1_P10_N1_S4_1.JPG,0,C1_P10,68,760,228,1020,160,260,True
C1_P12_N3_S2_1.JPG,0,C1_P12,2348,516,2724,1060,376,544,True
C1_P09_N3_S4_2.JPG,0,C1_P09,1132,752,1304,1008,172,256,False
C3_P06_N2_S3_2.JPG,0,C3_P06,2260,284,2508,748,248,464,True
C4_P08_N1_S4_1.JPG,0,C4_P08,1096,76,1288,396,192,320,False
C2_P01_N1_S4_1.JPG,0,C2_P01,812,168,932,344,120,176,True
C2_P08_N2_S4_1.JPG,0,C2_P08,1228,500,1380,740,152,240,False
C1_P06_N3_S3_2.JPG,0,C1_P06,1880,504,2112,836,232,332,True
C2_P09_N1_S7_1.JPG,0,C2_P09,940,1672,1040,1796,100,124,False
C1_P06_N2_S3_1.JPG,0,C1_P06,904,1840,1128,2176,224,336,True
C1_P05_N3_S4_1.JPG,0,C1_P05,108,700,328,1092,220,392,True
C2_P06_N3_S3_1.JPG,0,C2_P06,244,600,408,848,164,248,False
C3_P03_N3_S2_1.JPG,0,C3_P03,2124,564,2420,988,296,424,True
C1_P10_N3_S2_1.JPG,0,C1_P10,156,1292,436,1700,280,408,True
C2_P04_N1_S4_1.JPG,0,C2_P04,1592,164,1752,444,160,280,False
C1_P09_N3_S3_1.JPG,0,C1_P09,304,440,500,740,196,300,False
C1_P02_N1_S4_1.JPG,0,C1_P02,600,680,844,1052,244,372,True
C4_P07_N1_S5_1.JPG,0,C4_P07,644,128,792,336,148,208,True
C3_P01_N2_S2_2.JPG,0,C3_P01,1068,1680,1444,2232,376,552,True
C3_P06_N1_S3_2.JPG,0,C3_P06,992,1692,1240,2092,248,400,True
C2_P04_N2_S2_1.JPG,0,C2_P04,684,208,868,468,184,260,False
C1_P06_N2_S3_2.JPG,0,C1_P06,1672,1516,1920,1836,248,320,True
C2_P08_N2_S3_2.JPG,0,C2_P08,240,760,436,1064,196,304,False
C4_P08_N1_S3_1.JPG,0,C4_P08,628,1000,852,1312,224,312,False
C1_P12_N3_S2_1.JPG,0,C1_P12,204,464,520,1040,316,576,True
C1_P05_N1_S4_2.JPG,0,C1_P05,1008,1908,1224,2276,216,368,True
C4_P03_N3_S3_1.JPG,0,C4_P03,1760,1536,1960,1820,200,284,True
C3_P06_N3_S4_1.JPG,0,C3_P06,1464,1340,1692,1660,228,320,True
C4_P02_N1_S3_1.JPG,0,C4_P02,232,860,396,1092,164,232,True
C4_P07_N1_S3_1.JPG,0,C4_P07,1604,956,1804,1272,200,316,True
C2_P06_N1_S3_2.JPG,0,C2_P06,76,648,264,900,188,252,False
C2_P07_N1_S6_2.JPG,0,C2_P07,232,1080,352,1228,120,148,False
C2_P01_N1_S4_1.JPG,0,C2_P01,1208,592,1328,752,120,160,True
C2_P04_N2_S4_1.JPG,0,C2_P04,156,1436,316,1684,160,248,False
C2_P05_N2_S3_1.JPG,0,C2_P05,1092,1216,1292,1532,200,316,True
C1_P01_N2_S3_1.JPG,0,C1_P01,632,144,944,636,312,492,True
C1_P04_N1_S5_1.JPG,0,C1_P04,2464,620,2604,876,140,256,True
C3_P06_N3_S4_2.JPG,0,C3_P06,1028,276,1276,664,248,388,True
C1_P03_N2_S2_1.JPG,0,C1_P03,1608,1156,1844,1536,236,380,False
C4_P08_N2_S3_1.JPG,0,C4_P08,772,1308,1004,1668,232,360,False
C1_P04_N1_S3_2.JPG,0,C1_P04,1480,212,1704,608,224,396,True
C1_P02_N2_S4_1.JPG,0,C1_P02,1596,1964,1816,2388,220,424,True
C1_P03_N1_S4_2.JPG,0,C1_P03,804,1144,944,1332,140,188,False
C4_P07_N1_S3_2.JPG,0,C4_P07,648,1456,828,1744,180,288,True
C2_P08_N1_S6_1.JPG,0,C2_P08,480,360,588,544,108,184,False
C2_P01_N2_S3_1.JPG,0,C2_P01,1572,1580,1752,1760,180,180,True
C1_P08_N2_S4_1.JPG,0,C1_P08,2924,1328,3148,1720,224,392,True
C2_P08_N3_S3_1.JPG,0,C2_P08,732,244,984,608,252,364,False
C4_P07_N1_S3_2.JPG,0,C4_P07,2296,1448,2476,1736,180,288,True
C3_P02_N2_S4_1.JPG,0,C3_P02,2468,2084,2652,2348,184,264,True
C1_P10_N1_S4_1.JPG,0,C1_P10,332,1292,496,1540,164,248,True
C1_P07_N2_S3_1.JPG,0,C1_P07,1776,1080,1980,1376,204,296,False
C2_P06_N2_S4_1.JPG,0,C2_P06,100,1088,272,1320,172,232,False
C2_P08_N2_S3_1.JPG,0,C2_P08,1000,208,1212,564,212,356,False
C1_P06_N1_S3_1.JPG,0,C1_P06,2464,1816,2680,2108,216,292,True
C1_P08_N3_S4_1.JPG,0,C1_P08,2500,1368,2720,1740,220,372,True
C4_P04_N2_S4_1.JPG,0,C4_P04,1604,1400,1820,1720,216,320,True
C4_P04_N1_S3_1.JPG,0,C4_P04,1420,476,1640,788,220,312,True
C1_P06_N1_S5_1.JPG,0,C1_P06,488,1144,644,1360,156,216,True
C4_P06_N1_S4_1.JPG,0,C4_P06,2276,1856,2476,2100,200,244,True
C2_P05_N2_S5_1.JPG,0,C2_P05,844,1312,956,1468,112,156,True
C2_P01_N1_S4_1.JPG,0,C2_P01,172,572,292,732,120,160,True
C1_P05_N2_S4_2.JPG,0,C1_P05,2836,1408,3052,1756,216,348,True
C3_P06_N3_S4_2.JPG,0,C3_P06,2264,240,2488,660,224,420,True
C1_P05_N1_S5_1.JPG,0,C1_P05,2400,2088,2576,2392,176,304,True
C1_P04_N1_S5_1.JPG,0,C1_P04,856,1144,1020,1392,164,248,True
C1_P06_N2_S3_1.JPG,0,C1_P06,2756,1748,2980,2140,224,392,True
C2_P09_N1_S7_1.JPG,0,C2_P09,1724,1656,1804,1788,80,132,False
C4_P06_N2_S3_1.JPG,0,C4_P06,1516,840,1716,1152,200,312,True
C1_P02_N1_S4_1.JPG,0,C1_P02,1340,716,1584,1088,244,372,True
C1_P01_N2_S2_1.JPG,0,C1_P01,1940,60,2400,780,460,720,True
C2_P04_N3_S4_1.JPG,0,C2_P04,1644,60,1844,396,200,336,False
C1_P02_N3_S3_1.JPG,0,C1_P02,964,200,1296,716,332,516,True
C4_P05_N2_S4_1.JPG,0,C4_P05,596,1616,780,1948,184,332,True
C1_P04_N1_S4_1.JPG,0,C1_P04,1400,32,1596,400,196,368,True
C1_P11_N2_S3_2.JPG,0,C1_P11,2860,1432,3064,1748,204,316,True
C1_P05_N1_S4_1.JPG,0,C1_P05,372,2004,596,2396,224,392,True
C3_P06_N1_S3_1.JPG,0,C3_P06,2716,1132,2912,1536,196,404,True
C1_P06_N2_S3_2.JPG,0,C1_P06,904,1516,1152,1844,248,328,True
C2_P04_N1_S5_1.JPG,0,C2_P04,844,1228,964,1404,120,176,False
C3_P02_N1_S5_1.JPG,0,C3_P02,1824,2084,1976,2284,152,200,True
C1_P06_N2_S3_1.JPG,0,C1_P06,2496,1096,2720,1432,224,336,True
C4_P08_N1_S4_1.JPG,0,C4_P08,512,652,712,960,200,308,False
C3_P04_N1_S3_1.JPG,0,C3_P04,2384,1172,2680,1592,296,420,True
C4_P07_N3_S3_2.JPG,0,C4_P07,772,788,944,1088,172,300,True
C4_P05_N3_S2_1.JPG,0,C4_P05,1528,240,1740,560,212,320,True
C3_P06_N3_S4_1.JPG,0,C3_P06,2468,64,2724,492,256,428,True
C4_P08_N3_S3_1.JPG,0,C4_P08,1504,848,1736,1248,232,400,False
C3_P05_N1_S5_1.JPG,0,C3_P05,1964,1648,2116,1904,152,256,True
C1_P09_N3_S4_2.JPG,0,C1_P09,1300,1096,1472,1352,172,256,False
C1_P08_N2_S5_1.JPG,0,C1_P08,2732,1596,2892,1840,160,244,True
C1_P12_N4_S2_1.JPG,0,C1_P12,1872,476,2220,996,348,520,True
C3_P07_N1_S5_1.JPG,0,C3_P07,1468,1676,1636,1916,168,240,True
C4_P04_N1_S5_1.JPG,0,C4_P04,1824,524,1980,820,156,296,True
C2_P09_N1_S7_1.JPG,0,C2_P09,32,360,128,532,96,172,False
C4_P05_N3_S3_1.JPG,0,C4_P05,368,1280,556,1580,188,300,True
C3_P07_N2_S3_1.JPG,0,C3_P07,3388,156,3700,608,312,452,True
C2_P01_N1_S2_1.JPG,0,C2_P01,1408,800,1576,1024,168,224,True
C4_P05_N3_S3_1.JPG,0,C4_P05,352,780,556,1088,204,308,True
C3_P06_N4_S3_1.JPG,0,C3_P06,1020,1856,1308,2284,288,428,True
C2_P05_N2_S3_2.JPG,0,C2_P05,2104,852,2284,1108,180,256,True
C1_P04_N1_S5_1.JPG,0,C1_P04,1660,2132,1832,2412,172,280,True
C1_P03_N2_S2_1.JPG,0,C1_P03,2344,432,2580,812,236,380,False
C1_P02_N1_S2_1.JPG,0,C1_P02,2972,1448,3256,2040,284,592,True
C3_P06_N3_S3_1.JPG,0,C3_P06,1124,1032,1344,1476,220,444,True
C1_P05_N1_S3_2.JPG,0,C1_P05,2732,392,2944,712,212,320,True
C1_P08_N2_S4_1.JPG,0,C1_P08,1928,128,2136,520,208,392,True
C2_P08_N4_S3_1.JPG,0,C2_P08,1516,1340,1724,1660,208,320,False
C4_P05_N1_S2_1.JPG,0,C4_P05,2324,408,2512,696,188,288,True
C2_P09_N1_S7_2.JPG,0,C2_P09,136,32,232,216,96,184,False
C1_P07_N2_S3_2.JPG,0,C1_P07,1240,1744,1448,2036,208,292,False
C1_P07_N1_S3_1.JPG,0,C1_P07,2828,1588,3032,1920,204,332,False
C3_P01_N1_S5_1.JPG,0,C3_P01,276,1752,436,2004,160,252,True
C4_P02_N1_S3_1.JPG,0,C4_P02,2492,816,2668,1120,176,304,True
C1_P04_N2_S4_1.JPG,0,C1_P04,2036,1416,2236,1772,200,356,True
C3_P07_N1_S3_1.JPG,0,C3_P07,624,1108,860,1460,236,352,True
C2_P08_N1_S3_2.JPG,0,C2_P08,1220,836,1416,1128,196,292,False
C2_P03_N1_S3_1.JPG,0,C2_P03,284,792,528,1236,244,444,True
C3_P06_N4_S3_1.JPG,0,C3_P06,1504,1248,1776,1648,272,400,True
C4_P08_N2_S4_1.JPG,0,C4_P08,456,1688,664,2032,208,344,False
C1_P11_N2_S4_1.JPG,0,C1_P11,404,1520,632,1868,228,348,True
C2_P04_N1_S5_1.JPG,0,C2_P04,944,240,1076,424,132,184,False
C2_P06_N1_S4_1.JPG,0,C2_P06,484,8,648,228,164,220,False
C2_P01_N2_S3_1.JPG,0,C2_P01,2184,940,2360,1196,176,256,True
C3_P01_N1_S4_1.JPG,0,C3_P01,1308,1956,1536,2240,228,284,True
C2_P05_N2_S4_1.JPG,0,C2_P05,796,1044,964,1284,168,240,True
C1_P04_N2_S3_1.JPG,0,C1_P04,1752,400,1956,748,204,348,True
C2_P08_N1_S6_1.JPG,0,C2_P08,472,68,592,248,120,180,False
C3_P01_N1_S2_2.JPG,0,C3_P01,572,1604,912,2172,340,568,True
C1_P07_N2_S3_2.JPG,0,C1_P07,1952,480,2172,776,220,296,False
C2_P01_N2_S3_1.JPG,0,C2_P01,1752,1560,1932,1752,180,192,True
C1_P01_N1_S5_1.JPG,0,C1_P01,456,4,676,308,220,304,True
C3_P06_N3_S3_1.JPG,0,C3_P06,2192,316,2464,780,272,464,True
C4_P08_N3_S3_2.JPG,0,C4_P08,1212,1636,1444,1972,232,336,False
C1_P06_N1_S3_2.JPG,0,C1_P06,1908,1732,2128,2036,220,304,True
C2_P02_N1_S5_1.JPG,0,C2_P02,48,296,164,464,116,168,True
C4_P05_N3_S3_1.JPG,0,C4_P05,1308,788,1516,1104,208,316,True
C3_P05_N1_S5_1.JPG,0,C3_P05,2636,772,2796,1020,160,248,True
C2_P02_N2_S2_1.JPG,0,C2_P02,472,900,692,1264,220,364,True
C2_P01_N2_S3_2.JPG,0,C2_P01,1144,772,1300,976,156,204,True
C2_P06_N1_S3_1.JPG,0,C2_P06,264,684,460,928,196,244,False
C4_P05_N1_S4_1.JPG,0,C4_P05,1476,1672,1676,1964,200,292,True
C4_P08_N2_S4_1.JPG,0,C4_P08,1900,1208,2116,1508,216,300,False
C1_P05_N2_S4_2.JPG,0,C1_P05,1396,2020,1612,2364,216,344,True
C2_P04_N3_S3_1.JPG,0,C2_P04,100,1068,260,1348,160,280,False
C1_P04_N1_S5_2.JPG,0,C1_P04,1728,824,1868,1040,140,216,True
C2_P01_N1_S5_1.JPG,0,C2_P01,264,608,376,756,112,148,True
C1_P04_N1_S3_1.JPG,0,C1_P04,316,1240,544,1600,228,360,True
C2_P04_N1_S3_1.JPG,0,C2_P04,604,208,764,456,160,248,False
C1_P04_N1_S4_1.JPG,0,C1_P04,2428,72,2624,396,196,324,True
C4_P08_N1_S5_2.JPG,0,C4_P08,1340,668,1476,872,136,204,False
C3_P04_N1_S5_1.JPG,0,C3_P04,1308,608,1480,864,172,256,True
C2_P03_N1_S4_1.JPG,0,C2_P03,1288,1436,1428,1736,140,300,True
C2_P08_N1_S4_1.JPG,0,C2_P08,656,940,812,1176,156,236,False
C2_P09_N1_S7_1.JPG,0,C2_P09,2268,684,2368,836,100,152,False
C3_P02_N3_S2_2.JPG,0,C3_P02,2696,492,3024,1012,328,520,True
C3_P03_N2_S4_1.JPG,0,C3_P03,1392,868,1568,1148,176,280,True
C1_P05_N1_S4_3.JPG,0,C1_P05,2084,2060,2300,2396,216,336,True
C4_P04_N2_S3_1.JPG,0,C4_P04,2320,1172,2588,1512,268,340,True
C1_P07_N2_S3_2.JPG,0,C1_P07,2396,1108,2616,1404,220,296,False
C3_P01_N4_S2_1.JPG,0,C3_P01,2480,464,2848,1028,368,564,True
C3_P07_N2_S3_1.JPG,0,C3_P07,3220,1860,3524,2260,304,400,True
C1_P06_N2_S3_2.JPG,0,C1_P06,1996,96,2224,408,228,312,True
C3_P06_N3_S4_1.JPG,0,C3_P06,2516,716,2724,1132,208,416,True
C1_P06_N1_S4_2.JPG,0,C1_P06,1832,240,2028,520,196,280,True
C3_P03_N3_S3_1.JPG,0,C3_P03,1748,1036,1992,1392,244,356,True
C2_P05_N1_S4_1.JPG,0,C2_P05,1512,1144,1668,1360,156,216,True
C2_P03_N2_S3_1.JPG,0,C2_P03,408,1384,640,1776,232,392,True
C1_P09_N3_S3_1.JPG,0,C1_P09,508,120,684,388,176,268,False
C3_P04_N1_S4_1.JPG,0,C3_P04,964,628,1192,1016,228,388,True
C2_P01_N2_S4_1.JPG,0,C2_P01,768,1116,900,1288,132,172,True
C2_P04_N2_S2_1.JPG,0,C2_P04,1144,664,1316,948,172,284,False
C3_P02_N2_S3_1.JPG,0,C3_P02,1612,1792,1880,2144,268,352,True
C2_P09_N1_S7_2.JPG,0,C2_P09,1080,360,1172,512,92,152,False
C2_P01_N2_S4_1.JPG,0,C2_P01,384,700,504,876,120,176,True
C4_P08_N1_S4_1.JPG,0,C4_P08,656,1224,856,1508,200,284,False
C1_P06_N2_S3_3.JPG,0,C1_P06,928,1760,1180,2088,252,328,True
C2_P02_N3_S3_1.JPG,0,C2_P02,156,1320,372,1644,216,324,True
C3_P02_N2_S3_1.JPG,0,C3_P02,2684,1084,2940,1480,256,396,True
C4_P04_N1_S3_1.JPG,0,C4_P04,1456,936,1668,1256,212,320,True
C4_P08_N1_S5_2.JPG,0,C4_P08,524,1388,660,1612,136,224,False
C1_P10_N1_S5_1.JPG,0,C1_P10,1112,116,1276,372,164,256,True
C1_P05_N2_S4_1.JPG,0,C1_P05,1704,1868,1928,2248,224,380,True
C4_P07_N1_S4_2.JPG,0,C4_P07,652,1668,824,1916,172,248,True
C2_P07_N1_S6_1.JPG,0,C2_P07,628,952,728,1100,100,148,False
C2_P04_N3_S2_1.JPG,0,C2_P04,2240,244,2428,520,188,276,False
C1_P08_N1_S4_1.JPG,0,C1_P08,2960,1964,3192,2352,232,388,True
C2_P01_N2_S3_1.JPG,0,C2_P01,2264,392,2432,612,168,220,True
C1_P11_N2_S4_3.JPG,0,C1_P11,2428,1296,2608,1564,180,268,True
C3_P06_N3_S4_2.JPG,0,C3_P06,2496,216,2720,640,224,424,True
C4_P07_N2_S3_2.JPG,0,C4_P07,1636,344,1828,652,192,308,True
C3_P02_N1_S3_1.JPG,0,C3_P02,3264,376,3496,728,232,352,True
C1_P09_N2_S4_1.JPG,0,C1_P09,2108,840,2288,1092,180,252,False
C3_P06_N1_S4_1.JPG,0,C3_P06,360,260,560,588,200,328,True
C1_P09_N2_S6_1.JPG,0,C1_P09,1968,1188,2136,1428,168,240,False
C2_P04_N2_S2_1.JPG,0,C2_P04,1456,700,1628,964,172,264,False
C2_P01_N1_S5_1.JPG,0,C2_P01,812,1640,916,1784,104,144,True
C1_P01_N1_S5_1.JPG,0,C1_P01,684,1100,892,1408,208,308,True
C3_P02_N1_S4_1.JPG,0,C3_P02,32,1512,232,1800,200,288,True
C3_P05_N2_S3_1.JPG,0,C3_P05,1584,1100,1832,1472,248,372,True
C1_P05_N2_S3_1.JPG,0,C1_P05,776,316,1040,648,264,332,True
C1_P06_N3_S3_2.JPG,0,C1_P06,2804,520,3036,852,232,332,True
C4_P04_N1_S3_1.JPG,0,C4_P04,1868,432,2088,772,220,340,True
C4_P08_N3_S3_2.JPG,0,C4_P08,2128,420,2360,740,232,320,False
C3_P01_N4_S3_1.JPG,0,C3_P01,1796,1736,2044,2116,248,380,True
C2_P08_N3_S3_2.JPG,0,C2_P08,1160,204,1340,500,180,296,False
C3_P05_N1_S3_1.JPG,0,C3_P05,2332,1112,2532,1420,200,308,True
C3_P07_N3_S2_1.JPG,0,C3_P07,1212,1520,1524,1956,312,436,True
C4_P08_N1_S5_1.JPG,0,C4_P08,636,1420,768,1612,132,192,False
C3_P06_N3_S4_1.JPG,0,C3_P06,2804,1884,3044,2272,240,388,True
C4_P07_N3_S3_2.JPG,0,C4_P07,916,1344,1100,1632,184,288,True
C2_P07_N3_S2_1.JPG,0,C2_P07,1536,232,1776,604,240,372,False
C4_P01_N1_S2_1.JPG,0,C4_P01,2280,1116,2480,1416,200,300,True
C2_P01_N2_S3_1.JPG,0,C2_P01,1684,964,1860,1220,176,256,True
C3_P06_N3_S3_1.JPG,0,C3_P06,2436,1772,2684,2152,248,380,True
C3_P03_N1_S3_1.JPG,0,C3_P03,2716,1956,3004,2380,288,424,True
C3_P04_N3_S2_1.JPG,0,C3_P04,2880,1564,3248,2168,368,604,True
C3_P01_N2_S2_2.JPG,0,C3_P01,2632,576,2960,1220,328,644,True
C3_P06_N2_S3_2.JPG,0,C3_P06,1460,336,1716,772,256,436,True
C4_P04_N1_S4_1.JPG,0,C4_P04,1448,756,1656,1036,208,280,True
C3_P03_N3_S2_1.JPG,0,C3_P03,3884,1416,4180,1872,296,456,True
C2_P03_N1_S2_1.JPG,0,C2_P03,1424,1148,1688,1712,264,564,True
C4_P01_N3_S3_1.JPG,0,C4_P01,1884,1020,2076,1296,192,276,True
C3_P06_N1_S5_1.JPG,0,C3_P06,1300,124,1492,400,192,276,True
C3_P06_N1_S4_1.JPG,0,C3_P06,2780,1340,2956,1712,176,372,True
C2_P03_N3_S3_1.JPG,0,C2_P03,1944,1308,2140,1732,196,424,True
C1_P02_N2_S4_1.JPG,0,C1_P02,1920,196,2104,544,184,348,True
C3_P01_N2_S4_1.JPG,0,C3_P01,960,844,1132,1180,172,336,True
C4_P02_N2_S3_1.JPG,0,C4_P02,0,280,196,580,196,300,True
C3_P06_N3_S4_1.JPG,0,C3_P06,1688,56,1932,488,244,432,True
C2_P05_N2_S4_1.JPG,0,C2_P05,1340,1468,1496,1684,156,216,True
C2_P09_N1_S7_2.JPG,0,C2_P09,2312,408,2404,568,92,160,False
C2_P02_N1_S3_1.JPG,0,C2_P02,2132,1428,2332,1760,200,332,True
C1_P03_N2_S3_1.JPG,0,C1_P03,796,1812,984,2116,188,304,False
C1_P10_N2_S3_1.JPG,0,C1_P10,1384,208,1612,532,228,324,True
C4_P07_N2_S3_2.JPG,0,C4_P07,1272,1416,1468,1700,196,284,True
C3_P07_N5_S2_1.JPG,0,C3_P07,532,480,896,948,364,468,True
C3_P05_N2_S2_1.JPG,0,C3_P05,240,436,512,848,272,412,True
C1_P08_N2_S3_1.JPG,0,C1_P08,912,300,1144,648,232,348,True
C1_P05_N1_S5_1.JPG,0,C1_P05,1380,664,1564,912,184,248,True
C3_P07_N5_S2_1.JPG,0,C3_P07,1508,488,1844,956,336,468,True
C3_P03_N1_S4_1.JPG,0,C3_P03,2248,896,2448,1156,200,260,True
C3_P05_N3_S2_1.JPG,0,C3_P05,2620,1204,2892,1596,272,392,True
C4_P04_N2_S2_1.JPG,0,C4_P04,2068,228,2308,556,240,328,True
C1_P10_N1_S2_1.JPG,0,C1_P10,1032,404,1264,844,232,440,True
C1_P05_N1_S4_3.JPG,0,C1_P05,616,2076,852,2412,236,336,True
C4_P04_N2_S3_1.JPG,0,C4_P04,2076,1176,2344,1516,268,340,True
C1_P02_N2_S4_1.JPG,0,C1_P02,1416,1980,1636,2404,220,424,True
C1_P12_N1_S2_1.JPG,0,C1_P12,284,560,580,1016,296,456,True
C2_P01_N1_S3_1.JPG,0,C2_P01,1096,276,1232,448,136,172,True
C4_P06_N1_S4_1.JPG,0,C4_P06,1500,144,1704,428,204,284,True
C3_P06_N1_S3_2.JPG,0,C3_P06,3016,364,3260,724,244,360,True
C1_P10_N2_S3_1.JPG,0,C1_P10,2380,80,2648,492,268,412,True
C1_P10_N1_S3_1.JPG,0,C1_P10,1276,1028,1508,1392,232,364,True
C2_P02_N1_S5_1.JPG,0,C2_P02,520,1512,640,1672,120,160,True
C3_P06_N2_S3_1.JPG,0,C3_P06,3120,1744,3324,2152,204,408,True
C1_P06_N1_S4_2.JPG,0,C1_P06,2816,868,3012,1148,196,280,True
C1_P04_N3_S2_1.JPG,0,C1_P04,808,1276,1052,1660,244,384,True
C2_P01_N3_S3_1.JPG,0,C2_P01,876,96,1036,316,160,220,True
C1_P08_N3_S4_1.JPG,0,C1_P08,524,816,780,1200,256,384,True
C1_P06_N3_S3_1.JPG,0,C1_P06,2928,1492,3140,1828,212,336,True
C1_P12_N2_S5_1.JPG,0,C1_P12,904,1668,1068,1912,164,244,True
C2_P08_N1_S6_2.JPG,0,C2_P08,72,1524,176,1692,104,168,False
C1_P03_N2_S3_2.JPG,0,C1_P03,92,1664,292,1988,200,324,False
C2_P05_N1_S3_1.JPG,0,C2_P05,1912,1292,2096,1552,184,260,True
C4_P08_N1_S5_1.JPG,0,C4_P08,1712,284,1844,532,132,248,False
C2_P08_N2_S3_2.JPG,0,C2_P08,56,752,252,1056,196,304,False
C3_P01_N2_S4_1.JPG,0,C3_P01,176,1380,380,1720,204,340,True
C3_P07_N1_S4_1.JPG,0,C3_P07,232,740,448,1064,216,324,True
C2_P09_N1_S7_1.JPG,0,C2_P09,1660,120,1760,308,100,188,False
C3_P03_N2_S2_1.JPG,0,C3_P03,3656,1484,3944,1960,288,476,True
C2_P03_N3_S2_1.JPG,0,C2_P03,1072,1000,1388,1504,316,504,True
C4_P05_N2_S4_1.JPG,0,C4_P05,1508,1644,1704,1988,196,344,True
C1_P02_N2_S2_1.JPG,0,C1_P02,356,1648,696,2232,340,584,True
C1_P08_N2_S5_1.JPG,0,C1_P08,1420,312,1592,536,172,224,True
C4_P08_N1_S5_2.JPG,0,C4_P08,260,276,404,484,144,208,False
C4_P01_N3_S3_1.JPG,0,C4_P01,1864,1616,2056,1940,192,324,True
C3_P07_N1_S3_1.JPG,0,C3_P07,2580,348,2820,712,240,364,True
C3_P07_N1_S6_1.JPG,0,C3_P07,1596,2392,1764,2624,168,232,True
C3_P06_N1_S3_2.JPG,0,C3_P06,300,1072,524,1472,224,400,True
C4_P02_N1_S3_1.JPG,0,C4_P02,2408,1472,2580,1752,172,280,True
C3_P06_N4_S3_1.JPG,0,C3_P06,3256,1840,3540,2284,284,444,True
C3_P06_N3_S4_1.JPG,0,C3_P06,1192,56,1432,476,240,420,True
C3_P07_N2_S3_1.JPG,0,C3_P07,2992,984,3400,1500,408,516,True
C1_P08_N2_S3_1.JPG,0,C1_P08,644,1544,884,1952,240,408,True
C3_P05_N2_S4_1.JPG,0,C3_P05,2040,1344,2240,1648,200,304,True
C2_P02_N1_S3_1.JPG,0,C2_P02,1968,1452,2148,1784,180,332,True
C4_P04_N2_S4_1.JPG,0,C4_P04,2036,560,2228,868,192,308,True
C1_P12_N2_S4_1.JPG,0,C1_P12,1172,2060,1396,2404,224,344,True
C1_P04_N1_S5_1.JPG,0,C1_P04,1336,636,1492,892,156,256,True
C1_P05_N1_S4_2.JPG,0,C1_P05,376,1264,592,1676,216,412,True
C4_P06_N2_S3_1.JPG,0,C4_P06,544,828,732,1152,188,324,True
C4_P05_N4_S2_1.JPG,0,C4_P05,680,180,872,516,192,336,True
C3_P07_N2_S4_1.JPG,0,C3_P07,1164,2004,1344,2232,180,228,True
C1_P06_N1_S3_1.JPG,0,C1_P06,2404,1136,2620,1440,216,304,True
C2_P09_N1_S7_1.JPG,0,C2_P09,44,648,144,804,100,156,False
C1_P10_N1_S5_1.JPG,0,C1_P10,820,108,984,364,164,256,True
C4_P02_N4_S3_1.JPG,0,C4_P02,724,308,892,568,168,260,True
C1_P08_N2_S4_1.JPG,0,C1_P08,96,32,368,484,272,452,True
C4_P02_N2_S3_1.JPG,0,C4_P02,2104,292,2284,540,180,248,True
C1_P04_N2_S4_1.JPG,0,C1_P04,2256,188,2456,524,200,336,True
C4_P05_N4_S2_1.JPG,0,C4_P05,1472,236,1684,564,212,328,True
C1_P01_N3_S2_1.JPG,0,C1_P01,1064,1344,1472,2044,408,700,True
C4_P08_N3_S3_2.JPG,0,C4_P08,1868,1604,2100,1964,232,360,False
C3_P04_N1_S3_2.JPG,0,C3_P04,2696,1116,3000,1568,304,452,True
C1_P11_N2_S3_1.JPG,0,C1_P11,1148,1432,1380,1800,232,368,True
C3_P03_N1_S4_1.JPG,0,C3_P03,1148,1492,1352,1776,204,284,True
C2_P07_N1_S3_1.JPG,0,C2_P07,1252,1152,1436,1452,184,300,False
C3_P06_N2_S3_2.JPG,0,C3_P06,508,1060,744,1452,236,392,True
C2_P07_N1_S6_1.JPG,0,C2_P07,556,1204,656,1352,100,148,False
C3_P07_N3_S3_1.JPG,0,C3_P07,3612,112,4084,708,472,596,True
C2_P03_N3_S3_1.JPG,0,C2_P03,1524,800,1784,1160,260,360,True
C2_P08_N2_S3_1.JPG,0,C2_P08,1636,780,1848,1164,212,384,False
C1_P12_N2_S5_1.JPG,0,C1_P12,900,764,1068,1020,168,256,True
C1_P04_N1_S4_1.JPG,0,C1_P04,608,748,804,1072,196,324,True
C1_P05_N1_S5_1.JPG,0,C1_P05,692,1112,876,1424,184,312,True
C1_P08_N3_S3_1.JPG,0,C1_P08,2120,920,2336,1288,216,368,True
C4_P08_N2_S3_1.JPG,0,C4_P08,360,1308,592,1668,232,360,False
C3_P02_N1_S3_1.JPG,0,C3_P02,820,1876,1064,2220,244,344,True
C1_P05_N4_S3_1.JPG,0,C1_P05,956,1468,1172,1832,216,364,True
C1_P08_N3_S3_1.JPG,0,C1_P08,2680,1500,2888,1824,208,324,True
C2_P05_N3_S3_1.JPG,0,C2_P05,504,1212,708,1516,204,304,True
C1_P08_N2_S5_1.JPG,0,C1_P08,1400,1160,1568,1428,168,268,True
C1_P11_N2_S4_1.JPG,0,C1_P11,1068,1512,1284,1836,216,324,True
C2_P09_N1_S7_1.JPG,0,C2_P09,1852,1204,1956,1344,104,140,False
C4_P08_N1_S5_1.JPG,0,C4_P08,1556,1428,1688,1644,132,216,False
C1_P06_N2_S3_2.JPG,0,C1_P06,976,804,1204,1132,228,328,True
C4_P07_N1_S4_2.JPG,0,C4_P07,1320,140,1488,420,168,280,True
C1_P03_N1_S4_2.JPG,0,C1_P03,220,628,328,844,108,216,False
C4_P02_N4_S2_1.JPG,0,C4_P02,456,332,668,656,212,324,True
C2_P03_N4_S2_1.JPG,0,C2_P03,2204,256,2452,812,248,556,True
C2_P01_N3_S3_1.JPG,0,C2_P01,592,92,752,312,160,220,True
C1_P05_N4_S3_1.JPG,0,C1_P05,932,268,1144,628,212,360,True
C1_P12_N2_S5_1.JPG,0,C1_P12,720,276,900,536,180,260,True
C4_P07_N1_S3_1.JPG,0,C4_P07,104,904,304,1276,200,372,True
C4_P02_N1_S3_1.JPG,0,C4_P02,24,248,172,472,148,224,True
C1_P10_N1_S5_1.JPG,0,C1_P10,1604,2044,1760,2324,156,280,True
C3_P02_N4_S2_1.JPG,0,C3_P02,1968,1384,2260,1836,292,452,True
C1_P05_N1_S5_1.JPG,0,C1_P05,2556,1592,2744,1872,188,280,True
C4_P05_N3_S2_1.JPG,0,C4_P05,708,736,908,1084,200,348,True
C3_P07_N1_S2_1.JPG,0,C3_P07,124,1448,456,1928,332,480,True
C2_P04_N1_S5_1.JPG,0,C2_P04,1100,1552,1236,1728,136,176,False
C4_P02_N2_S3_1.JPG,0,C4_P02,656,320,820,560,164,240,True
C1_P06_N3_S3_2.JPG,0,C1_P06,1576,1812,1808,2184,232,372,True
C4_P05_N5_S2_1.JPG,0,C4_P05,296,284,508,604,212,320,True
C1_P08_N4_S3_1.JPG,0,C1_P08,188,1596,444,1944,256,348,True
C1_P02_N1_S3_1.JPG,0,C1_P02,2500,256,2752,692,252,436,True
C4_P08_N1_S3_1.JPG,0,C4_P08,420,996,640,1308,220,312,False
C1_P06_N1_S4_2.JPG,0,C1_P06,2104,1456,2300,1736,196,280,True
C4_P08_N2_S3_1.JPG,0,C4_P08,1440,696,1672,1056,232,360,False
C4_P04_N1_S4_1.JPG,0,C4_P04,1224,300,1428,632,204,332,True
C1_P11_N2_S4_1.JPG,0,C1_P11,176,872,412,1260,236,388,True
C4_P04_N1_S4_1.JPG,0,C4_P04,848,284,1004,616,156,332,True
C1_P03_N2_S3_1.JPG,0,C1_P03,2216,492,2412,760,196,268,False
C3_P02_N4_S2_1.JPG,0,C3_P02,2244,1372,2536,1824,292,452,True
C1_P05_N1_S3_2.JPG,0,C1_P05,2500,388,2712,708,212,320,True
C1_P08_N3_S4_1.JPG,0,C1_P08,816,2048,1028,2408,212,360,True
C4_P05_N1_S4_1.JPG,0,C4_P05,932,1172,1120,1444,188,272,True
C4_P02_N4_S3_1.JPG,0,C4_P02,232,928,388,1152,156,224,True
C2_P06_N2_S4_2.JPG,0,C2_P06,1928,520,2068,744,140,224,False
C1_P09_N1_S5_1.JPG,0,C1_P09,1420,896,1584,1176,164,280,False
C4_P07_N1_S5_1.JPG,0,C4_P07,1484,552,1644,780,160,228,True
C2_P01_N2_S4_1.JPG,0,C2_P01,1080,712,1200,888,120,176,True
C2_P04_N2_S2_1.JPG,0,C2_P04,1692,224,1860,520,168,296,False
C1_P08_N2_S3_1.JPG,0,C1_P08,3032,348,3212,732,180,384,True
C3_P05_N1_S4_1.JPG,0,C3_P05,2448,2000,2612,2280,164,280,True
C1_P11_N2_S4_1.JPG,0,C1_P11,2828,940,3040,1268,212,328,True
C1_P01_N3_S3_1.JPG,0,C1_P01,1852,1896,2152,2320,300,424,True
C1_P05_N4_S3_1.JPG,0,C1_P05,1388,1488,1604,1852,216,364,True
C4_P04_N1_S5_1.JPG,0,C4_P04,1460,192,1616,428,156,236,True
C1_P04_N1_S5_2.JPG,0,C1_P04,1312,1624,1456,1868,144,244,True
C3_P06_N1_S3_2.JPG,0,C3_P06,2736,396,2960,756,224,360,True
C3_P04_N1_S5_1.JPG,0,C3_P04,1640,1512,1796,1740,156,228,True
C1_P12_N2_S2_1.JPG,0,C1_P12,1980,1416,2324,1932,344,516,True
C1_P06_N1_S4_2.JPG,0,C1_P06,2380,268,2576,548,196,280,True
C1_P08_N3_S3_1.JPG,0,C1_P08,612,1540,824,1904,212,364,True
C3_P06_N4_S3_1.JPG,0,C3_P06,3552,1844,3820,2288,268,444,True
C3_P01_N2_S3_1.JPG,0,C3_P01,1900,168,2120,640,220,472,True
C2_P08_N1_S6_2.JPG,0,C2_P08,564,1260,676,1428,112,168,False
C1_P04_N2_S4_1.JPG,0,C1_P04,3028,816,3228,1140,200,324,True
C1_P08_N3_S3_1.JPG,0,C1_P08,92,876,348,1284,256,408,True
C3_P02_N2_S3_1.JPG,0,C3_P02,1104,1836,1372,2172,268,336,True
C1_P09_N4_S3_1.JPG,0,C1_P09,1584,452,1748,688,164,236,False
C1_P12_N2_S4_1.JPG,0,C1_P12,716,2056,940,2400,224,344,True
C1_P05_N3_S3_1.JPG,0,C1_P05,1432,928,1668,1280,236,352,True
C3_P06_N4_S3_1.JPG,0,C3_P06,524,1916,792,2272,268,356,True
C2_P09_N1_S7_1.JPG,0,C2_P09,560,1432,652,1572,92,140,False
C1_P06_N2_S3_3.JPG,0,C1_P06,2776,432,2996,760,220,328,True
C2_P08_N1_S6_1.JPG,0,C2_P08,680,1192,784,1368,104,176,False
C4_P08_N1_S2_1.JPG,0,C4_P08,1488,660,1716,1028,228,368,False
C4_P06_N4_S3_1.JPG,0,C4_P06,1972,260,2164,560,192,300,True
C2_P07_N2_S2_1.JPG,0,C2_P07,688,268,948,716,260,448,False
C3_P07_N1_S5_1.JPG,0,C3_P07,1296,1672,1464,1912,168,240,True
C2_P06_N1_S4_1.JPG,0,C2_P06,996,44,1160,264,164,220,False
C4_P05_N3_S3_1.JPG,0,C4_P05,2328,1284,2536,1604,208,320,True
C1_P02_N2_S4_1.JPG,0,C1_P02,1596,176,1780,524,184,348,True
C1_P12_N2_S4_1.JPG,0,C1_P12,96,288,312,624,216,336,True
C4_P08_N2_S4_1.JPG,0,C4_P08,888,1176,1104,1480,216,304,False
C4_P08_N3_S3_1.JPG,0,C4_P08,1004,244,1256,632,252,388,False
C2_P08_N1_S6_2.JPG,0,C2_P08,52,988,160,1152,108,164,False
C3_P05_N3_S2_1.JPG,0,C3_P05,2360,1212,2632,1604,272,392,True
C1_P11_N2_S3_2.JPG,0,C1_P11,2852,872,3048,1192,196,320,True
C2_P01_N1_S5_2.JPG,0,C2_P01,1104,632,1200,776,96,144,True
C1_P08_N1_S4_1.JPG,0,C1_P08,1320,808,1560,1160,240,352,True
C1_P10_N3_S3_1.JPG,0,C1_P10,536,1692,784,2068,248,376,True
C3_P07_N1_S6_1.JPG,0,C3_P07,1768,740,1944,996,176,256,True
C1_P09_N2_S4_1.JPG,0,C1_P09,1224,436,1420,756,196,320,False
C2_P08_N4_S3_1.JPG,0,C2_P08,1552,784,1760,1144,208,360,False
C4_P07_N2_S3_1.JPG,0,C4_P07,1992,1348,2180,1620,188,272,True
C1_P03_N1_S3_1.JPG,0,C1_P03,932,300,1120,564,188,264,False
C3_P06_N3_S4_1.JPG,0,C3_P06,736,688,992,1072,256,384,True
C1_P08_N2_S4_2.JPG,0,C1_P08,756,1512,960,1848,204,336,True
C3_P06_N1_S5_1.JPG,0,C3_P06,2688,2040,2876,2352,188,312,True
C2_P09_N1_S7_2.JPG,0,C2_P09,2140,408,2232,568,92,160,False
C4_P04_N1_S4_1.JPG,0,C4_P04,1832,280,2040,604,208,324,True
C3_P06_N1_S5_1.JPG,0,C3_P06,2720,548,2868,892,148,344,True
C1_P11_N2_S4_3.JPG,0,C1_P11,2104,1272,2284,1588,180,316,True
C1_P09_N4_S3_1.JPG,0,C1_P09,692,800,860,1012,168,212,False
C1_P11_N2_S3_1.JPG,0,C1_P11,156,896,380,1248,224,352,True
C3_P04_N1_S4_1.JPG,0,C3_P04,1904,708,2116,1016,212,308,True
C3_P04_N4_S2_2.JPG,0,C3_P04,1364,332,1668,864,304,532,True
C3_P04_N2_S2_1.JPG,0,C3_P04,2028,328,2448,1080,420,752,True
C1_P12_N1_S5_1.JPG,0,C1_P12,60,732,232,968,172,236,True
C1_P09_N4_S4_1.JPG,0,C1_P09,520,100,716,424,196,324,False
C1_P02_N2_S4_1.JPG,0,C1_P02,2004,1936,2224,2360,220,424,True
C2_P09_N1_S7_1.JPG,0,C2_P09,756,1656,852,1800,96,144,False
C3_P03_N1_S5_1.JPG,0,C3_P03,1532,2124,1684,2400,152,276,True
C1_P03_N2_S2_1.JPG,0,C1_P03,1160,416,1396,796,236,380,False
C3_P06_N2_S3_2.JPG,0,C3_P06,2336,1672,2560,2104,224,432,True
C4_P02_N2_S3_1.JPG,0,C4_P02,1736,300,1916,540,180,240,True
C1_P09_N1_S5_1.JPG,0,C1_P09,1764,552,1940,804,176,252,False
C3_P04_N1_S5_1.JPG,0,C3_P04,1108,1064,1280,1316,172,252,True
C4_P06_N4_S3_1.JPG,0,C4_P06,1600,740,1796,1104,196,364,True
C4_P05_N1_S2_1.JPG,0,C4_P05,904,408,1092,676,188,268,True
C3_P03_N1_S5_1.JPG,0,C3_P03,316,2140,468,2416,152,276,True
C1_P07_N2_S3_1.JPG,0,C1_P07,836,1656,1040,1976,204,320,False
C2_P06_N1_S3_2.JPG,0,C2_P06,2084,1136,2272,1412,188,276,False
C4_P04_N1_S3_1.JPG,0,C4_P04,2308,1396,2532,1724,224,328,True
C3_P07_N3_S2_1.JPG,0,C3_P07,2772,504,3132,996,360,492,True
C3_P03_N3_S2_1.JPG,0,C3_P03,2436,560,2732,984,296,424,True
C3_P04_N3_S2_1.JPG,0,C3_P04,752,1600,1160,2144,408,544,True
C2_P03_N3_S3_1.JPG,0,C2_P03,1752,804,1988,1164,236,360,True
C1_P12_N4_S3_1.JPG,0,C1_P12,100,1092,396,1548,296,456,True
C3_P04_N2_S4_1.JPG,0,C3_P04,1788,184,1988,508,200,324,True
C3_P03_N2_S4_1.JPG,0,C3_P03,1568,860,1744,1140,176,280,True
C2_P01_N1_S5_1.JPG,0,C2_P01,124,964,236,1120,112,156,True
C2_P07_N3_S3_1.JPG,0,C2_P07,1248,1228,1440,1504,192,276,False
C3_P06_N3_S3_1.JPG,0,C3_P06,648,1720,896,2068,248,348,True
C2_P05_N2_S2_1.JPG,0,C2_P05,2308,692,2528,980,220,288,True
C4_P05_N1_S3_1.JPG,0,C4_P05,1524,932,1740,1244,216,312,True
C4_P05_N3_S2_1.JPG,0,C4_P05,1092,784,1304,1112,212,328,True
C3_P03_N3_S3_1.JPG,0,C3_P03,348,1048,604,1404,256,356,True
C1_P05_N1_S5_1.JPG,0,C1_P05,1544,1620,1732,1900,188,280,True
C2_P05_N2_S5_1.JPG,0,C2_P05,416,740,528,904,112,164,True
C3_P06_N3_S3_1.JPG,0,C3_P06,3436,260,3692,780,256,520,True
C3_P06_N1_S4_1.JPG,0,C3_P06,788,792,988,1128,200,336,True
C2_P01_N1_S4_1.JPG,0,C2_P01,1388,180,1508,356,120,176,True
C2_P06_N3_S3_1.JPG,0,C2_P06,1516,1040,1680,1276,164,236,False
C2_P04_N1_S2_1.JPG,0,C2_P04,192,288,380,564,188,276,False
C4_P08_N1_S2_1.JPG,0,C4_P08,2344,1292,2600,1636,256,344,False
C3_P06_N3_S3_1.JPG,0,C3_P06,892,1744,1140,2104,248,360,True
C1_P12_N4_S2_1.JPG,0,C1_P12,2232,1392,2552,1928,320,536,True
C1_P04_N1_S3_2.JPG,0,C1_P04,2376,280,2584,632,208,352,True
C3_P04_N1_S3_1.JPG,0,C3_P04,1144,1820,1420,2320,276,500,True
C2_P06_N2_S3_1.JPG,0,C2_P06,2080,1168,2236,1400,156,232,False
C4_P08_N1_S5_2.JPG,0,C4_P08,1548,1776,1684,1992,136,216,False
C2_P05_N1_S2_1.JPG,0,C2_P05,1832,868,2044,1156,212,288,True
C4_P04_N1_S5_1.JPG,0,C4_P04,1824,1692,2000,1964,176,272,True
C2_P06_N1_S5_1.JPG,0,C2_P06,1680,1156,1788,1312,108,156,False
C2_P05_N3_S3_1.JPG,0,C2_P05,1088,664,1296,988,208,324,True
C4_P08_N1_S5_1.JPG,0,C4_P08,872,1784,1004,1972,132,188,False
C2_P09_N1_S7_2.JPG,0,C2_P09,316,1548,412,1696,96,148,False
C4_P07_N1_S5_1.JPG,0,C4_P07,644,968,784,1208,140,240,True
C4_P02_N2_S3_1.JPG,0,C4_P02,192,1580,348,1824,156,244,True
C3_P02_N1_S4_1.JPG,0,C3_P02,1316,2140,1516,2420,200,280,True
C1_P08_N3_S4_1.JPG,0,C1_P08,28,748,292,1180,264,432,True
C3_P05_N3_S3_1.JPG,0,C3_P05,3412,456,3648,840,236,384,True
C4_P04_N3_S3_1.JPG,0,C4_P04,2364,152,2592,484,228,332,True
C3_P04_N1_S3_2.JPG,0,C3_P04,288,1096,608,1564,320,468,True
C3_P04_N1_S3_2.JPG,0,C3_P04,2048,1936,2328,2336,280,400,True
C1_P05_N1_S3_2.JPG,0,C1_P05,1008,1620,1240,1960,232,340,True
C1_P06_N3_S3_2.JPG,0,C1_P06,452,1836,684,2208,232,372,True
C1_P12_N2_S3_1.JPG,0,C1_P12,1180,1868,1436,2272,256,404,True
C3_P02_N3_S2_1.JPG,0,C3_P02,88,1460,388,1856,300,396,True
C4_P07_N2_S4_1.JPG,0,C4_P07,1316,1216,1484,1484,168,268,True
C2_P06_N1_S3_2.JPG,0,C2_P06,1912,1124,2100,1400,188,276,False
C3_P03_N1_S5_1.JPG,0,C3_P03,1048,1160,1200,1388,152,228,True
C3_P02_N1_S5_1.JPG,0,C3_P02,1668,2048,1820,2288,152,240,True
C1_P02_N4_S2_1.JPG,0,C1_P02,1148,1548,1524,2076,376,528,True
C3_P03_N2_S4_1.JPG,0,C3_P03,2500,1424,2684,1724,184,300,True
C1_P02_N1_S4_1.JPG,0,C1_P02,1316,1352,1552,1736,236,384,True
C2_P05_N1_S5_1.JPG,0,C2_P05,808,148,940,336,132,188,True
C1_P12_N1_S3_1.JPG,0,C1_P12,976,1772,1264,2216,288,444,True
C2_P02_N2_S4_1.JPG,0,C2_P02,784,204,956,500,172,296,True
C4_P01_N1_S2_1.JPG,0,C4_P01,2096,452,2280,720,184,268,True
C1_P07_N2_S3_2.JPG,0,C1_P07,2572,472,2792,768,220,296,False
C1_P04_N2_S3_1.JPG,0,C1_P04,2396,1080,2600,1432,204,352,True
C1_P08_N3_S4_1.JPG,0,C1_P08,2872,1936,3108,2308,236,372,True
C1_P07_N2_S3_3.JPG,0,C1_P07,2220,1008,2432,1292,212,284,False
C3_P06_N2_S3_2.JPG,0,C3_P06,1468,1036,1716,1464,248,428,True
C1_P08_N1_S4_1.JPG,0,C1_P08,1844,112,2072,484,228,372,True
C2_P06_N3_S3_1.JPG,0,C2_P06,228,112,404,344,176,232,False
C1_P12_N2_S3_1.JPG,0,C1_P12,928,1856,1184,2260,256,404,True
C2_P05_N2_S3_1.JPG,0,C2_P05,500,4,720,304,220,300,True
C1_P12_N3_S2_1.JPG,0,C1_P12,876,1480,1252,2024,376,544,True
C3_P02_N1_S4_1.JPG,0,C3_P02,2040,940,2240,1228,200,288,True
C2_P01_N1_S3_1.JPG,0,C2_P01,1604,1236,1756,1420,152,184,True
C2_P03_N1_S2_1.JPG,0,C2_P03,1840,456,2160,924,320,468,True
C1_P09_N1_S2_1.JPG,0,C1_P09,1672,580,1828,832,156,252,False
C1_P01_N1_S5_1.JPG,0,C1_P01,672,1584,880,1916,208,332,True
C3_P06_N2_S3_2.JPG,0,C3_P06,2536,292,2784,756,248,464,True
C4_P08_N1_S5_2.JPG,0,C4_P08,1320,1424,1456,1632,136,208,False
C2_P06_N3_S3_1.JPG,0,C2_P06,1232,1060,1396,1296,164,236,False
C1_P08_N3_S3_1.JPG,0,C1_P08,2508,1444,2716,1816,208,372,True
C1_P02_N2_S3_1.JPG,0,C1_P02,964,168,1288,692,324,524,True
C1_P05_N1_S4_3.JPG,0,C1_P05,1456,248,1664,596,208,348,True
C4_P07_N1_S4_2.JPG,0,C4_P07,1468,656,1636,924,168,268,True
C2_P08_N3_S3_2.JPG,0,C2_P08,760,220,940,516,180,296,False
C3_P03_N1_S5_1.JPG,0,C3_P03,1784,664,1936,880,152,216,True
C2_P03_N2_S3_1.JPG,0,C2_P03,1096,1400,1328,1792,232,392,True
C1_P11_N2_S4_3.JPG,0,C1_P11,624,1348,824,1644,200,296,True
C4_P05_N5_S2_1.JPG,0,C4_P05,328,748,536,1108,208,360,True
C1_P06_N2_S3_1.JPG,0,C1_P06,1156,1784,1380,2176,224,392,True
C2_P01_N1_S4_1.JPG,0,C2_P01,296,576,416,736,120,160,True
C2_P01_N1_S2_1.JPG,0,C2_P01,2028,804,2196,1028,168,224,True
C2_P08_N1_S6_2.JPG,0,C2_P08,128,124,256,292,128,168,False
C2_P08_N1_S6_1.JPG,0,C2_P08,868,1184,972,1356,104,172,False
C4_P08_N1_S5_1.JPG,0,C4_P08,1268,1788,1400,1996,132,208,False
C3_P05_N1_S4_1.JPG,0,C3_P05,2672,1008,2856,1296,184,288,True
C4_P07_N1_S4_1.JPG,0,C4_P07,1960,604,2152,908,192,304,True
C2_P09_N1_S7_1.JPG,0,C2_P09,836,676,936,832,100,156,False
C4_P07_N1_S5_1.JPG,0,C4_P07,496,1404,648,1628,152,224,True
C2_P04_N1_S4_1.JPG,0,C2_P04,1924,208,2076,444,152,236,False
C3_P06_N3_S3_1.JPG,0,C3_P06,3368,1012,3596,1484,228,472,True
C1_P08_N2_S3_1.JPG,0,C1_P08,2980,1484,3176,1884,196,400,True
C3_P06_N1_S3_2.JPG,0,C3_P06,2520,1716,2768,2116,248,400,True
C2_P07_N2_S4_1.JPG,0,C2_P07,892,936,1048,1160,156,224,False
C1_P06_N1_S3_2.JPG,0,C1_P06,1932,1088,2160,1392,228,304,True
C1_P02_N2_S4_1.JPG,0,C1_P02,2080,192,2264,540,184,348,True
C2_P01_N2_S4_1.JPG,0,C2_P01,1188,712,1308,888,120,176,True
C2_P03_N3_S2_1.JPG,0,C2_P03,1340,932,1656,1436,316,504,True
C3_P06_N1_S5_1.JPG,0,C3_P06,1492,116,1684,392,192,276,True
C2_P08_N2_S4_1.JPG,0,C2_P08,688,900,828,1148,140,248,False
C2_P08_N1_S6_2.JPG,0,C2_P08,476,720,584,884,108,164,False
C2_P09_N1_S7_1.JPG,0,C2_P09,2032,1208,2136,1348,104,140,False
C2_P08_N2_S4_1.JPG,0,C2_P08,232,916,384,1156,152,240,False
C4_P08_N3_S3_1.JPG,0,C4_P08,540,1524,756,1872,216,348,False
C1_P11_N2_S4_1.JPG,0,C1_P11,484,2100,728,2447,244,347,True
C2_P09_N1_S7_2.JPG,0,C2_P09,64,600,168,756,104,156,False
C4_P02_N1_S3_2.JPG,0,C4_P02,1940,248,2112,472,172,224,True
C1_P09_N4_S3_1.JPG,0,C1_P09,1428,424,1592,684,164,260,False
C3_P06_N2_S3_1.JPG,0,C3_P06,1392,1712,1576,2092,184,380,True
C1_P08_N2_S4_1.JPG,0,C1_P08,548,136,820,492,272,356,True
C1_P04_N1_S3_2.JPG,0,C1_P04,2376,980,2592,1324,216,344,True
C2_P06_N2_S4_2.JPG,0,C2_P06,1628,944,1780,1160,152,216,False
C4_P08_N1_S3_1.JPG,0,C4_P08,2480,364,2700,756,220,392,False
C1_P05_N3_S4_1.JPG,0,C1_P05,2076,760,2296,1100,220,340,True
C1_P04_N4_S2_1.JPG,0,C1_P04,1652,1060,1916,1468,264,408,True
C2_P05_N2_S5_1.JPG,0,C2_P05,1168,736,1260,884,92,148,True
C2_P06_N1_S2_1.JPG,0,C2_P06,1848,156,2032,412,184,256,False
C3_P01_N2_S3_1.JPG,0,C3_P01,652,172,940,640,288,468,True
C2_P08_N2_S3_1.JPG,0,C2_P08,1672,220,1884,576,212,356,False
C1_P11_N2_S3_2.JPG,0,C1_P11,1672,1464,1888,1824,216,360,True
C4_P04_N1_S2_1.JPG,0,C4_P04,1648,552,1864,880,216,328,True
C1_P11_N2_S3_1.JPG,0,C1_P11,1760,1456,1992,1764,232,308,True
C1_P09_N1_S5_1.JPG,0,C1_P09,2280,1680,2452,1952,172,272,False
C3_P05_N1_S4_1.JPG,0,C3_P05,2848,1008,3032,1296,184,288,True
C2_P04_N2_S3_1.JPG,0,C2_P04,2168,264,2356,524,188,260,False
C1_P07_N2_S3_1.JPG,0,C1_P07,2196,440,2400,736,204,296,False
C2_P01_N3_S3_1.JPG,0,C2_P01,16,44,176,316,160,272,True
C1_P03_N1_S3_1.JPG,0,C1_P03,2932,248,3100,564,168,316,False
C1_P06_N1_S4_2.JPG,0,C1_P06,1068,2044,1300,2360,232,316,True
C3_P01_N2_S4_1.JPG,0,C3_P01,1564,884,1752,1192,188,308,True
C1_P03_N2_S3_2.JPG,0,C1_P03,1664,1064,1860,1332,196,268,False
C2_P04_N1_S4_1.JPG,0,C2_P04,2104,668,2268,908,164,240,False
C3_P01_N1_S5_2.JPG,0,C3_P01,620,236,800,492,180,256,True
C4_P04_N1_S5_1.JPG,0,C4_P04,1648,1672,1824,1944,176,272,True
C4_P07_N1_S5_1.JPG,0,C4_P07,1752,132,1892,348,140,216,True
C4_P07_N3_S3_2.JPG,0,C4_P07,752,1324,936,1612,184,288,True
C4_P05_N3_S2_1.JPG,0,C4_P05,2096,792,2312,1120,216,328,True
C2_P03_N1_S4_1.JPG,0,C2_P03,816,1456,984,1772,168,316,True
C3_P06_N3_S4_1.JPG,0,C3_P06,1684,1340,1900,1680,216,340,True
C2_P06_N2_S3_1.JPG,0,C2_P06,428,172,624,412,196,240,False
C2_P08_N1_S6_2.JPG,0,C2_P08,872,1236,984,1420,112,184,False
C4_P05_N4_S2_1.JPG,0,C4_P05,716,704,904,1048,188,344,True
C3_P06_N1_S3_1.JPG,0,C3_P06,3492,520,3712,864,220,344,True
C3_P04_N4_S2_2.JPG,0,C3_P04,2340,1416,2608,1792,268,376,True
C3_P03_N2_S4_1.JPG,0,C3_P03,1888,260,2064,520,176,260,True
C3_P07_N3_S3_1.JPG,0,C3_P07,1188,1148,1468,1548,280,400,True
C1_P09_N3_S4_2.JPG,0,C1_P09,1280,768,1452,1024,172,256,False
C1_P03_N1_S4_1.JPG,0,C1_P03,1804,1488,1972,1724,168,236,False
C2_P01_N4_S2_1.JPG,0,C2_P01,1944,292,2120,544,176,252,True
C4_P01_N3_S3_1.JPG,0,C4_P01,1772,388,1968,684,196,296,True
C2_P06_N3_S3_1.JPG,0,C2_P06,960,608,1132,832,172,224,False
C2_P04_N3_S4_1.JPG,0,C2_P04,1664,1472,1836,1700,172,228,False
C4_P07_N1_S4_1.JPG,0,C4_P07,1228,612,1424,916,196,304,True
C1_P05_N1_S3_2.JPG,0,C1_P05,2708,988,2928,1316,220,328,True
C2_P03_N4_S2_1.JPG,0,C2_P03,820,364,1112,852,292,488,True
C4_P07_N1_S5_1.JPG,0,C4_P07,1196,1788,1352,2056,156,268,True
C4_P02_N4_S3_1.JPG,0,C4_P02,1404,1540,1560,1752,156,212,True
C3_P02_N3_S2_2.JPG,0,C3_P02,392,1500,712,1928,320,428,True
C2_P08_N1_S3_2.JPG,0,C2_P08,1028,1352,1224,1644,196,292,False
C2_P09_N1_S7_1.JPG,0,C2_P09,1204,1656,1304,1804,100,148,False
C4_P04_N1_S5_1.JPG,0,C4_P04,768,536,944,824,176,288,True
C4_P08_N1_S5_2.JPG,0,C4_P08,888,1780,1024,1992,136,212,False
C1_P12_N1_S4_1.JPG,0,C1_P12,740,184,956,480,216,296,True
C1_P11_N1_S4_1.JPG,0,C1_P11,2316,2028,2520,2388,204,360,True
C1_P04_N1_S5_2.JPG,0,C1_P04,264,832,404,1044,140,212,True
C1_P02_N1_S3_1.JPG,0,C1_P02,316,936,628,1444,312,508,True
C4_P02_N1_S3_1.JPG,0,C4_P02,1056,864,1232,1100,176,236,True
C2_P09_N1_S7_2.JPG,0,C2_P09,336,316,440,504,104,188,False
C3_P04_N2_S3_1.JPG,0,C3_P04,244,200,616,720,372,520,True
C2_P08_N3_S3_1.JPG,0,C2_P08,68,260,320,624,252,364,False
C4_P05_N3_S3_1.JPG,0,C4_P05,1740,1292,1928,1612,188,320,True
C1_P12_N2_S5_1.JPG,0,C1_P12,712,764,872,1020,160,256,True
C4_P03_N2_S3_1.JPG,0,C4_P03,1364,1248,1544,1588,180,340,True
C4_P08_N1_S5_2.JPG,0,C4_P08,936,660,1072,864,136,204,False
C1_P09_N1_S5_1.JPG,0,C1_P09,696,892,884,1160,188,268,False
C1_P04_N1_S5_1.JPG,0,C1_P04,104,1604,256,1884,152,280,True
C2_P01_N2_S4_1.JPG,0,C2_P01,728,1512,856,1680,128,168,True
C1_P07_N2_S3_2.JPG,0,C1_P07,2180,1120,2400,1416,220,296,False
C2_P01_N1_S4_1.JPG,0,C2_P01,928,168,1048,344,120,176,True
C1_P04_N3_S2_1.JPG,0,C1_P04,2944,1268,3188,1640,244,372,True
C4_P05_N2_S3_1.JPG,0,C4_P05,2116,404,2332,720,216,316,True
C4_P05_N2_S2_1.JPG,0,C4_P05,2120,804,2304,1152,184,348,True
C2_P07_N2_S3_1.JPG,0,C2_P07,732,688,924,968,192,280,False
C1_P06_N2_S3_1.JPG,0,C1_P06,2724,1096,2948,1432,224,336,True
C3_P04_N2_S4_1.JPG,0,C3_P04,604,112,844,452,240,340,True
C4_P05_N1_S5_1.JPG,0,C4_P05,1304,1400,1480,1644,176,244,True
C4_P02_N2_S3_1.JPG,0,C4_P02,664,324,828,552,164,228,True
C1_P05_N1_S3_1.JPG,0,C1_P05,2912,1248,3136,1568,224,320,True
C1_P07_N2_S3_1.JPG,0,C1_P07,140,1696,344,1992,204,296,False
C2_P09_N1_S7_2.JPG,0,C2_P09,1016,1548,1108,1680,92,132,False
C1_P01_N2_S2_1.JPG,0,C1_P01,1028,20,1488,740,460,720,True
C1_P09_N4_S3_1.JPG,0,C1_P09,1300,768,1468,1024,168,256,False
C3_P06_N1_S3_2.JPG,0,C3_P06,1228,1056,1452,1444,224,388,True
C1_P05_N1_S4_3.JPG,0,C1_P05,164,2044,400,2412,236,368,True
C1_P02_N1_S4_1.JPG,0,C1_P02,1756,1340,1936,1724,180,384,True
C1_P03_N1_S4_1.JPG,0,C1_P03,1828,264,1996,492,168,228,False
C4_P04_N2_S3_1.JPG,0,C4_P04,1876,668,2108,1032,232,364,True
C3_P02_N4_S2_1.JPG,0,C3_P02,2544,1424,2800,1824,256,400,True
C1_P08_N2_S4_2.JPG,0,C1_P08,1544,972,1776,1284,232,312,True
C1_P03_N1_S2_2.JPG,0,C1_P03,720,272,928,552,208,280,False
C3_P04_N4_S2_2.JPG,0,C3_P04,452,1332,760,1768,308,436,True
C4_P01_N2_S4_1.JPG,0,C4_P01,2116,648,2300,908,184,260,True
C1_P08_N1_S4_1.JPG,0,C1_P08,2584,1436,2796,1760,212,324,True
C1_P07_N1_S3_2.JPG,0,C1_P07,2632,1400,2836,1680,204,280,False
C3_P07_N1_S5_1.JPG,0,C3_P07,2460,1636,2628,1904,168,268,True
C3_P06_N3_S4_1.JPG,0,C3_P06,2384,1872,2572,2224,188,352,True
C1_P04_N2_S4_1.JPG,0,C1_P04,2824,1440,3028,1768,204,328,True
C3_P03_N3_S2_1.JPG,0,C3_P03,1508,480,1812,976,304,496,True
C3_P05_N1_S3_1.JPG,0,C3_P05,1196,440,1404,708,208,268,True
C2_P03_N2_S3_1.JPG,0,C2_P03,1172,800,1404,1192,232,392,True
C2_P03_N1_S4_1.JPG,0,C2_P03,156,176,356,464,200,288,True
C3_P07_N1_S3_1.JPG,0,C3_P07,812,344,1076,720,264,376,True
C2_P02_N1_S5_1.JPG,0,C2_P02,1144,1204,1260,1372,116,168,True
C2_P05_N2_S4_1.JPG,0,C2_P05,648,1076,816,1296,168,220,True
C4_P05_N1_S5_1.JPG,0,C4_P05,1012,960,1176,1208,164,248,True
C3_P02_N4_S2_1.JPG,0,C3_P02,344,512,688,952,344,440,True
C3_P02_N2_S3_1.JPG,0,C3_P02,3272,1140,3500,1476,228,336,True
C1_P01_N3_S3_1.JPG,0,C1_P01,968,316,1292,808,324,492,True
C1_P06_N1_S4_2.JPG,0,C1_P06,2184,852,2380,1132,196,280,True
C2_P02_N1_S5_1.JPG,0,C2_P02,1044,308,1160,476,116,168,True
C2_P09_N1_S7_1.JPG,0,C2_P09,120,60,212,248,92,188,False
C3_P04_N2_S4_1.JPG,0,C3_P04,404,620,624,1000,220,380,True
C1_P09_N2_S6_1.JPG,0,C1_P09,1328,804,1504,1096,176,292,False
C1_P06_N1_S4_2.JPG,0,C1_P06,660,2024,892,2360,232,336,True
C2_P06_N1_S5_1.JPG,0,C2_P06,408,448,536,612,128,164,False
C4_P04_N1_S3_1.JPG,0,C4_P04,340,444,556,780,216,336,True
C3_P07_N2_S4_1.JPG,0,C3_P07,2908,1408,3136,1724,228,316,True
C2_P05_N1_S5_1.JPG,0,C2_P05,688,1232,816,1424,128,192,True
C1_P02_N2_S3_1.JPG,0,C1_P02,1896,204,2132,712,236,508,True
C4_P05_N5_S2_1.JPG,0,C4_P05,1492,244,1688,604,196,360,True
C3_P01_N1_S4_1.JPG,0,C3_P01,584,1396,796,1696,212,300,True
C3_P03_N1_S5_1.JPG,0,C3_P03,2172,2176,2324,2408,152,232,True
C1_P02_N2_S4_1.JPG,0,C1_P02,480,2004,740,2412,260,408,True
C1_P11_N2_S4_2.JPG,0,C1_P11,204,656,444,1048,240,392,True
C1_P09_N4_S4_1.JPG,0,C1_P09,904,500,1100,776,196,276,False
C2_P02_N1_S5_1.JPG,0,C2_P02,1240,1204,1356,1372,116,168,True
C1_P11_N2_S4_2.JPG,0,C1_P11,1000,1876,1236,2220,236,344,True
C2_P09_N1_S7_2.JPG,0,C2_P09,356,612,460,768,104,156,False
C3_P06_N3_S4_2.JPG,0,C3_P06,3124,1960,3376,2344,252,384,True
C2_P03_N4_S2_1.JPG,0,C2_P03,1888,1040,2180,1540,292,500,True
C2_P01_N3_S3_1.JPG,0,C2_P01,1480,608,1632,832,152,224,True
C1_P12_N1_S4_1.JPG,0,C1_P12,948,180,1164,476,216,296,True
C2_P04_N3_S3_1.JPG,0,C2_P04,416,1080,600,1368,184,288,False
C4_P08_N3_S3_1.JPG,0,C4_P08,784,1524,1000,1872,216,348,False
C1_P01_N1_S2_2.JPG,0,C1_P01,416,1572,916,2320,500,748,True
C1_P08_N1_S4_1.JPG,0,C1_P08,2396,1428,2608,1752,212,324,True
C4_P04_N1_S2_1.JPG,0,C4_P04,1176,1008,1408,1372,232,364,True
C4_P08_N2_S3_2.JPG,0,C4_P08,1252,1452,1472,1796,220,344,False
C2_P04_N3_S3_1.JPG,0,C2_P04,2236,1184,2432,1468,196,284,False
C2_P07_N1_S6_2.JPG,0,C2_P07,12,308,116,476,104,168,False
C1_P10_N2_S4_1.JPG,0,C1_P10,1708,244,1904,556,196,312,True
C2_P05_N3_S3_2.JPG,0,C2_P05,420,176,604,420,184,244,True
C2_P09_N1_S7_2.JPG,0,C2_P09,2008,644,2100,804,92,160,False
C4_P07_N1_S5_1.JPG,0,C4_P07,1348,1380,1496,1600,148,220,True
C2_P06_N2_S4_2.JPG,0,C2_P06,832,548,976,760,144,212,False
C3_P01_N1_S2_2.JPG,0,C3_P01,1972,1576,2272,2184,300,608,True
C2_P02_N3_S2_1.JPG,0,C2_P02,2172,856,2384,1184,212,328,True
C2_P09_N1_S7_2.JPG,0,C2_P09,1588,1560,1680,1692,92,132,False
C1_P07_N2_S3_3.JPG,0,C1_P07,2448,1600,2664,1940,216,340,False
C1_P08_N1_S4_1.JPG,0,C1_P08,1104,792,1344,1144,240,352,True
C2_P05_N1_S2_1.JPG,0,C2_P05,456,240,652,536,196,296,True
C2_P06_N2_S3_1.JPG,0,C2_P06,260,680,456,920,196,240,False
C2_P08_N2_S4_1.JPG,0,C2_P08,972,1260,1120,1512,148,252,False
C1_P03_N1_S3_1.JPG,0,C1_P03,2380,1016,2560,1276,180,260,False
C2_P04_N2_S4_1.JPG,0,C2_P04,1476,1512,1648,1744,172,232,False
C2_P06_N3_S3_1.JPG,0,C2_P06,1152,120,1328,352,176,232,False
C2_P05_N1_S3_1.JPG,0,C2_P05,756,132,944,444,188,312,True
C3_P02_N2_S4_1.JPG,0,C3_P02,2304,1460,2528,1800,224,340,True
C2_P08_N3_S3_2.JPG,0,C2_P08,1528,728,1708,1008,180,280,False
C4_P04_N1_S5_1.JPG,0,C4_P04,608,900,776,1204,168,304,True
C4_P08_N3_S3_2.JPG,0,C4_P08,1012,1644,1244,1980,232,336,False
C1_P06_N3_S3_1.JPG,0,C1_P06,2496,108,2716,416,220,308,True
C2_P01_N1_S2_1.JPG,0,C2_P01,1972,256,2140,480,168,224,True
C1_P02_N1_S4_1.JPG,0,C1_P02,2268,200,2484,524,216,324,True
C3_P01_N2_S4_1.JPG,0,C3_P01,364,1436,536,1716,172,280,True
C4_P07_N1_S5_1.JPG,0,C4_P07,220,512,368,784,148,272,True
C1_P02_N1_S3_1.JPG,0,C1_P02,2096,984,2340,1452,244,468,True
C1_P06_N1_S5_1.JPG,0,C1_P06,1996,200,2152,416,156,216,True
C2_P08_N1_S6_1.JPG,0,C2_P08,880,636,992,812,112,176,False
C4_P04_N3_S3_1.JPG,0,C4_P04,1200,1096,1424,1436,224,340,True
C3_P05_N2_S3_1.JPG,0,C3_P05,3280,1120,3508,1480,228,360,True
C3_P01_N1_S5_2.JPG,0,C3_P01,136,760,316,1016,180,256,True
C2_P01_N1_S2_1.JPG,0,C2_P01,240,228,408,452,168,224,True
C3_P05_N1_S5_1.JPG,0,C3_P05,848,748,1008,984,160,236,True
C1_P10_N1_S5_1.JPG,0,C1_P10,548,120,712,376,164,256,True
C1_P09_N3_S4_1.JPG,0,C1_P09,1024,468,1232,772,208,304,False
C1_P10_N2_S2_1.JPG,0,C1_P10,56,412,308,784,252,372,True
C1_P03_N3_S2_1.JPG,0,C1_P03,1588,1208,1780,1524,192,316,False
C2_P09_N1_S7_1.JPG,0,C2_P09,1828,436,1936,584,108,148,False
C3_P06_N3_S4_2.JPG,0,C3_P06,2980,848,3156,1236,176,388,True
C4_P04_N2_S3_1.JPG,0,C4_P04,2112,720,2344,1036,232,316,True
C4_P05_N2_S3_1.JPG,0,C4_P05,1880,948,2088,1260,208,312,True
C2_P08_N4_S3_1.JPG,0,C2_P08,1120,832,1328,1152,208,320,False
C4_P04_N2_S2_1.JPG,0,C4_P04,680,708,912,1056,232,348,True
C3_P06_N3_S4_2.JPG,0,C3_P06,360,280,588,648,228,368,True
C3_P04_N1_S4_1.JPG,0,C3_P04,740,1276,964,1560,224,284,True
C1_P02_N1_S5_1.JPG,0,C1_P02,1608,652,1736,936,128,284,True
C2_P08_N2_S4_1.JPG,0,C2_P08,968,512,1120,752,152,240,False
C1_P06_N3_S3_2.JPG,0,C1_P06,1092,1144,1324,1520,232,376,True
C1_P11_N2_S4_2.JPG,0,C1_P11,164,24,432,416,268,392,True
C2_P02_N1_S4_1.JPG,0,C2_P02,904,628,1068,920,164,292,True
C2_P09_N1_S7_1.JPG,0,C2_P09,1204,408,1300,548,96,140,False
C2_P02_N1_S5_1.JPG,0,C2_P02,1172,584,1284,780,112,196,True
C2_P02_N4_S2_1.JPG,0,C2_P02,1180,876,1408,1208,228,332,True
C1_P10_N1_S3_1.JPG,0,C1_P10,1040,1028,1272,1392,232,364,True
C2_P04_N1_S5_1.JPG,0,C2_P04,444,1512,576,1740,132,228,False
C1_P06_N1_S4_2.JPG,0,C1_P06,2444,840,2640,1120,196,280,True
C1_P09_N3_S4_1.JPG,0,C1_P09,1380,460,1588,764,208,304,False
C2_P01_N1_S4_1.JPG,0,C2_P01,8,148,132,320,124,172,True
C1_P08_N2_S4_1.JPG,0,C1_P08,776,148,1048,504,272,356,True
C2_P09_N1_S7_1.JPG,0,C2_P09,1080,936,1180,1076,100,140,False
C1_P05_N1_S5_1.JPG,0,C1_P05,312,164,492,420,180,256,True
C2_P02_N1_S3_1.JPG,0,C2_P02,1352,304,1564,684,212,380,True
C1_P01_N1_S2_1.JPG,0,C1_P01,1028,928,1280,1304,252,376,True
C3_P01_N1_S2_1.JPG,0,C3_P01,512,480,892,1060,380,580,True
C2_P03_N1_S2_1.JPG,0,C2_P03,96,1172,400,1756,304,584,True
C3_P04_N1_S4_1.JPG,0,C3_P04,2156,148,2364,468,208,320,True
C3_P06_N3_S3_1.JPG,0,C3_P06,2532,300,2776,764,244,464,True
C1_P05_N1_S4_3.JPG,0,C1_P05,2904,260,3112,608,208,348,True
C2_P07_N1_S6_1.JPG,0,C2_P07,632,1452,732,1600,100,148,False
C3_P01_N1_S3_1.JPG,0,C3_P01,1228,344,1464,692,236,348,True
C1_P12_N3_S3_1.JPG,0,C1_P12,852,1016,1116,1404,264,388,True
C2_P03_N1_S5_1.JPG,0,C2_P03,960,552,1092,792,132,240,True
C4_P07_N3_S3_2.JPG,0,C4_P07,2000,800,2168,1088,168,288,True
C1_P04_N1_S3_1.JPG,0,C1_P04,1672,1248,1908,1608,236,360,True
C2_P04_N3_S4_1.JPG,0,C2_P04,620,992,820,1268,200,276,False
C4_P04_N1_S5_1.JPG,0,C4_P04,764,1720,936,1980,172,260,True
C1_P09_N3_S3_1.JPG,0,C1_P09,1760,468,1952,724,192,256,False
C1_P05_N1_S3_1.JPG,0,C1_P05,148,1288,384,1600,236,312,True
C1_P06_N2_S3_2.JPG,0,C1_P06,1992,784,2220,1112,228,328,True
C3_P07_N1_S4_1.JPG,0,C3_P07,732,1984,928,2248,196,264,True
C1_P08_N4_S4_1.JPG,0,C1_P08,1888,960,2120,1340,232,380,True
C4_P05_N1_S5_1.JPG,0,C4_P05,976,1368,1144,1644,168,276,True
C3_P05_N1_S4_1.JPG,0,C3_P05,3032,1012,3216,1300,184,288,True
C3_P01_N2_S4_1.JPG,0,C3_P01,1120,1468,1308,1736,188,268,True
C1_P04_N2_S4_1.JPG,0,C1_P04,2664,184,2864,520,200,336,True
C3_P06_N1_S3_1.JPG,0,C3_P06,580,1768,788,2144,208,376,True
C1_P10_N1_S2_1.JPG,0,C1_P10,2636,1196,2928,1664,292,468,True
C2_P04_N3_S4_1.JPG,0,C2_P04,1768,1092,1940,1336,172,244,False
C2_P01_N2_S2_1.JPG,0,C2_P01,296,984,468,1228,172,244,True
C4_P08_N3_S3_2.JPG,0,C4_P08,768,1628,1000,1964,232,336,False
C4_P08_N1_S2_1.JPG,0,C4_P08,1264,596,1496,992,232,396,False
C4_P08_N1_S5_2.JPG,0,C4_P08,1068,676,1204,880,136,204,False
C2_P06_N1_S3_1.JPG,0,C2_P06,628,136,824,380,196,244,False
C2_P04_N3_S3_1.JPG,0,C2_P04,1404,220,1588,516,184,296,False
C2_P07_N1_S6_1.JPG,0,C2_P07,816,1448,916,1596,100,148,False
C4_P07_N2_S3_1.JPG,0,C4_P07,764,1324,928,1648,164,324,True
C1_P03_N2_S3_2.JPG,0,C1_P03,1284,1056,1480,1324,196,268,False
C2_P05_N3_S3_2.JPG,0,C2_P05,2024,244,2208,488,184,244,True
C1_P06_N2_S3_2.JPG,0,C1_P06,432,792,660,1120,228,328,True
C1_P09_N3_S4_2.JPG,0,C1_P09,960,1084,1132,1340,172,256,False
C3_P01_N2_S3_2.JPG,0,C3_P01,1572,1996,1812,2372,240,376,True
C1_P05_N1_S5_1.JPG,0,C1_P05,688,648,880,912,192,264,True
C3_P06_N1_S5_1.JPG,0,C3_P06,2532,556,2680,900,148,344,True
C1_P10_N2_S4_1.JPG,0,C1_P10,1336,1960,1532,2284,196,324,True
C1_P05_N1_S4_1.JPG,0,C1_P05,2716,264,2916,564,200,300,True
C2_P04_N1_S2_1.JPG,0,C2_P04,1788,324,1980,620,192,296,False
C4_P03_N2_S3_1.JPG,0,C4_P03,776,1304,948,1580,172,276,True
C1_P09_N3_S4_1.JPG,0,C1_P09,2272,896,2460,1152,188,256,False
C2_P03_N1_S4_1.JPG,0,C2_P03,1048,1072,1228,1348,180,276,True
C1_P11_N1_S4_1.JPG,0,C1_P11,1460,2064,1680,2416,220,352,True
C4_P08_N1_S4_1.JPG,0,C4_P08,2180,1724,2372,2032,192,308,False
C3_P01_N4_S3_1.JPG,0,C3_P01,2076,276,2364,760,288,484,True
C3_P02_N2_S3_1.JPG,0,C3_P02,3456,1796,3700,2180,244,384,True
C1_P09_N3_S3_1.JPG,0,C1_P09,972,828,1164,1084,192,256,False
C3_P01_N4_S2_1.JPG,0,C3_P01,620,388,956,944,336,556,True
C3_P07_N1_S5_1.JPG,0,C3_P07,2284,604,2460,876,176,272,True
C2_P01_N2_S3_2.JPG,0,C2_P01,652,280,812,468,160,188,True
C4_P02_N2_S3_1.JPG,0,C4_P02,1188,1616,1360,1860,172,244,True
C1_P05_N2_S3_1.JPG,0,C1_P05,2528,1548,2760,1908,232,360,True
C3_P05_N1_S2_1.JPG,0,C3_P05,3448,1276,3680,1636,232,360,True
C3_P02_N1_S4_1.JPG,0,C3_P02,892,2080,1092,2420,200,340,True
C1_P12_N2_S5_1.JPG,0,C1_P12,712,2108,876,2368,164,260,True
C3_P02_N1_S2_2.JPG,0,C3_P02,112,456,404,824,292,368,True
C1_P08_N4_S4_1.JPG,0,C1_P08,372,1576,616,1928,244,352,True
C1_P08_N4_S4_1.JPG,0,C1_P08,348,964,600,1308,252,344,True
C3_P07_N4_S2_1.JPG,0,C3_P07,1508,560,1804,1032,296,472,True
C3_P05_N2_S3_1.JPG,0,C3_P05,2112,432,2344,804,232,372,True
C2_P04_N2_S3_1.JPG,0,C2_P04,1928,680,2112,940,184,260,False
C3_P02_N1_S4_1.JPG,0,C3_P02,2444,948,2644,1236,200,288,True
C4_P04_N5_S2_1.JPG,0,C4_P04,460,188,704,560,244,372,True
C4_P04_N1_S3_1.JPG,0,C4_P04,2084,960,2308,1276,224,316,True
C3_P01_N2_S4_1.JPG,0,C3_P01,144,868,336,1184,192,316,True
C3_P05_N2_S3_1.JPG,0,C3_P05,3472,1708,3752,2104,280,396,True
C3_P05_N1_S4_1.JPG,0,C3_P05,644,1952,848,2260,204,308,True
C1_P02_N1_S4_1.JPG,0,C1_P02,816,2024,1056,2408,240,384,True
C3_P04_N4_S2_1.JPG,0,C3_P04,3312,348,3728,964,416,616,True
C4_P02_N1_S3_1.JPG,0,C4_P02,820,236,972,448,152,212,True
C3_P02_N2_S3_1.JPG,0,C3_P02,604,1840,872,2176,268,336,True
C4_P07_N1_S5_1.JPG,0,C4_P07,496,944,636,1208,140,264,True
C1_P05_N2_S4_1.JPG,0,C1_P05,1684,60,1904,396,220,336,True
C2_P06_N2_S3_1.JPG,0,C2_P06,804,1192,976,1416,172,224,False
C2_P03_N1_S3_1.JPG,0,C2_P03,1044,784,1328,1228,284,444,True
C2_P05_N3_S3_1.JPG,0,C2_P05,708,1196,912,1500,204,304,True
C3_P03_N2_S2_1.JPG,0,C3_P03,2940,628,3240,1036,300,408,True
C4_P07_N2_S4_1.JPG,0,C4_P07,1804,1672,1976,1956,172,284,True
C1_P10_N1_S3_1.JPG,0,C1_P10,2468,916,2744,1336,276,420,True
C2_P07_N1_S3_1.JPG,0,C2_P07,728,1136,912,1436,184,300,False
C3_P06_N1_S4_1.JPG,0,C3_P06,1428,776,1644,1112,216,336,True
C3_P02_N1_S3_1.JPG,0,C3_P02,1384,1796,1632,2208,248,412,True
C3_P06_N2_S3_1.JPG,0,C3_P06,2624,1136,2852,1540,228,404,True
C3_P02_N3_S3_1.JPG,0,C3_P02,2444,1892,2672,2228,228,336,True
C1_P02_N2_S4_1.JPG,0,C1_P02,1432,156,1616,504,184,348,True
C3_P05_N1_S4_1.JPG,0,C3_P05,2976,408,3176,712,200,304,True
C4_P04_N1_S3_1.JPG,0,C4_P04,1224,904,1444,1264,220,360,True
C1_P10_N1_S3_1.JPG,0,C1_P10,376,304,580,640,204,336,True
C4_P06_N1_S4_1.JPG,0,C4_P06,280,728,484,1064,204,336,True
C4_P07_N1_S4_2.JPG,0,C4_P07,1640,168,1824,428,184,260,True
C3_P07_N3_S3_1.JPG,0,C3_P07,668,1944,968,2264,300,320,True
C3_P07_N4_S2_1.JPG,0,C3_P07,1476,1552,1812,1980,336,428,True
C3_P06_N1_S3_2.JPG,0,C3_P06,3576,352,3820,724,244,372,True
C1_P03_N1_S4_1.JPG,0,C1_P03,320,1444,488,1680,168,236,False
C4_P07_N1_S5_1.JPG,0,C4_P07,2032,140,2172,356,140,216,True
C4_P02_N2_S3_1.JPG,0,C4_P02,1372,304,1560,548,188,244,True
C3_P06_N3_S4_1.JPG,0,C3_P06,1904,1352,2144,1680,240,328,True
C3_P04_N1_S2_1.JPG,0,C3_P04,2888,1500,3268,2072,380,572,True
C2_P06_N2_S4_1.JPG,0,C2_P06,324,1572,480,1776,156,204,False
C2_P06_N3_S4_1.JPG,0,C2_P06,1544,1108,1704,1352,160,244,False
C3_P07_N2_S4_1.JPG,0,C3_P07,2292,2036,2472,2264,180,228,True
C1_P08_N3_S4_2.JPG,0,C1_P08,2108,412,2328,736,220,324,True
C1_P06_N3_S3_1.JPG,0,C1_P06,204,816,424,1124,220,308,True
C2_P09_N1_S7_2.JPG,0,C2_P09,640,612,744,768,104,156,False
C3_P07_N1_S4_1.JPG,0,C3_P07,2320,1980,2516,2272,196,292,True
C1_P08_N1_S4_1.JPG,0,C1_P08,2156,2032,2388,2404,232,372,True
C3_P06_N1_S3_2.JPG,0,C3_P06,980,1068,1204,1440,224,372,True
C1_P11_N2_S4_3.JPG,0,C1_P11,1568,1296,1748,1612,180,316,True
C3_P05_N2_S3_1.JPG,0,C3_P05,3520,1072,3748,1468,228,396,True
C1_P02_N1_S5_1.JPG,0,C1_P02,308,1592,492,1904,184,312,True
C4_P07_N2_S3_2.JPG,0,C4_P07,920,1424,1092,1708,172,284,True
C4_P07_N1_S5_1.JPG,0,C4_P07,360,948,500,1212,140,264,True
C1_P05_N1_S4_3.JPG,0,C1_P05,2664,856,2880,1184,216,328,True
C3_P03_N1_S3_1.JPG,0,C3_P03,2852,308,3108,652,256,344,True
C1_P12_N2_S5_1.JPG,0,C1_P12,236,2092,400,2352,164,260,True
C3_P07_N1_S6_1.JPG,0,C3_P07,1744,140,1920,412,176,272,True
C1_P09_N1_S2_1.JPG,0,C1_P09,1208,268,1376,508,168,240,False
C1_P08_N2_S5_1.JPG,0,C1_P08,1576,312,1748,536,172,224,True
C1_P04_N1_S4_1.JPG,0,C1_P04,2424,1360,2628,1692,204,332,True
C1_P09_N1_S5_2.JPG,0,C1_P09,1376,1384,1528,1604,152,220,False
C1_P09_N1_S5_1.JPG,0,C1_P09,1232,1652,1416,1960,184,308,False
C2_P04_N3_S4_1.JPG,0,C2_P04,1216,1484,1372,1692,156,208,False
C2_P05_N2_S5_1.JPG,0,C2_P05,948,1312,1060,1468,112,156,True
C1_P05_N2_S4_1.JPG,0,C1_P05,172,1856,392,2236,220,380,True
C3_P06_N3_S4_1.JPG,0,C3_P06,1472,692,1668,1096,196,404,True
C4_P04_N2_S4_1.JPG,0,C4_P04,832,1412,1028,1748,196,336,True
C2_P09_N1_S7_2.JPG,0,C2_P09,552,1108,656,1248,104,140,False
C4_P08_N2_S3_2.JPG,0,C4_P08,1888,1476,2108,1796,220,320,False
C4_P03_N2_S3_2.JPG,0,C4_P03,2180,292,2372,556,192,264,True
C3_P02_N3_S2_2.JPG,0,C3_P02,1680,1404,1956,1864,276,460,True
C1_P03_N1_S4_2.JPG,0,C1_P03,2028,144,2160,360,132,216,False
C2_P09_N1_S7_2.JPG,0,C2_P09,2104,1344,2196,1476,92,132,False
C1_P03_N2_S3_2.JPG,0,C1_P03,140,1004,336,1300,196,296,False
C2_P06_N1_S5_1.JPG,0,C2_P06,660,1492,768,1676,108,184,False
C4_P02_N2_S4_1.JPG,0,C4_P02,120,1628,260,1852,140,224,True
C2_P07_N1_S4_1.JPG,0,C2_P07,1200,1000,1356,1252,156,252,False
C2_P06_N2_S4_2.JPG,0,C2_P06,984,960,1140,1168,156,208,False
C1_P03_N1_S3_1.JPG,0,C1_P03,2292,304,2480,568,188,264,False
C3_P04_N1_S5_1.JPG,0,C3_P04,1692,140,1868,412,176,272,True
C2_P01_N1_S5_1.JPG,0,C2_P01,1228,1300,1332,1460,104,160,True
C2_P06_N2_S4_1.JPG,0,C2_P06,228,48,408,292,180,244,False
C3_P01_N2_S2_1.JPG,0,C3_P01,336,424,672,1004,336,580,True
C3_P01_N1_S5_2.JPG,0,C3_P01,500,1232,664,1504,164,272,True
C3_P02_N2_S4_1.JPG,0,C3_P02,2504,1460,2728,1792,224,332,True
C3_P05_N3_S2_1.JPG,0,C3_P05,944,480,1216,876,272,396,True
C2_P05_N2_S4_1.JPG,0,C2_P05,668,1452,824,1688,156,236,True
C3_P01_N1_S5_2.JPG,0,C3_P01,356,1684,520,1928,164,244,True
C2_P07_N3_S3_1.JPG,0,C2_P07,524,228,700,504,176,276,False
C3_P05_N3_S2_1.JPG,0,C3_P05,3180,380,3444,868,264,488,True
C2_P03_N2_S2_1.JPG,0,C2_P03,436,1124,740,1652,304,528,True
C1_P02_N2_S3_1.JPG,0,C1_P02,1860,1008,2096,1516,236,508,True
C3_P04_N2_S4_1.JPG,0,C3_P04,1324,720,1528,1028,204,308,True
C3_P05_N2_S4_1.JPG,0,C3_P05,1612,144,1828,468,216,324,True
C2_P06_N1_S3_2.JPG,0,C2_P06,628,116,816,368,188,252,False
C2_P04_N3_S4_1.JPG,0,C2_P04,428,984,628,1260,200,276,False
C1_P08_N3_S4_2.JPG,0,C1_P08,2752,1952,2956,2264,204,312,True
C2_P01_N1_S3_1.JPG,0,C2_P01,952,284,1088,456,136,172,True
C1_P02_N1_S4_1.JPG,0,C1_P02,1288,2020,1528,2404,240,384,True
C1_P08_N2_S3_1.JPG,0,C1_P08,2216,352,2428,700,212,348,True
C1_P12_N1_S5_1.JPG,0,C1_P12,928,1676,1100,1956,172,280,True
C1_P09_N2_S6_1.JPG,0,C1_P09,1160,120,1340,372,180,252,False
C4_P06_N2_S3_1.JPG,0,C4_P06,1104,1376,1296,1692,192,316,True
C3_P06_N4_S3_1.JPG,0,C3_P06,2096,1228,2368,1628,272,400,True
C3_P06_N1_S4_1.JPG,0,C3_P06,3044,728,3248,1116,204,388,True
C2_P01_N2_S3_2.JPG,0,C2_P01,1268,780,1424,984,156,204,True
C1_P08_N2_S4_2.JPG,0,C1_P08,2792,1436,2968,1780,176,344,True
C3_P01_N2_S2_1.JPG,0,C3_P01,676,444,1012,1024,336,580,True
C3_P03_N3_S3_1.JPG,0,C3_P03,1228,1040,1484,1396,256,356,True
C3_P03_N3_S3_1.JPG,0,C3_P03,32,184,304,544,272,360,True
C3_P06_N4_S3_1.JPG,0,C3_P06,980,1256,1260,1656,280,400,True
C1_P09_N1_S5_2.JPG,0,C1_P09,1536,1032,1700,1284,164,252,False
C1_P05_N2_S4_2.JPG,0,C1_P05,560,1424,776,1772,216,348,True
C2_P01_N1_S5_2.JPG,0,C2_P01,960,972,1060,1128,100,156,True
C1_P11_N1_S3_1.JPG,0,C1_P11,1484,540,1740,888,256,348,True
C1_P12_N2_S2_1.JPG,0,C1_P12,248,1268,580,1892,332,624,True
C2_P08_N4_S3_1.JPG,0,C2_P08,1744,776,1952,1136,208,360,False
C2_P01_N1_S5_1.JPG,0,C2_P01,1336,624,1448,772,112,148,True
C1_P02_N3_S3_1.JPG,0,C1_P02,2744,1868,3028,2376,284,508,True
C2_P09_N1_S7_2.JPG,0,C2_P09,1248,888,1344,1024,96,136,False
C2_P07_N1_S6_2.JPG,0,C2_P07,440,1076,544,1224,104,148,False
C2_P02_N1_S4_1.JPG,0,C2_P02,1464,1524,1624,1764,160,240,True
C3_P06_N3_S3_1.JPG,0,C3_P06,3632,1728,3908,2180,276,452,True
C1_P03_N1_S4_1.JPG,0,C1_P03,1328,260,1496,488,168,228,False
C2_P02_N2_S2_1.JPG,0,C2_P02,0,284,216,640,216,356,True
C3_P06_N3_S3_1.JPG,0,C3_P06,328,1048,596,1460,268,412,True
C2_P09_N1_S7_2.JPG,0,C2_P09,2160,888,2252,1036,92,148,False
C1_P05_N1_S3_1.JPG,0,C1_P05,2700,684,2912,1004,212,320,True
C4_P01_N2_S4_1.JPG,0,C4_P01,1024,88,1208,348,184,260,True
C1_P11_N2_S3_2.JPG,0,C1_P11,132,232,416,644,284,412,True
C2_P01_N2_S3_1.JPG,0,C2_P01,532,964,708,1220,176,256,True
C1_P08_N3_S4_1.JPG,0,C1_P08,2120,176,2388,576,268,400,True
C1_P03_N1_S2_1.JPG,0,C1_P03,1636,388,1852,680,216,292,False
C2_P01_N1_S3_1.JPG,0,C2_P01,308,252,444,424,136,172,True
C2_P04_N3_S4_1.JPG,0,C2_P04,160,36,332,336,172,300,False
C3_P06_N1_S4_1.JPG,0,C3_P06,596,1344,804,1672,208,328,True
C1_P04_N3_S3_1.JPG,0,C1_P04,2952,1808,3164,2160,212,352,True
C3_P02_N1_S3_1.JPG,0,C3_P02,3004,368,3236,720,232,352,True
C3_P07_N1_S2_1.JPG,0,C3_P07,3808,1544,4140,2024,332,480,True
C2_P04_N2_S4_1.JPG,0,C2_P04,504,172,668,428,164,256,False
C3_P03_N1_S2_2.JPG,0,C3_P03,3888,480,4200,872,312,392,True
C3_P03_N2_S3_1.JPG,0,C3_P03,2356,1936,2592,2348,236,412,True
C2_P04_N1_S3_1.JPG,0,C2_P04,748,652,908,900,160,248,False
C1_P08_N3_S3_1.JPG,0,C1_P08,2508,340,2760,704,252,364,True
C1_P04_N2_S4_1.JPG,0,C1_P04,1856,2080,2052,2404,196,324,True
C4_P04_N1_S5_1.JPG,0,C4_P04,1464,1680,1640,1952,176,272,True
C3_P03_N1_S4_1.JPG,0,C3_P03,32,2096,252,2428,220,332,True
C1_P02_N2_S4_1.JPG,0,C1_P02,716,2024,964,2392,248,368,True
C4_P05_N3_S3_1.JPG,0,C4_P05,1528,240,1724,552,196,312,True
C4_P08_N2_S4_1.JPG,0,C4_P08,1712,1200,1928,1500,216,300,False
C2_P07_N1_S6_1.JPG,0,C2_P07,216,384,324,564,108,180,False
C2_P08_N2_S4_1.JPG,0,C2_P08,1108,924,1256,1144,148,220,False
C1_P06_N2_S3_3.JPG,0,C1_P06,2148,420,2368,748,220,328,True
C4_P01_N2_S2_1.JPG,0,C4_P01,2336,1036,2536,1364,200,328,True
C1_P06_N1_S4_2.JPG,0,C1_P06,1988,844,2184,1124,196,280,True
C1_P05_N2_S4_1.JPG,0,C1_P05,596,28,868,364,272,336,True
C2_P07_N3_S3_1.JPG,0,C2_P07,716,740,892,1016,176,276,False
C1_P06_N3_S3_2.JPG,0,C1_P06,184,504,416,836,232,332,True
C2_P01_N1_S3_1.JPG,0,C2_P01,180,268,316,440,136,172,True
C1_P02_N1_S5_1.JPG,0,C1_P02,500,1596,684,1908,184,312,True
C1_P08_N3_S4_2.JPG,0,C1_P08,716,940,940,1264,224,324,True
C2_P01_N1_S3_1.JPG,0,C2_P01,408,1228,560,1412,152,184,True
C2_P02_N1_S3_1.JPG,0,C2_P02,2132,388,2344,724,212,336,True
C2_P02_N1_S5_1.JPG,0,C2_P02,1144,1760,1252,1924,108,164,True
C1_P07_N2_S3_1.JPG,0,C1_P07,2456,1684,2660,2020,204,336,False
C1_P12_N3_S4_1.JPG,0,C1_P12,1152,944,1380,1296,228,352,True
C1_P11_N1_S4_2.JPG,0,C1_P11,2064,1912,2276,2224,212,312,True
C3_P01_N1_S5_2.JPG,0,C3_P01,284,756,464,1012,180,256,True
C4_P06_N2_S3_1.JPG,0,C4_P06,172,1368,368,1664,196,296,True
C1_P04_N2_S3_1.JPG,0,C1_P04,1940,1720,2156,2096,216,376,True
C3_P03_N2_S4_1.JPG,0,C3_P03,1940,2052,2108,2308,168,256,True
C2_P06_N3_S4_1.JPG,0,C2_P06,1268,592,1448,880,180,288,False
C1_P02_N1_S4_1.JPG,0,C1_P02,820,1352,1056,1736,236,384,True
C1_P02_N2_S4_1.JPG,0,C1_P02,1380,1384,1644,1764,264,380,True
C1_P11_N2_S3_1.JPG,0,C1_P11,940,1468,1172,1824,232,356,True
C1_P08_N4_S4_1.JPG,0,C1_P08,2708,2156,2916,2428,208,272,True
C1_P06_N1_S4_1.JPG,0,C1_P06,2744,204,2948,464,204,260,True
C3_P06_N1_S5_1.JPG,0,C3_P06,2492,76,2672,360,180,284,True
C1_P06_N2_S3_2.JPG,0,C1_P06,1208,796,1436,1124,228,328,True
C3_P06_N3_S3_1.JPG,0,C3_P06,1136,1748,1384,2108,248,360,True
C4_P02_N1_S3_1.JPG,0,C4_P02,0,1408,152,1688,152,280,True
C1_P03_N2_S3_1.JPG,0,C1_P03,2832,456,3056,784,224,328,False
C1_P06_N1_S4_1.JPG,0,C1_P06,2112,1404,2316,1696,204,292,True
C1_P01_N1_S3_1.JPG,0,C1_P01,1812,1844,2088,2292,276,448,True
C1_P11_N2_S4_2.JPG,0,C1_P11,1620,1844,1828,2212,208,368,True
C4_P04_N2_S4_1.JPG,0,C4_P04,800,960,1008,1280,208,320,True
C1_P05_N2_S4_1.JPG,0,C1_P05,624,628,844,1012,220,384,True
C3_P06_N3_S4_1.JPG,0,C3_P06,1484,1824,1708,2164,224,340,True
C1_P07_N2_S3_3.JPG,0,C1_P07,384,1028,596,1312,212,284,False
C1_P01_N1_S3_2.JPG,0,C1_P01,772,1432,1040,1836,268,404,True
C4_P05_N1_S4_1.JPG,0,C4_P05,2128,104,2304,380,176,276,True
C3_P07_N1_S2_1.JPG,0,C3_P07,460,1484,792,1964,332,480,True
C3_P03_N2_S2_1.JPG,0,C3_P03,2168,1576,2472,2024,304,448,True
C1_P07_N1_S3_2.JPG,0,C1_P07,2692,744,2896,1024,204,280,False
C1_P05_N1_S4_1.JPG,0,C1_P05,2700,2016,2924,2376,224,360,True
C1_P08_N4_S4_1.JPG,0,C1_P08,2508,916,2720,1316,212,400,True
C4_P07_N1_S5_1.JPG,0,C4_P07,1616,536,1764,764,148,228,True
C1_P04_N2_S3_1.JPG,0,C1_P04,1732,1080,1936,1420,204,340,True
C4_P08_N2_S3_1.JPG,0,C4_P08,1276,16,1500,376,224,360,False
C2_P07_N1_S6_2.JPG,0,C2_P07,704,596,808,748,104,152,False
C4_P02_N1_S3_2.JPG,0,C4_P02,876,236,1048,460,172,224,True
C2_P06_N1_S5_1.JPG,0,C2_P06,924,1156,1056,1324,132,168,False
C3_P02_N1_S4_1.JPG,0,C3_P02,484,1512,684,1800,200,288,True
C4_P07_N2_S4_1.JPG,0,C4_P07,468,1700,640,1992,172,292,True
C1_P05_N1_S5_1.JPG,0,C1_P05,504,1616,692,1928,188,312,True
C4_P05_N1_S4_1.JPG,0,C4_P05,1752,104,1940,380,188,276,True
C2_P04_N2_S2_1.JPG,0,C2_P04,504,656,680,928,176,272,False
C4_P05_N3_S2_1.JPG,0,C4_P05,1308,232,1520,552,212,320,True
C2_P04_N1_S4_1.JPG,0,C2_P04,976,644,1128,880,152,236,False
C1_P08_N3_S4_2.JPG,0,C1_P08,2604,1464,2792,1764,188,300,True
C4_P08_N2_S4_1.JPG,0,C4_P08,676,1732,884,2040,208,308,False
C3_P03_N2_S4_1.JPG,0,C3_P03,1564,1472,1744,1732,180,260,True
C3_P01_N1_S4_1.JPG,0,C3_P01,144,148,372,460,228,312,True
C2_P09_N1_S7_2.JPG,0,C2_P09,1180,376,1272,528,92,152,False
C3_P05_N1_S5_1.JPG,0,C3_P05,860,148,1080,468,220,320,True
C3_P05_N3_S3_1.JPG,0,C3_P05,396,404,652,848,256,444,True
C1_P06_N3_S3_2.JPG,0,C1_P06,204,1892,436,2264,232,372,True
C1_P05_N4_S3_1.JPG,0,C1_P05,2456,1452,2672,1816,216,364,True
C4_P04_N1_S2_1.JPG,0,C4_P04,1876,504,2092,900,216,396,True
C3_P01_N2_S3_1.JPG,0,C3_P01,708,1068,964,1472,256,404,True
C4_P02_N1_S3_2.JPG,0,C4_P02,752,880,928,1116,176,236,True
C4_P04_N1_S5_1.JPG,0,C4_P04,584,564,744,828,160,264,True
C3_P05_N2_S2_1.JPG,0,C3_P05,1484,1160,1748,1556,264,396,True
C1_P03_N2_S2_1.JPG,0,C1_P03,1148,1160,1384,1540,236,380,False
C4_P02_N1_S3_1.JPG,0,C4_P02,1588,864,1768,1112,180,248,True
C4_P02_N2_S3_1.JPG,0,C4_P02,344,332,500,560,156,228,True
C4_P08_N1_S5_2.JPG,0,C4_P08,788,1424,924,1624,136,200,False
C2_P01_N1_S3_1.JPG,0,C2_P01,936,1228,1088,1412,152,184,True
C1_P06_N1_S4_2.JPG,0,C1_P06,1544,1412,1740,1724,196,312,True
C2_P07_N3_S2_1.JPG,0,C2_P07,528,236,768,608,240,372,False
C3_P07_N2_S2_1.JPG,0,C3_P07,3176,1348,3640,1920,464,572,True
C2_P07_N2_S4_1.JPG,0,C2_P07,448,932,604,1156,156,224,False
C1_P04_N3_S3_1.JPG,0,C1_P04,2768,496,2988,840,220,344,True
C2_P08_N3_S3_1.JPG,0,C2_P08,1440,880,1648,1204,208,324,False
C3_P07_N2_S3_1.JPG,0,C3_P07,556,1880,816,2236,260,356,True
C1_P05_N1_S3_1.JPG,0,C1_P05,2520,1228,2712,1580,192,352,True
C2_P07_N1_S6_2.JPG,0,C2_P07,692,1300,796,1468,104,168,False
C1_P04_N2_S4_1.JPG,0,C1_P04,2232,1464,2420,1772,188,308,True
C1_P05_N1_S4_2.JPG,0,C1_P05,128,116,352,436,224,320,True
C4_P03_N2_S4_1.JPG,0,C4_P03,1952,1744,2124,2016,172,272,True
C1_P03_N3_S2_1.JPG,0,C1_P03,2176,1288,2368,1572,192,284,False
C4_P02_N2_S3_1.JPG,0,C4_P02,0,896,136,1208,136,312,True
C4_P03_N2_S4_1.JPG,0,C4_P03,2300,1772,2460,2012,160,240,True
C1_P08_N2_S3_1.JPG,0,C1_P08,1584,336,1816,684,232,348,True
C2_P06_N1_S5_1.JPG,0,C2_P06,1028,1136,1160,1336,132,200,False
C2_P06_N2_S4_2.JPG,0,C2_P06,1772,940,1924,1156,152,216,False
C2_P05_N1_S3_1.JPG,0,C2_P05,356,1240,540,1500,184,260,True
C1_P03_N3_S2_1.JPG,0,C1_P03,320,500,544,780,224,280,False
C2_P07_N1_S6_2.JPG,0,C2_P07,124,584,228,736,104,152,False
C1_P04_N3_S2_1.JPG,0,C1_P04,1032,1236,1296,1656,264,420,True
C2_P07_N1_S6_2.JPG,0,C2_P07,256,1292,356,1476,100,184,False
C2_P04_N1_S3_1.JPG,0,C2_P04,288,640,448,888,160,248,False
C3_P06_N3_S3_1.JPG,0,C3_P06,1912,1744,2160,2132,248,388,True
C1_P11_N1_S4_2.JPG,0,C1_P11,368,1400,572,1764,204,364,True
C4_P05_N1_S4_1.JPG,0,C4_P05,2116,672,2292,968,176,296,True
C1_P05_N2_S3_1.JPG,0,C1_P05,340,868,572,1296,232,428,True
C1_P06_N3_S3_1.JPG,0,C1_P06,460,1456,704,1844,244,388,True
C1_P12_N4_S3_1.JPG,0,C1_P12,1468,388,1760,832,292,444,True
C1_P04_N1_S5_1.JPG,0,C1_P04,1168,1144,1332,1392,164,248,True
C3_P07_N1_S4_1.JPG,0,C3_P07,2320,1352,2620,1708,300,356,True
C1_P04_N2_S3_1.JPG,0,C1_P04,3028,400,3184,756,156,356,True
C4_P03_N1_S3_1.JPG,0,C4_P03,2232,232,2420,488,188,256,True
C2_P01_N2_S2_1.JPG,0,C2_P01,16,356,196,592,180,236,True
C1_P06_N2_S3_1.JPG,0,C1_P06,1916,1836,2140,2168,224,332,True
C1_P08_N4_S4_1.JPG,0,C1_P08,2736,340,2956,772,220,432,True
C1_P06_N3_S3_2.JPG,0,C1_P06,1804,1188,2036,1504,232,316,True
C2_P01_N2_S4_1.JPG,0,C2_P01,1024,300,1144,460,120,160,True
C4_P05_N3_S3_1.JPG,0,C4_P05,2140,1308,2348,1628,208,320,True
C2_P08_N1_S3_1.JPG,0,C2_P08,1240,1440,1460,1824,220,384,False
C1_P05_N2_S4_1.JPG,0,C1_P05,2316,1272,2536,1620,220,348,True
C4_P02_N3_S2_1.JPG,0,C4_P02,500,1040,668,1272,168,232,True
C4_P05_N3_S3_1.JPG,0,C4_P05,904,756,1092,1088,188,332,True
C1_P03_N2_S3_1.JPG,0,C1_P03,424,1816,632,2100,208,284,False
C2_P03_N1_S5_1.JPG,0,C2_P03,780,904,932,1132,152,228,True
C4_P06_N4_S3_1.JPG,0,C4_P06,976,220,1164,576,188,356,True
C3_P05_N3_S3_1.JPG,0,C3_P05,476,1784,736,2168,260,384,True
C1_P11_N1_S3_1.JPG,0,C1_P11,2524,1756,2776,2140,252,384,True
C1_P03_N1_S2_2.JPG,0,C1_P03,900,272,1108,552,208,280,False
C4_P07_N1_S4_1.JPG,0,C4_P07,132,556,328,908,196,352,True
C3_P05_N1_S4_1.JPG,0,C3_P05,2640,1476,2808,1792,168,316,True
C4_P05_N3_S3_1.JPG,0,C4_P05,1332,1296,1520,1612,188,316,True
C3_P05_N2_S4_1.JPG,0,C3_P05,600,1936,812,2224,212,288,True
C1_P07_N2_S3_3.JPG,0,C1_P07,124,1032,336,1316,212,284,False
C3_P07_N3_S2_1.JPG,0,C3_P07,60,500,464,992,404,492,True
C3_P02_N3_S3_1.JPG,0,C3_P02,3336,1900,3572,2244,236,344,True
C2_P01_N2_S4_1.JPG,0,C2_P01,1672,1100,1800,1280,128,180,True
C2_P05_N1_S3_1.JPG,0,C2_P05,1104,200,1288,460,184,260,True
C3_P02_N2_S3_1.JPG,0,C3_P02,1616,1076,1872,1472,256,396,True
C1_P03_N1_S4_2.JPG,0,C1_P03,420,192,544,368,124,176,False
C3_P06_N1_S4_1.JPG,0,C3_P06,3296,1900,3476,2288,180,388,True
C4_P04_N1_S4_1.JPG,0,C4_P04,1436,332,1640,644,204,312,True
C1_P06_N1_S3_2.JPG,0,C1_P06,2524,1092,2752,1396,228,304,True
C3_P03_N2_S3_1.JPG,0,C3_P03,1068,1988,1320,2352,252,364,True
C2_P06_N1_S2_1.JPG,0,C2_P06,2136,696,2320,952,184,256,False
C1_P05_N1_S4_1.JPG,0,C1_P05,132,836,372,1152,240,316,True
C2_P01_N1_S3_1.JPG,0,C2_P01,1876,1216,2028,1412,152,196,True
C1_P09_N3_S4_2.JPG,0,C1_P09,1304,80,1476,328,172,248,False
C1_P12_N3_S4_1.JPG,0,C1_P12,68,264,296,640,228,376,True
C4_P06_N1_S4_1.JPG,0,C4_P06,84,728,288,1064,204,336,True
C1_P08_N2_S5_1.JPG,0,C1_P08,1864,756,2032,1012,168,256,True
C1_P08_N2_S4_1.JPG,0,C1_P08,1476,164,1748,520,272,356,True
C3_P04_N1_S4_1.JPG,0,C3_P04,1644,1728,1840,2056,196,328,True
C1_P09_N2_S6_1.JPG,0,C1_P09,808,52,992,352,184,300,False
C1_P10_N1_S4_1.JPG,0,C1_P10,876,736,1036,996,160,260,True
C4_P02_N1_S3_2.JPG,0,C4_P02,424,876,600,1112,176,236,True
C3_P07_N1_S6_1.JPG,0,C3_P07,1772,1804,1940,2088,168,284,True
C3_P04_N2_S3_1.JPG,0,C3_P04,1072,1844,1364,2248,292,404,True
C1_P04_N1_S5_2.JPG,0,C1_P04,1188,824,1328,1040,140,216,True
C3_P01_N2_S2_2.JPG,0,C3_P01,2160,1692,2500,2240,340,548,True
C1_P11_N1_S5_1.JPG,0,C1_P11,984,2048,1152,2324,168,276,True
C3_P06_N1_S5_1.JPG,0,C3_P06,1704,572,1852,900,148,328,True
C3_P05_N2_S4_1.JPG,0,C3_P05,2936,156,3140,480,204,324,True
C4_P03_N1_S3_1.JPG,0,C4_P03,2344,832,2532,1096,188,264,True
C3_P02_N1_S5_1.JPG,0,C3_P02,268,2044,436,2300,168,256,True
C1_P08_N3_S4_1.JPG,0,C1_P08,2092,1416,2312,1760,220,344,True
C2_P05_N1_S5_1.JPG,0,C2_P05,704,904,832,1080,128,176,True
C2_P01_N1_S5_2.JPG,0,C2_P01,1196,632,1292,776,96,144,True
C1_P08_N1_S4_1.JPG,0,C1_P08,1404,100,1632,472,228,372,True
C1_P06_N1_S3_2.JPG,0,C1_P06,1696,1748,1916,2052,220,304,True
C2_P04_N1_S4_1.JPG,0,C2_P04,1616,644,1768,912,152,268,False
C1_P02_N2_S2_1.JPG,0,C1_P02,36,612,380,1196,344,584,True
C4_P08_N2_S4_1.JPG,0,C4_P08,1304,20,1524,332,220,312,False
C3_P03_N4_S2_1.JPG,0,C3_P03,536,1196,816,1700,280,504,True
C1_P09_N4_S4_1.JPG,0,C1_P09,1592,512,1788,788,196,276,False
C2_P01_N1_S5_2.JPG,0,C2_P01,556,1676,672,1812,116,136,True
C4_P04_N2_S2_1.JPG,0,C4_P04,1408,708,1640,1064,232,356,True
C3_P03_N2_S4_1.JPG,0,C3_P03,2076,264,2252,524,176,260,True
C3_P03_N1_S2_1.JPG,0,C3_P03,2868,484,3152,896,284,412,True
C1_P05_N2_S4_2.JPG,0,C1_P05,1996,256,2232,568,236,312,True
C2_P05_N2_S3_1.JPG,0,C2_P05,336,1240,528,1504,192,264,True
C1_P02_N3_S3_1.JPG,0,C1_P02,2488,1112,2788,1592,300,480,True
C3_P06_N3_S3_1.JPG,0,C3_P06,1056,336,1340,788,284,452,True
C3_P03_N1_S4_1.JPG,0,C3_P03,2052,888,2252,1148,200,260,True
C3_P05_N2_S2_1.JPG,0,C3_P05,736,1172,1000,1548,264,376,True
C3_P01_N2_S2_1.JPG,0,C3_P01,336,1520,716,2104,380,584,True
C1_P05_N1_S4_1.JPG,0,C1_P05,2092,212,2300,560,208,348,True
C3_P07_N2_S4_1.JPG,0,C3_P07,812,132,1040,468,228,336,True
C3_P01_N2_S4_1.JPG,0,C3_P01,1164,884,1352,1192,188,308,True
C2_P04_N3_S3_1.JPG,0,C2_P04,1224,172,1408,500,184,328,False
C3_P03_N3_S2_1.JPG,0,C3_P03,828,1512,1136,1948,308,436,True
C2_P06_N2_S4_2.JPG,0,C2_P06,1104,944,1260,1184,156,240,False
C2_P08_N3_S3_1.JPG,0,C2_P08,780,844,980,1204,200,360,False
C2_P06_N1_S3_2.JPG,0,C2_P06,784,656,972,908,188,252,False
C4_P04_N3_S3_1.JPG,0,C4_P04,348,56,572,444,224,388,True
C3_P03_N1_S4_1.JPG,0,C3_P03,1736,1512,1940,1796,204,284,True
C1_P08_N2_S4_2.JPG,0,C1_P08,1148,2040,1364,2348,216,308,True
C4_P04_N2_S4_1.JPG,0,C4_P04,1016,1444,1212,1744,196,300,True
C3_P05_N2_S2_1.JPG,0,C3_P05,1516,464,1772,848,256,384,True
C1_P04_N2_S4_1.JPG,0,C1_P04,436,212,660,532,224,320,True
C3_P02_N3_S3_1.JPG,0,C3_P02,3672,1124,3932,1536,260,412,True
C1_P08_N4_S4_1.JPG,0,C1_P08,156,2156,376,2428,220,272,True
C4_P05_N5_S2_1.JPG,0,C4_P05,908,248,1104,612,196,364,True
C3_P05_N1_S2_1.JPG,0,C3_P05,548,476,832,844,284,368,True
C1_P06_N3_S3_1.JPG,0,C1_P06,984,116,1204,424,220,308,True
C3_P03_N3_S3_1.JPG,0,C3_P03,2008,208,2264,564,256,356,True
C2_P05_N1_S5_1.JPG,0,C2_P05,928,1252,1036,1428,108,176,True
C3_P01_N1_S2_2.JPG,0,C3_P01,1272,500,1652,1064,380,564,True
C3_P02_N2_S4_1.JPG,0,C3_P02,2104,224,2316,540,212,316,True
C1_P05_N4_S3_1.JPG,0,C1_P05,2484,260,2696,620,212,360,True
C4_P07_N3_S3_1.JPG,0,C4_P07,1268,272,1448,576,180,304,True
C3_P03_N2_S4_1.JPG,0,C3_P03,728,2012,912,2328,184,316,True
C3_P04_N3_S2_1.JPG,0,C3_P04,2468,1644,2836,2172,368,528,True
C3_P06_N1_S4_1.JPG,0,C3_P06,792,1356,1000,1684,208,328,True
C1_P04_N2_S4_1.JPG,0,C1_P04,1652,208,1852,544,200,336,True
C2_P05_N2_S4_1.JPG,0,C2_P05,1092,1068,1232,1292,140,224,True
C2_P04_N1_S3_1.JPG,0,C2_P04,1976,268,2136,508,160,240,False
C2_P06_N3_S3_1.JPG,0,C2_P06,292,1076,456,1288,164,212,False
C4_P07_N1_S3_2.JPG,0,C4_P07,272,1432,452,1760,180,328,True
C3_P06_N1_S5_1.JPG,0,C3_P06,2488,1068,2640,1392,152,324,True
C2_P01_N2_S2_1.JPG,0,C2_P01,1324,976,1496,1220,172,244,True
C4_P08_N2_S2_1.JPG,0,C4_P08,1028,288,1276,636,248,348,False
C1_P08_N3_S4_1.JPG,0,C1_P08,2092,860,2316,1200,224,340,True
C4_P02_N1_S3_1.JPG,0,C4_P02,1688,232,1856,460,168,228,True
C1_P09_N4_S3_1.JPG,0,C1_P09,1280,464,1444,708,164,244,False
C2_P05_N2_S4_1.JPG,0,C2_P05,176,116,344,344,168,228,True
C1_P03_N1_S3_2.JPG,0,C1_P03,916,276,1092,496,176,220,False
C3_P06_N1_S3_1.JPG,0,C3_P06,1948,1136,2140,1536,192,400,True
C2_P01_N4_S2_1.JPG,0,C2_P01,36,856,212,1104,176,248,True
C4_P04_N2_S3_1.JPG,0,C4_P04,1460,712,1668,1048,208,336,True
C2_P04_N2_S4_1.JPG,0,C2_P04,1444,1108,1596,1344,152,236,False
C3_P03_N1_S4_1.JPG,0,C3_P03,1352,1500,1556,1784,204,284,True
C2_P01_N2_S3_2.JPG,0,C2_P01,2024,280,2184,468,160,188,True
C2_P01_N1_S5_2.JPG,0,C2_P01,712,616,808,760,96,144,True
C1_P11_N2_S4_2.JPG,0,C1_P11,292,1872,520,2252,228,380,True
C3_P06_N2_S3_2.JPG,0,C3_P06,248,412,476,816,228,404,True
C4_P04_N2_S4_1.JPG,0,C4_P04,1820,512,2028,844,208,332,True
C1_P04_N4_S2_1.JPG,0,C1_P04,148,996,424,1440,276,444,True
C2_P03_N1_S4_1.JPG,0,C2_P03,492,596,696,908,204,312,True
C3_P07_N1_S3_1.JPG,0,C3_P07,3356,352,3596,716,240,364,True
C2_P04_N1_S2_1.JPG,0,C2_P04,8,280,196,556,188,276,False
C1_P02_N2_S4_1.JPG,0,C1_P02,1724,760,1908,1136,184,376,True
C3_P05_N3_S2_1.JPG,0,C3_P05,380,388,672,900,292,512,True
C4_P06_N1_S3_1.JPG,0,C4_P06,848,1520,1048,1840,200,320,True
C4_P07_N2_S4_1.JPG,0,C4_P07,2436,1688,2608,1960,172,272,True
C1_P07_N1_S3_2.JPG,0,C1_P07,2644,2004,2848,2284,204,280,False
C1_P07_N2_S3_3.JPG,0,C1_P07,2648,992,2860,1276,212,284,False
C1_P12_N2_S5_1.JPG,0,C1_P12,556,1232,724,1488,168,256,True
C2_P05_N2_S4_1.JPG,0,C2_P05,1224,1048,1404,1292,180,244,True
C3_P03_N1_S4_1.JPG,0,C3_P03,2132,2108,2352,2428,220,320,True
C1_P08_N2_S3_1.JPG,0,C1_P08,1992,300,2204,696,212,396,True
C1_P08_N3_S4_2.JPG,0,C1_P08,548,2028,752,2340,204,312,True
C1_P02_N2_S3_1.JPG,0,C1_P02,252,1024,588,1496,336,472,True
C2_P06_N3_S4_1.JPG,0,C2_P06,564,1068,724,1312,160,244,False
C3_P01_N1_S4_1.JPG,0,C3_P01,736,760,964,1092,228,332,True
C3_P07_N5_S2_1.JPG,0,C3_P07,3404,412,3780,1004,376,592,True
C4_P07_N1_S3_2.JPG,0,C4_P07,1004,908,1208,1212,204,304,True
C3_P04_N2_S4_1.JPG,0,C3_P04,852,56,1084,456,232,400,True
C3_P03_N2_S2_1.JPG,0,C3_P03,180,1560,484,2008,304,448,True
C3_P05_N2_S4_1.JPG,0,C3_P05,2276,152,2480,476,204,324,True
C2_P09_N1_S7_1.JPG,0,C2_P09,548,660,648,816,100,156,False
C2_P05_N2_S5_1.JPG,0,C2_P05,148,52,260,216,112,164,True
C2_P07_N1_S6_2.JPG,0,C2_P07,792,1084,896,1232,104,148,False
C1_P10_N1_S4_1.JPG,0,C1_P10,696,744,856,1004,160,260,True
C1_P05_N4_S3_1.JPG,0,C1_P05,2684,1456,2900,1820,216,364,True
C1_P08_N3_S3_1.JPG,0,C1_P08,2696,880,2896,1260,200,380,True
C1_P08_N4_S3_1.JPG,0,C1_P08,2968,916,3204,1288,236,372,True
C2_P06_N2_S4_2.JPG,0,C2_P06,1740,1344,1884,1552,144,208,False
C2_P09_N1_S7_2.JPG,0,C2_P09,32,28,128,212,96,184,False
C2_P01_N1_S5_1.JPG,0,C2_P01,620,1652,724,1796,104,144,True
C1_P08_N2_S4_1.JPG,0,C1_P08,120,1996,356,2404,236,408,True
C1_P02_N1_S5_1.JPG,0,C1_P02,328,544,524,848,196,304,True
C1_P05_N1_S4_1.JPG,0,C1_P05,148,236,368,564,220,328,True
C2_P07_N2_S3_1.JPG,0,C2_P07,32,1180,224,1460,192,280,False
C3_P06_N3_S4_1.JPG,0,C3_P06,2920,1352,3120,1732,200,380,True
C1_P04_N1_S4_1.JPG,0,C1_P04,1016,1376,1220,1700,204,324,True
C1_P05_N2_S3_1.JPG,0,C1_P05,2292,308,2556,640,264,332,True
C4_P05_N2_S4_1.JPG,0,C4_P05,228,1624,428,1936,200,312,True
C3_P03_N2_S4_1.JPG,0,C3_P03,2116,2052,2296,2308,180,256,True
C4_P08_N1_S4_1.JPG,0,C4_P08,1056,1732,1248,2032,192,300,False
C2_P09_N1_S7_2.JPG,0,C2_P09,992,852,1084,988,92,136,False
C1_P09_N4_S3_1.JPG,0,C1_P09,824,84,1012,380,188,296,False
C3_P02_N3_S3_1.JPG,0,C3_P02,2596,308,2860,748,264,440,True
C3_P01_N2_S4_1.JPG,0,C3_P01,504,216,712,556,208,340,True
C2_P05_N3_S3_2.JPG,0,C2_P05,1848,236,2032,480,184,244,True
C4_P03_N2_S3_2.JPG,0,C4_P03,928,904,1120,1168,192,264,True
C2_P05_N1_S3_1.JPG,0,C2_P05,932,156,1116,452,184,296,True
C1_P09_N3_S4_1.JPG,0,C1_P09,1912,900,2100,1156,188,256,False
C3_P07_N1_S4_1.JPG,0,C3_P07,648,740,864,1064,216,324,True
C1_P05_N3_S3_1.JPG,0,C1_P05,120,1524,356,1924,236,400,True
C3_P01_N1_S4_1.JPG,0,C3_P01,1452,768,1636,1116,184,348,True
C2_P05_N2_S3_1.JPG,0,C2_P05,1836,1228,2028,1552,192,324,True
C2_P04_N2_S2_1.JPG,0,C2_P04,2112,708,2284,972,172,264,False
C3_P07_N2_S4_1.JPG,0,C3_P07,972,2000,1152,2228,180,228,True
C3_P03_N2_S4_1.JPG,0,C3_P03,340,228,548,484,208,256,True
C2_P04_N1_S4_1.JPG,0,C2_P04,336,160,512,420,176,260,False
C3_P02_N2_S2_2.JPG,0,C3_P02,3384,1332,3660,1712,276,380,True
C4_P05_N1_S4_1.JPG,0,C4_P05,1496,1172,1708,1444,212,272,True
C3_P03_N2_S4_1.JPG,0,C3_P03,340,2012,524,2312,184,300,True
C1_P11_N1_S4_1.JPG,0,C1_P11,1024,2080,1264,2447,240,367,True
C2_P04_N1_S4_1.JPG,0,C2_P04,356,1080,520,1320,164,240,False
C1_P05_N1_S5_1.JPG,0,C1_P05,864,652,1056,916,192,264,True
C3_P05_N2_S4_1.JPG,0,C3_P05,744,132,960,456,216,324,True
C4_P08_N2_S4_1.JPG,0,C4_P08,864,1736,1072,2044,208,308,False
C2_P03_N1_S2_1.JPG,0,C2_P03,2152,456,2440,924,288,468,True
C3_P03_N1_S4_1.JPG,0,C3_P03,2340,1452,2524,1784,184,332,True
C4_P08_N1_S5_2.JPG,0,C4_P08,1572,1404,1708,1636,136,232,False
C4_P07_N2_S4_1.JPG,0,C4_P07,1648,1216,1816,1484,168,268,True
C2_P08_N3_S3_2.JPG,0,C2_P08,592,684,764,1012,172,328,False
C2_P03_N4_S2_1.JPG,0,C2_P03,248,264,540,800,292,536,True
C4_P07_N2_S4_1.JPG,0,C4_P07,1836,1204,1992,1492,156,288,True
C1_P08_N2_S4_2.JPG,0,C1_P08,1720,968,1952,1280,232,312,True
C2_P01_N1_S5_2.JPG,0,C2_P01,404,612,500,756,96,144,True
C2_P09_N1_S7_1.JPG,0,C2_P09,1624,420,1736,580,112,160,False
C1_P02_N2_S4_1.JPG,0,C1_P02,944,768,1180,1120,236,352,True
C1_P04_N2_S3_1.JPG,0,C1_P04,2972,1756,3188,2088,216,332,True
C3_P02_N3_S2_1.JPG,0,C3_P02,3524,1380,3840,1840,316,460,True
C4_P05_N3_S3_1.JPG,0,C4_P05,1124,244,1320,556,196,312,True
C2_P04_N2_S4_1.JPG,0,C2_P04,1452,656,1620,912,168,256,False
C1_P03_N1_S3_1.JPG,0,C1_P03,544,1652,728,1924,184,272,False
C2_P01_N1_S4_1.JPG,0,C2_P01,1628,600,1748,768,120,168,True
C4_P02_N2_S3_1.JPG,0,C4_P02,1360,1620,1532,1864,172,244,True
C2_P09_N1_S7_2.JPG,0,C2_P09,1072,1104,1168,1240,96,136,False
C1_P04_N1_S3_2.JPG,0,C1_P04,1912,1620,2128,2008,216,388,True
C1_P06_N3_S3_2.JPG,0,C1_P06,936,504,1168,836,232,332,True
C1_P11_N1_S3_2.JPG,0,C1_P11,2856,1048,3080,1372,224,324,True
C3_P01_N1_S5_1.JPG,0,C3_P01,992,808,1124,1092,132,284,True
C3_P03_N2_S4_1.JPG,0,C3_P03,1944,1428,2112,1748,168,320,True
C2_P08_N1_S6_2.JPG,0,C2_P08,688,148,804,316,116,168,False
C1_P12_N1_S4_1.JPG,0,C1_P12,316,200,532,496,216,296,True
C1_P05_N2_S3_1.JPG,0,C1_P05,2308,1548,2540,1908,232,360,True
C3_P06_N1_S5_1.JPG,0,C3_P06,468,1560,644,1852,176,292,True
C1_P12_N2_S3_1.JPG,0,C1_P12,396,444,652,820,256,376,True
C3_P01_N1_S3_1.JPG,0,C3_P01,232,328,480,676,248,348,True
C1_P12_N1_S4_1.JPG,0,C1_P12,960,1980,1176,2328,216,348,True
C1_P06_N3_S3_2.JPG,0,C1_P06,1352,516,1584,848,232,332,True
C1_P02_N1_S3_1.JPG,0,C1_P02,408,120,692,596,284,476,True
C4_P04_N1_S3_1.JPG,0,C4_P04,1872,1364,2096,1692,224,328,True
C2_P02_N2_S4_1.JPG,0,C2_P02,116,672,284,940,168,268,True
C2_P07_N1_S3_1.JPG,0,C2_P07,340,616,508,932,168,316,False
C1_P06_N1_S3_1.JPG,0,C1_P06,656,1820,888,2140,232,320,True
C1_P12_N1_S2_1.JPG,0,C1_P12,1532,544,1828,1000,296,456,True
C1_P10_N2_S3_1.JPG,0,C1_P10,2092,1776,2352,2152,260,376,True
C2_P04_N1_S4_1.JPG,0,C2_P04,1136,180,1296,444,160,264,False
C3_P06_N1_S4_1.JPG,0,C3_P06,600,1872,804,2212,204,340,True
C4_P07_N2_S3_1.JPG,0,C4_P07,532,204,732,564,200,360,True
C4_P02_N4_S3_1.JPG,0,C4_P02,2208,1568,2388,1784,180,216,True
C3_P03_N3_S3_1.JPG,0,C3_P03,2764,220,3020,576,256,356,True
C2_P01_N1_S5_2.JPG,0,C2_P01,1448,1300,1564,1452,116,152,True
C1_P05_N2_S4_1.JPG,0,C1_P05,2976,1252,3196,1600,220,348,True
C4_P04_N2_S4_1.JPG,0,C4_P04,1448,556,1656,852,208,296,True
C2_P07_N1_S3_1.JPG,0,C2_P07,344,136,540,452,196,316,False
C1_P03_N1_S4_2.JPG,0,C1_P03,1792,1648,1932,1856,140,208,False
C4_P05_N2_S4_1.JPG,0,C4_P05,1732,180,1924,480,192,300,True
C4_P04_N3_S3_1.JPG,0,C4_P04,756,556,992,948,236,392,True
C1_P11_N2_S4_2.JPG,0,C1_P11,212,1328,468,1672,256,344,True
C2_P06_N2_S4_2.JPG,0,C2_P06,1240,936,1396,1176,156,240,False
C3_P05_N1_S5_1.JPG,0,C3_P05,868,2084,1024,2312,156,228,True
C1_P12_N2_S4_1.JPG,0,C1_P12,1204,892,1404,1224,200,332,True
C1_P05_N3_S3_1.JPG,0,C1_P05,2948,904,3184,1256,236,352,True
C2_P08_N2_S3_2.JPG,0,C2_P08,1184,1284,1372,1592,188,308,False
C2_P07_N2_S3_1.JPG,0,C2_P07,364,1176,556,1456,192,280,False
C2_P06_N3_S4_1.JPG,0,C2_P06,144,1504,304,1748,160,244,False
C4_P07_N2_S4_1.JPG,0,C4_P07,2288,200,2472,460,184,260,True
C2_P02_N1_S3_1.JPG,0,C2_P02,560,304,772,632,212,328,True
C4_P08_N3_S3_1.JPG,0,C4_P08,1980,928,2212,1240,232,312,False
C1_P02_N1_S4_1.JPG,0,C1_P02,2420,2012,2652,2396,232,384,True
C2_P09_N1_S7_2.JPG,0,C2_P09,1168,96,1272,260,104,164,False
C1_P05_N2_S4_2.JPG,0,C1_P05,1392,1428,1608,1776,216,348,True
C1_P08_N2_S4_1.JPG,0,C1_P08,3008,164,3196,548,188,384,True
C1_P04_N2_S4_1.JPG,0,C1_P04,2472,192,2672,528,200,336,True
C4_P07_N2_S3_1.JPG,0,C4_P07,368,1360,552,1636,184,276,True
C1_P10_N1_S5_1.JPG,0,C1_P10,724,2004,880,2284,156,280,True
C1_P02_N4_S2_1.JPG,0,C1_P02,1132,552,1492,1124,360,572,True
C2_P05_N2_S3_1.JPG,0,C2_P05,912,1260,1112,1524,200,264,True
C4_P07_N2_S4_1.JPG,0,C4_P07,1476,212,1656,476,180,264,True
C1_P05_N1_S4_3.JPG,0,C1_P05,1060,1464,1276,1816,216,352,True
C1_P02_N1_S3_1.JPG,0,C1_P02,596,1840,916,2352,320,512,True
C2_P04_N1_S4_1.JPG,0,C2_P04,180,160,356,420,176,260,False
C4_P05_N1_S4_1.JPG,0,C4_P05,1160,96,1360,372,200,276,True
C1_P04_N2_S3_1.JPG,0,C1_P04,1092,1080,1296,1420,204,340,True
C1_P12_N4_S2_1.JPG,0,C1_P12,1144,484,1492,1004,348,520,True
C3_P05_N2_S3_1.JPG,0,C3_P05,1136,432,1368,804,232,372,True
C4_P02_N1_S3_1.JPG,0,C4_P02,2124,864,2304,1116,180,252,True
C2_P08_N3_S3_1.JPG,0,C2_P08,292,260,544,624,252,364,False
C2_P01_N3_S3_1.JPG,0,C2_P01,152,72,312,292,160,220,True
C3_P05_N2_S4_1.JPG,0,C3_P05,1812,1332,2028,1636,216,304,True
C2_P05_N1_S3_1.JPG,0,C2_P05,212,692,396,952,184,260,True
C3_P06_N3_S3_1.JPG,0,C3_P06,1380,1756,1628,2116,248,360,True
C1_P06_N1_S5_1.JPG,0,C1_P06,1524,1136,1680,1352,156,216,True
C1_P07_N2_S3_1.JPG,0,C1_P07,2228,1080,2432,1376,204,296,False
C3_P06_N1_S5_1.JPG,0,C3_P06,1000,2048,1184,2320,184,272,True
C4_P08_N3_S3_1.JPG,0,C4_P08,2648,268,2816,656,168,388,False
C1_P02_N2_S2_1.JPG,0,C1_P02,2080,660,2340,1244,260,584,True
C2_P08_N3_S3_2.JPG,0,C2_P08,576,204,756,500,180,296,False
C3_P01_N1_S5_1.JPG,0,C3_P01,1140,812,1272,1096,132,284,True
C1_P04_N1_S3_1.JPG,0,C1_P04,1440,460,1648,844,208,384,True
C1_P08_N2_S3_1.JPG,0,C1_P08,1136,316,1368,664,232,348,True
C3_P06_N1_S3_1.JPG,0,C3_P06,1452,568,1664,896,212,328,True
C2_P08_N1_S3_2.JPG,0,C2_P08,1032,848,1228,1140,196,292,False
C4_P02_N2_S3_1.JPG,0,C4_P02,1020,1612,1192,1856,172,244,True
C3_P06_N2_S3_2.JPG,0,C3_P06,1000,1688,1256,2072,256,384,True
C2_P02_N2_S4_1.JPG,0,C2_P02,1252,1532,1416,1796,164,264,True
C1_P08_N3_S3_1.JPG,0,C1_P08,2128,324,2380,688,252,364,True
C2_P08_N4_S3_1.JPG,0,C2_P08,1352,228,1560,572,208,344,False
C2_P05_N2_S4_1.JPG,0,C2_P05,1692,652,1860,880,168,228,True
C4_P04_N1_S2_1.JPG,0,C4_P04,496,512,732,860,236,348,True
C2_P01_N1_S5_2.JPG,0,C2_P01,1264,260,1360,404,96,144,True
C2_P01_N1_S4_1.JPG,0,C2_P01,1052,180,1172,356,120,176,True
C3_P07_N1_S6_1.JPG,0,C3_P07,504,788,680,1036,176,248,True
C2_P09_N1_S7_1.JPG,0,C2_P09,652,1432,740,1572,88,140,False
C2_P07_N2_S4_1.JPG,0,C2_P07,0,64,124,336,124,272,False
C4_P08_N3_S3_1.JPG,0,C4_P08,520,240,772,628,252,388,False
C2_P08_N3_S3_2.JPG,0,C2_P08,368,196,548,492,180,296,False
C4_P08_N2_S2_1.JPG,0,C4_P08,2544,312,2792,660,248,348,False
C2_P04_N3_S3_1.JPG,0,C2_P04,180,192,364,468,184,276,False
C4_P05_N2_S2_1.JPG,0,C4_P05,2300,844,2500,1180,200,336,True
C1_P04_N1_S3_2.JPG,0,C1_P04,380,972,600,1308,220,336,True
C4_P07_N1_S3_1.JPG,0,C4_P07,1436,392,1628,700,192,308,True
C2_P04_N2_S2_1.JPG,0,C2_P04,2008,260,2208,536,200,276,False
C2_P01_N2_S2_1.JPG,0,C2_P01,888,360,1068,596,180,236,True
C4_P07_N2_S4_1.JPG,0,C4_P07,2316,700,2476,964,160,264,True
C3_P03_N1_S5_1.JPG,0,C3_P03,708,1672,860,1904,152,232,True
C1_P04_N1_S3_2.JPG,0,C1_P04,1932,264,2140,616,208,352,True
C3_P04_N1_S3_1.JPG,0,C3_P04,512,1828,800,2316,288,488,True
C2_P09_N1_S7_1.JPG,0,C2_P09,1600,948,1712,1088,112,140,False
C1_P02_N2_S4_1.JPG,0,C1_P02,476,68,716,452,240,384,True
C1_P01_N4_S2_1.JPG,0,C1_P01,596,124,1008,876,412,752,True
C4_P08_N2_S2_1.JPG,0,C4_P08,88,900,320,1232,232,332,False
C1_P11_N1_S4_2.JPG,0,C1_P11,2764,1904,2944,2184,180,280,True
C4_P02_N1_S3_1.JPG,0,C4_P02,552,860,708,1092,156,232,True
C3_P07_N2_S4_1.JPG,0,C3_P07,748,1448,944,1704,196,256,True
C1_P03_N1_S4_2.JPG,0,C1_P03,1256,1604,1384,1828,128,224,False
C3_P04_N2_S3_1.JPG,0,C3_P04,3092,296,3416,784,324,488,True
C1_P11_N1_S3_1.JPG,0,C1_P11,1460,1136,1716,1508,256,372,True
C1_P06_N1_S4_2.JPG,0,C1_P06,2096,2056,2304,2352,208,296,True
C1_P09_N2_S6_1.JPG,0,C1_P09,1332,492,1508,756,176,264,False
C2_P06_N1_S5_1.JPG,0,C2_P06,804,808,932,972,128,164,False
C4_P02_N1_S3_1.JPG,0,C4_P02,1844,232,2024,460,180,228,True
C1_P04_N1_S3_2.JPG,0,C1_P04,2584,988,2800,1332,216,344,True
C4_P07_N3_S3_2.JPG,0,C4_P07,1452,1292,1636,1608,184,316,True
C3_P02_N4_S2_1.JPG,0,C3_P02,1340,1424,1632,1816,292,392,True
C4_P05_N1_S4_1.JPG,0,C4_P05,2224,1676,2448,1984,224,308,True
C3_P01_N2_S2_1.JPG,0,C3_P01,2264,416,2588,1044,324,628,True
C2_P05_N3_S3_2.JPG,0,C2_P05,920,724,1104,968,184,244,True
C4_P08_N3_S3_1.JPG,0,C4_P08,320,1468,540,1868,220,400,False
C2_P01_N1_S4_1.JPG,0,C2_P01,464,992,584,1156,120,164,True
C3_P02_N3_S3_1.JPG,0,C3_P02,3588,1908,3824,2252,236,344,True
C2_P05_N3_S3_1.JPG,0,C2_P05,1592,1256,1796,1560,204,304,True
C2_P01_N1_S4_1.JPG,0,C2_P01,740,1392,860,1560,120,168,True
C1_P09_N1_S2_1.JPG,0,C1_P09,1064,572,1220,824,156,252,False
C1_P04_N2_S4_1.JPG,0,C1_P04,2432,2060,2628,2384,196,324,True
C1_P12_N1_S5_1.JPG,0,C1_P12,932,740,1104,992,172,252,True
C1_P05_N1_S3_1.JPG,0,C1_P05,624,1284,860,1596,236,312,True
C2_P08_N2_S3_1.JPG,0,C2_P08,1648,1424,1868,1768,220,344,False
C3_P02_N1_S4_1.JPG,0,C3_P02,2124,292,2324,580,200,288,True
C1_P05_N1_S3_1.JPG,0,C1_P05,1656,644,1884,1004,228,360,True
C2_P01_N2_S3_2.JPG,0,C2_P01,408,1244,548,1464,140,220,True
C3_P07_N1_S3_1.JPG,0,C3_P07,2536,1880,2772,2232,236,352,True
C3_P04_N1_S4_1.JPG,0,C3_P04,488,1784,684,2092,196,308,True
C2_P02_N1_S2_1.JPG,0,C2_P02,520,504,760,848,240,344,True
C2_P06_N3_S4_1.JPG,0,C2_P06,1248,1084,1408,1328,160,244,False
C1_P12_N3_S4_1.JPG,0,C1_P12,520,304,748,656,228,352,True
C4_P08_N1_S4_1.JPG,0,C4_P08,464,1216,664,1500,200,284,False
C3_P06_N3_S4_2.JPG,0,C3_P06,1352,1964,1568,2276,216,312,True
C1_P10_N1_S5_1.JPG,0,C1_P10,1272,1100,1428,1328,156,228,True
C3_P07_N1_S2_1.JPG,0,C3_P07,3164,484,3508,976,344,492,True
C1_P08_N4_S4_1.JPG,0,C1_P08,812,896,1052,1312,240,416,True
C2_P01_N1_S5_1.JPG,0,C2_P01,524,956,636,1112,112,156,True
C2_P05_N2_S5_1.JPG,0,C2_P05,428,1312,536,1468,108,156,True
C2_P06_N3_S3_1.JPG,0,C2_P06,1996,620,2148,832,152,212,False
C3_P07_N2_S4_1.JPG,0,C3_P07,2808,168,3036,504,228,336,True
C2_P01_N2_S4_1.JPG,0,C2_P01,144,692,264,868,120,176,True
C3_P07_N1_S6_1.JPG,0,C3_P07,468,220,644,480,176,260,True
C4_P02_N2_S4_1.JPG,0,C4_P02,1592,616,1756,856,164,240,True
C4_P02_N2_S3_1.JPG,0,C4_P02,500,332,664,560,164,228,True
C1_P07_N2_S3_3.JPG,0,C1_P07,876,1604,1084,1940,208,336,False
C2_P08_N3_S3_2.JPG,0,C2_P08,1536,168,1716,464,180,296,False
C2_P07_N2_S2_1.JPG,0,C2_P07,960,1012,1204,1400,244,388,False
C2_P09_N1_S7_1.JPG,0,C2_P09,1364,952,1464,1092,100,140,False
C3_P02_N1_S4_1.JPG,0,C3_P02,680,2060,880,2400,200,340,True
C3_P06_N3_S4_2.JPG,0,C3_P06,3236,844,3412,1232,176,388,True
C3_P06_N4_S3_1.JPG,0,C3_P06,1900,424,2180,924,280,500,True
C1_P08_N3_S4_1.JPG,0,C1_P08,80,1388,340,1820,260,432,True
C2_P02_N2_S2_1.JPG,0,C2_P02,1364,308,1600,640,236,332,True
C1_P04_N1_S5_1.JPG,0,C1_P04,544,108,680,364,136,256,True
C3_P05_N3_S2_1.JPG,0,C3_P05,3148,1204,3420,1596,272,392,True
C4_P06_N2_S3_1.JPG,0,C4_P06,1920,836,2120,1148,200,312,True
C1_P02_N1_S2_1.JPG,0,C1_P02,884,424,1236,1032,352,608,True
C1_P03_N1_S2_1.JPG,0,C1_P03,1428,376,1644,668,216,292,False
C1_P06_N1_S3_2.JPG,0,C1_P06,444,1736,684,2068,240,332,True
C3_P04_N2_S2_1.JPG,0,C3_P04,3792,496,4212,1112,420,616,True
C4_P02_N1_S3_1.JPG,0,C4_P02,2200,232,2380,460,180,228,True
C1_P12_N1_S3_1.JPG,0,C1_P12,172,280,420,656,248,376,True
C3_P06_N1_S3_2.JPG,0,C3_P06,1484,1700,1732,2100,248,400,True
C2_P05_N2_S5_1.JPG,0,C2_P05,1080,68,1192,232,112,164,True
C2_P04_N3_S3_1.JPG,0,C2_P04,2012,752,2200,1024,188,272,False
C4_P07_N1_S5_1.JPG,0,C4_P07,1868,1776,2020,2024,152,248,True
C2_P01_N1_S5_2.JPG,0,C2_P01,64,944,176,1112,112,168,True
C3_P04_N1_S5_1.JPG,0,C3_P04,172,1040,344,1296,172,256,True
C2_P06_N1_S5_1.JPG,0,C2_P06,648,460,776,624,128,164,False
C1_P08_N1_S4_1.JPG,0,C1_P08,104,2024,348,2432,244,408,True
C4_P07_N2_S3_1.JPG,0,C4_P07,184,1364,368,1640,184,276,True
C1_P06_N3_S3_2.JPG,0,C1_P06,2204,1828,2436,2172,232,344,True
C2_P08_N1_S3_1.JPG,0,C2_P08,332,184,576,548,244,364,False
C1_P04_N2_S3_1.JPG,0,C1_P04,1072,1744,1288,2096,216,352,True
C1_P04_N1_S3_2.JPG,0,C1_P04,1024,1660,1252,1996,228,336,True
C3_P05_N1_S4_1.JPG,0,C3_P05,1448,376,1632,648,184,272,True
C2_P01_N1_S5_2.JPG,0,C2_P01,1136,968,1236,1124,100,156,True
C2_P04_N2_S4_1.JPG,0,C2_P04,368,648,528,900,160,252,False
C2_P01_N1_S5_1.JPG,0,C2_P01,1192,968,1304,1108,112,140,True
C1_P05_N2_S3_1.JPG,0,C1_P05,348,1528,580,1920,232,392,True
C2_P09_N1_S7_1.JPG,0,C2_P09,736,924,836,1080,100,156,False
C3_P05_N1_S2_1.JPG,0,C3_P05,748,1268,984,1616,236,348,True
C4_P02_N1_S3_1.JPG,0,C4_P02,712,868,876,1100,164,232,True
C4_P04_N1_S5_1.JPG,0,C4_P04,1300,1280,1472,1584,172,304,True
C2_P04_N2_S3_1.JPG,0,C2_P04,512,640,696,900,184,260,False
C3_P06_N1_S4_1.JPG,0,C3_P06,412,1860,600,2200,188,340,True
C4_P08_N2_S3_2.JPG,0,C4_P08,2276,1428,2496,1796,220,368,False
C4_P08_N2_S4_1.JPG,0,C4_P08,428,640,632,924,204,284,False
C4_P04_N2_S4_1.JPG,0,C4_P04,2020,132,2228,416,208,284,True
C1_P04_N1_S4_1.JPG,0,C1_P04,224,744,420,1068,196,324,True
C1_P01_N1_S2_2.JPG,0,C1_P01,1840,1568,2340,2316,500,748,True
C2_P08_N1_S3_1.JPG,0,C2_P08,1508,196,1752,560,244,364,False
C2_P04_N1_S5_1.JPG,0,C2_P04,840,904,960,1100,120,196,False
C3_P05_N3_S3_1.JPG,0,C3_P05,3668,404,3904,844,236,440,True
C2_P06_N3_S3_1.JPG,0,C2_P06,976,124,1152,356,176,232,False
C1_P05_N1_S4_2.JPG,0,C1_P05,1680,76,1904,424,224,348,True
C1_P09_N1_S5_2.JPG,0,C1_P09,1832,692,1996,960,164,268,False
C4_P04_N3_S3_1.JPG,0,C4_P04,1864,1120,2100,1452,236,332,True
C1_P05_N3_S4_1.JPG,0,C1_P05,2716,720,2936,1060,220,340,True
C4_P05_N1_S2_1.JPG,0,C4_P05,92,988,296,1308,204,320,True
C2_P02_N2_S2_1.JPG,0,C2_P02,908,232,1148,632,240,400,True
C3_P01_N1_S5_1.JPG,0,C3_P01,572,1764,732,2016,160,252,True
C1_P11_N1_S5_1.JPG,0,C1_P11,1168,776,1360,1032,192,256,True
C3_P01_N1_S4_1.JPG,0,C3_P01,1520,1936,1744,2260,224,324,True
C3_P06_N3_S3_1.JPG,0,C3_P06,1620,328,1904,780,284,452,True
C2_P06_N2_S4_1.JPG,0,C2_P06,1704,1536,1860,1764,156,228,False
C1_P05_N1_S4_1.JPG,0,C1_P05,588,244,808,572,220,328,True
C1_P04_N1_S4_1.JPG,0,C1_P04,2832,724,3032,1036,200,312,True
C4_P07_N1_S5_1.JPG,0,C4_P07,340,1804,496,2064,156,260,True
C2_P07_N1_S4_1.JPG,0,C2_P07,1244,152,1400,384,156,232,False
C4_P04_N1_S3_1.JPG,0,C4_P04,1656,480,1876,792,220,312,True
C4_P04_N2_S3_1.JPG,0,C4_P04,2340,220,2552,576,212,356,True
C1_P02_N1_S4_1.JPG,0,C1_P02,2064,180,2280,520,216,340,True
C1_P10_N2_S4_1.JPG,0,C1_P10,652,368,848,612,196,244,True
C4_P04_N1_S3_1.JPG,0,C4_P04,984,1372,1208,1736,224,364,True
C2_P04_N1_S5_1.JPG,0,C2_P04,792,1528,928,1704,136,176,False
C3_P05_N2_S3_1.JPG,0,C3_P05,2780,1772,2996,2104,216,332,True
C4_P04_N2_S3_1.JPG,0,C4_P04,2316,712,2548,1036,232,324,True
C4_P01_N2_S4_1.JPG,0,C4_P01,1540,76,1724,336,184,260,True
C1_P08_N3_S3_1.JPG,0,C1_P08,372,1540,584,1904,212,364,True
C3_P03_N3_S2_1.JPG,0,C3_P03,132,1464,472,1964,340,500,True
C1_P06_N1_S5_1.JPG,0,C1_P06,1024,1140,1180,1356,156,216,True
C1_P05_N2_S4_2.JPG,0,C1_P05,136,1988,352,2352,216,364,True
C4_P01_N3_S3_1.JPG,0,C4_P01,1092,972,1280,1292,188,320,True
C2_P06_N2_S3_1.JPG,0,C2_P06,1764,1140,1932,1392,168,252,False
C2_P05_N2_S5_1.JPG,0,C2_P05,1144,1312,1256,1468,112,156,True
C3_P06_N1_S5_1.JPG,0,C3_P06,612,624,776,920,164,296,True
C2_P05_N1_S5_1.JPG,0,C2_P05,1264,908,1392,1084,128,176,True
C1_P11_N1_S5_1.JPG,0,C1_P11,1768,1600,1936,1872,168,272,True
C4_P02_N1_S3_2.JPG,0,C4_P02,1408,236,1580,460,172,224,True
C4_P08_N1_S5_2.JPG,0,C4_P08,228,1756,364,1968,136,212,False
C3_P07_N1_S6_1.JPG,0,C3_P07,1948,1240,2164,1564,216,324,True
C3_P05_N2_S3_1.JPG,0,C3_P05,2612,424,2844,796,232,372,True
C2_P05_N3_S3_1.JPG,0,C2_P05,464,68,672,372,208,304,True
C1_P10_N1_S4_1.JPG,0,C1_P10,1536,1292,1700,1540,164,248,True
C3_P01_N2_S3_1.JPG,0,C3_P01,456,1072,712,1476,256,404,True
C2_P04_N2_S4_1.JPG,0,C2_P04,1872,1104,2024,1340,152,236,False
C2_P05_N1_S3_1.JPG,0,C2_P05,376,704,560,964,184,260,True
C4_P07_N2_S3_1.JPG,0,C4_P07,2336,240,2544,544,208,304,True
C2_P09_N1_S7_1.JPG,0,C2_P09,652,1172,752,1328,100,156,False
C4_P06_N1_S4_1.JPG,0,C4_P06,1644,1808,1824,2100,180,292,True
C2_P07_N2_S3_1.JPG,0,C2_P07,184,140,360,456,176,316,False
C2_P05_N2_S3_2.JPG,0,C2_P05,1968,324,2148,580,180,256,True
C1_P02_N3_S3_1.JPG,0,C1_P02,2616,236,2864,752,248,516,True
C4_P01_N1_S3_1.JPG,0,C4_P01,2120,1548,2316,1836,196,288,True
C2_P07_N1_S6_2.JPG,0,C2_P07,700,1092,804,1240,104,148,False
C1_P07_N1_S3_2.JPG,0,C1_P07,1808,1384,2012,1664,204,280,False
C2_P02_N1_S5_1.JPG,0,C2_P02,824,280,940,480,116,200,True
C4_P07_N2_S3_2.JPG,0,C4_P07,1088,1428,1284,1712,196,284,True
C1_P11_N2_S4_1.JPG,0,C1_P11,2044,1480,2260,1804,216,324,True
C3_P05_N3_S3_1.JPG,0,C3_P05,716,1856,968,2184,252,328,True
C2_P01_N1_S3_1.JPG,0,C2_P01,1520,288,1656,460,136,172,True
C2_P04_N2_S2_1.JPG,0,C2_P04,1188,228,1372,488,184,260,False
C4_P05_N1_S5_1.JPG,0,C4_P05,1824,944,1988,1192,164,248,True
C2_P07_N1_S4_1.JPG,0,C2_P07,292,164,448,396,156,232,False
C1_P05_N2_S4_1.JPG,0,C1_P05,344,44,616,380,272,336,True
C2_P03_N1_S4_1.JPG,0,C2_P03,1260,604,1420,916,160,312,True
C2_P04_N3_S3_1.JPG,0,C2_P04,1412,1164,1576,1420,164,256,False
C4_P04_N2_S2_1.JPG,0,C4_P04,1400,212,1624,556,224,344,True
C3_P04_N1_S3_1.JPG,0,C3_P04,2112,380,2400,820,288,440,True
C1_P11_N2_S4_1.JPG,0,C1_P11,1996,2056,2204,2388,208,332,True
C4_P06_N1_S3_1.JPG,0,C4_P06,1720,372,1904,660,184,288,True
C2_P02_N4_S2_1.JPG,0,C2_P02,1988,824,2188,1192,200,368,True
C2_P07_N1_S6_2.JPG,0,C2_P07,408,848,512,1000,104,152,False
C3_P01_N1_S4_1.JPG,0,C3_P01,964,152,1192,464,228,312,True
C2_P04_N3_S2_1.JPG,0,C2_P04,1540,232,1728,508,188,276,False
C2_P04_N2_S4_1.JPG,0,C2_P04,2116,660,2284,916,168,256,False
C2_P02_N4_S2_1.JPG,0,C2_P02,2152,308,2380,640,228,332,True
C3_P01_N1_S5_1.JPG,0,C3_P01,576,1320,732,1556,156,236,True
C1_P05_N1_S5_1.JPG,0,C1_P05,2232,1608,2420,1888,188,280,True
C3_P03_N3_S3_1.JPG,0,C3_P03,2260,216,2516,572,256,356,True
C3_P05_N1_S3_1.JPG,0,C3_P05,2036,408,2244,688,208,280,True
C3_P04_N1_S3_2.JPG,0,C3_P04,652,1096,972,1564,320,468,True
C1_P02_N4_S2_1.JPG,0,C1_P02,1508,560,1868,1132,360,572,True
C4_P02_N4_S3_1.JPG,0,C4_P02,884,320,1056,572,172,252,True
C2_P06_N1_S3_2.JPG,0,C2_P06,604,644,792,896,188,252,False
C1_P10_N3_S3_1.JPG,0,C1_P10,52,1648,300,2024,248,376,True
C2_P01_N2_S4_1.JPG,0,C2_P01,388,1520,516,1688,128,168,True
C4_P07_N1_S4_1.JPG,0,C4_P07,1412,1164,1604,1456,192,292,True
C3_P01_N2_S3_2.JPG,0,C3_P01,1320,1988,1560,2364,240,376,True
C1_P05_N4_S3_1.JPG,0,C1_P05,72,1436,288,1840,216,404,True
C3_P05_N1_S4_1.JPG,0,C3_P05,2980,1964,3176,2260,196,296,True
C4_P06_N1_S4_1.JPG,0,C4_P06,800,1812,984,2096,184,284,True
C3_P03_N1_S5_1.JPG,0,C3_P03,1372,1672,1524,1904,152,232,True
C2_P02_N3_S3_1.JPG,0,C2_P02,1760,1252,1964,1572,204,320,True
C2_P05_N3_S3_1.JPG,0,C2_P05,344,1244,540,1528,196,284,True
C1_P05_N1_S3_2.JPG,0,C1_P05,772,404,984,732,212,328,True
C2_P05_N1_S3_1.JPG,0,C2_P05,2156,224,2340,508,184,284,True
C2_P06_N1_S2_1.JPG,0,C2_P06,1784,704,1968,960,184,256,False
C1_P06_N2_S3_1.JPG,0,C1_P06,1784,420,2000,740,216,320,True
C4_P07_N1_S3_1.JPG,0,C4_P07,316,392,508,692,192,300,True
C3_P05_N1_S5_1.JPG,0,C3_P05,1300,1208,1480,1452,180,244,True
C2_P02_N4_S2_1.JPG,0,C2_P02,496,316,724,648,228,332,True
C4_P08_N3_S3_1.JPG,0,C4_P08,280,224,516,612,236,388,False
C1_P05_N2_S4_2.JPG,0,C1_P05,768,1428,984,1776,216,348,True
C1_P04_N1_S3_2.JPG,0,C1_P04,620,244,804,612,184,368,True
C1_P06_N1_S4_1.JPG,0,C1_P06,2520,804,2724,1064,204,260,True
C1_P09_N1_S2_1.JPG,0,C1_P09,1512,284,1680,492,168,208,False
C3_P05_N3_S2_1.JPG,0,C3_P05,1464,448,1760,860,296,412,True
C3_P05_N2_S2_1.JPG,0,C3_P05,2824,476,3080,860,256,384,True
C2_P09_N1_S7_1.JPG,0,C2_P09,1660,1428,1764,1592,104,164,False
C2_P09_N1_S7_1.JPG,0,C2_P09,1584,1196,1688,1336,104,140,False
C1_P03_N2_S3_2.JPG,0,C1_P03,268,1712,468,1980,200,268,False
C1_P05_N1_S3_2.JPG,0,C1_P05,2280,996,2496,1324,216,328,True
C3_P06_N1_S5_1.JPG,0,C3_P06,1884,2056,2076,2348,192,292,True
C2_P02_N1_S4_1.JPG,0,C2_P02,1480,1112,1636,1364,156,252,True
C1_P08_N2_S4_2.JPG,0,C1_P08,2656,452,2836,760,180,308,True
C2_P04_N3_S3_1.JPG,0,C2_P04,1368,716,1556,988,188,272,False
C3_P06_N3_S4_1.JPG,0,C3_P06,1692,1876,1916,2168,224,292,True
C1_P11_N2_S4_1.JPG,0,C1_P11,1468,932,1680,1260,212,328,True
C2_P07_N1_S6_1.JPG,0,C2_P07,44,960,144,1100,100,140,False
C3_P03_N4_S2_1.JPG,0,C3_P03,464,328,768,756,304,428,True
C4_P03_N2_S3_2.JPG,0,C4_P03,1712,1480,1904,1756,192,276,True
C2_P04_N1_S5_1.JPG,0,C2_P04,500,584,620,772,120,188,False
C3_P01_N1_S4_1.JPG,0,C3_P01,332,136,560,448,228,312,True
C2_P02_N1_S5_1.JPG,0,C2_P02,296,1504,412,1672,116,168,True
C4_P05_N2_S3_1.JPG,0,C4_P05,672,1428,860,1776,188,348,True
C2_P09_N1_S7_2.JPG,0,C2_P09,828,620,932,776,104,156,False
C1_P09_N3_S4_1.JPG,0,C1_P09,1920,84,2124,396,204,312,False
C3_P02_N1_S5_1.JPG,0,C3_P02,448,1144,612,1376,164,232,True
C1_P01_N3_S2_1.JPG,0,C1_P01,2448,260,2856,960,408,700,True
C1_P05_N2_S3_1.JPG,0,C1_P05,1004,1564,1236,1924,232,360,True
C1_P08_N2_S4_1.JPG,0,C1_P08,572,1432,796,1780,224,348,True
C3_P06_N1_S3_1.JPG,0,C3_P06,2188,1128,2412,1544,224,416,True
C3_P07_N1_S2_1.JPG,0,C3_P07,3852,492,4196,984,344,492,True
C1_P04_N1_S5_1.JPG,0,C1_P04,1172,1612,1336,1904,164,292,True
C4_P06_N4_S3_1.JPG,0,C4_P06,2392,240,2596,548,204,308,True
C4_P05_N1_S5_1.JPG,0,C4_P05,444,60,596,288,152,228,True
C3_P02_N1_S2_1.JPG,0,C3_P02,2880,496,3136,872,256,376,True
C3_P04_N1_S5_1.JPG,0,C3_P04,732,1004,904,1312,172,308,True
C4_P07_N3_S3_2.JPG,0,C4_P07,224,240,412,580,188,340,True
C2_P02_N1_S3_1.JPG,0,C2_P02,308,1444,532,1812,224,368,True
C2_P06_N3_S4_1.JPG,0,C2_P06,112,1072,272,1316,160,244,False
C1_P09_N1_S2_1.JPG,0,C1_P09,1364,228,1532,504,168,276,False
C1_P06_N1_S4_2.JPG,0,C1_P06,684,828,880,1108,196,280,True
C1_P11_N1_S3_1.JPG,0,C1_P11,1072,1136,1328,1508,256,372,True
C2_P06_N2_S4_2.JPG,0,C2_P06,1888,960,2032,1160,144,200,False
C2_P02_N2_S2_1.JPG,0,C2_P02,2396,876,2592,1232,196,356,True
C1_P04_N3_S3_1.JPG,0,C1_P04,1480,1128,1696,1508,216,380,True
C2_P03_N2_S2_1.JPG,0,C2_P03,1904,312,2120,856,216,544,True
C1_P02_N1_S3_1.JPG,0,C1_P02,960,936,1272,1444,312,508,True
C3_P05_N1_S3_1.JPG,0,C3_P05,700,1604,924,1956,224,352,True
C2_P09_N1_S7_2.JPG,0,C2_P09,1556,888,1648,1028,92,140,False
C3_P04_N2_S3_1.JPG,0,C3_P04,2700,1112,3004,1532,304,420,True
C3_P02_N3_S2_2.JPG,0,C3_P02,3408,572,3692,988,284,416,True
C3_P05_N2_S4_1.JPG,0,C3_P05,3052,1296,3280,1660,228,364,True
C1_P06_N1_S5_1.JPG,0,C1_P06,2120,668,2276,884,156,216,True
C1_P03_N2_S3_2.JPG,0,C1_P03,524,1044,720,1312,196,268,False
C1_P08_N2_S4_2.JPG,0,C1_P08,2612,1984,2796,2280,184,296,True
C2_P09_N1_S7_1.JPG,0,C2_P09,260,1168,360,1324,100,156,False
C4_P05_N2_S2_1.JPG,0,C4_P05,340,272,568,628,228,356,True
C3_P06_N1_S4_1.JPG,0,C3_P06,1852,212,2052,536,200,324,True
C3_P06_N1_S5_1.JPG,0,C3_P06,932,136,1112,412,180,276,True
C3_P04_N1_S4_1.JPG,0,C3_P04,2132,712,2344,1020,212,308,True
C4_P08_N2_S3_2.JPG,0,C4_P08,1032,1472,1252,1792,220,320,False
C3_P04_N2_S4_1.JPG,0,C3_P04,156,1184,360,1512,204,328,True
C4_P02_N4_S3_1.JPG,0,C4_P02,228,340,400,564,172,224,True
C2_P02_N4_S2_1.JPG,0,C2_P02,1152,304,1380,636,228,332,True
C2_P04_N1_S4_1.JPG,0,C2_P04,824,640,976,876,152,236,False
C4_P02_N3_S2_1.JPG,0,C4_P02,1688,372,1880,636,192,264,True
C4_P02_N1_S3_1.JPG,0,C4_P02,1244,856,1424,1104,180,248,True
C3_P07_N1_S5_1.JPG,0,C3_P07,1468,2168,1636,2384,168,216,True
C1_P08_N1_S4_1.JPG,0,C1_P08,648,776,864,1164,216,388,True
C2_P08_N1_S3_2.JPG,0,C2_P08,256,1348,452,1640,196,292,False
C1_P03_N1_S3_1.JPG,0,C1_P03,2628,1740,2832,2000,204,260,False
C4_P07_N3_S3_2.JPG,0,C4_P07,1300,808,1484,1092,184,284,True
C1_P03_N3_S2_1.JPG,0,C1_P03,116,488,340,768,224,280,False
C2_P05_N3_S3_2.JPG,0,C2_P05,224,168,408,412,184,244,True
C1_P05_N2_S4_1.JPG,0,C1_P05,844,668,1064,1032,220,364,True
C2_P02_N1_S2_1.JPG,0,C2_P02,952,468,1192,836,240,368,True
C2_P05_N1_S3_1.JPG,0,C2_P05,1944,780,2116,1032,172,252,True
C4_P07_N1_S5_1.JPG,0,C4_P07,928,1400,1076,1620,148,220,True
C4_P04_N2_S4_1.JPG,0,C4_P04,2228,992,2440,1292,212,300,True
C1_P12_N2_S3_1.JPG,0,C1_P12,648,1860,904,2264,256,404,True
C1_P08_N2_S4_2.JPG,0,C1_P08,2088,1500,2264,1800,176,300,True
C4_P07_N1_S5_1.JPG,0,C4_P07,208,1804,364,2064,156,260,True
C3_P05_N2_S2_1.JPG,0,C3_P05,1772,472,2028,856,256,384,True
C3_P01_N1_S5_2.JPG,0,C3_P01,1064,2036,1212,2296,148,260,True
C2_P06_N2_S4_1.JPG,0,C2_P06,1140,1060,1312,1320,172,260,False
C1_P01_N2_S4_1.JPG,0,C1_P01,356,60,616,464,260,404,True
C1_P05_N1_S4_3.JPG,0,C1_P05,1004,292,1236,608,232,316,True
C2_P03_N2_S2_1.JPG,0,C2_P03,1428,300,1644,844,216,544,True
C4_P07_N2_S4_1.JPG,0,C4_P07,1164,716,1324,992,160,276,True
C4_P04_N2_S4_1.JPG,0,C4_P04,1812,1424,2028,1736,216,312,True
C2_P06_N2_S3_1.JPG,0,C2_P06,48,164,244,404,196,240,False
C4_P02_N4_S3_1.JPG,0,C4_P02,1244,1504,1400,1732,156,228,True
C1_P04_N2_S3_1.JPG,0,C1_P04,2160,1076,2364,1428,204,352,True
C2_P01_N1_S4_1.JPG,0,C2_P01,348,984,468,1148,120,164,True
C2_P06_N3_S3_1.JPG,0,C2_P06,572,612,744,836,172,224,False
C2_P01_N2_S4_1.JPG,0,C2_P01,1060,1496,1188,1672,128,176,True
C1_P01_N4_S2_1.JPG,0,C1_P01,1016,1280,1408,1968,392,688,True
C1_P06_N2_S3_1.JPG,0,C1_P06,1232,1112,1456,1448,224,336,True
C1_P09_N1_S5_2.JPG,0,C1_P09,904,676,1068,940,164,264,False
C1_P03_N1_S4_2.JPG,0,C1_P03,1804,676,1936,856,132,180,False
C2_P04_N2_S4_1.JPG,0,C2_P04,216,640,376,892,160,252,False
C3_P06_N4_S3_1.JPG,0,C3_P06,328,504,628,936,300,432,True
C2_P03_N3_S3_1.JPG,0,C2_P03,1724,1304,1952,1728,228,424,True
C2_P09_N1_S7_1.JPG,0,C2_P09,1400,412,1496,552,96,140,False
C2_P08_N1_S3_1.JPG,0,C2_P08,996,1444,1216,1828,220,384,False
C2_P06_N2_S4_1.JPG,0,C2_P06,1428,1540,1584,1776,156,236,False
C4_P02_N1_S3_1.JPG,0,C4_P02,28,252,176,464,148,212,True
C3_P05_N1_S3_1.JPG,0,C3_P05,520,444,788,780,268,336,True
C3_P05_N1_S5_1.JPG,0,C3_P05,1240,176,1400,456,160,280,True
C3_P07_N1_S3_1.JPG,0,C3_P07,1068,360,1308,724,240,364,True
C4_P02_N1_S3_1.JPG,0,C4_P02,1948,872,2124,1120,176,248,True
C3_P04_N1_S3_2.JPG,0,C3_P04,1376,1816,1672,2340,296,524,True
C3_P03_N3_S3_1.JPG,0,C3_P03,628,1792,872,2236,244,444,True
C2_P09_N1_S7_2.JPG,0,C2_P09,2156,1536,2248,1668,92,132,False
C3_P03_N3_S3_1.JPG,0,C3_P03,1748,212,2004,568,256,356,True
C3_P07_N2_S4_1.JPG,0,C3_P07,2716,1408,2912,1724,196,316,True
C1_P03_N1_S4_1.JPG,0,C1_P03,1476,1488,1644,1724,168,236,False
C2_P08_N1_S6_2.JPG,0,C2_P08,52,1268,164,1436,112,168,False
C4_P02_N1_S3_1.JPG,0,C4_P02,1428,864,1604,1112,176,248,True
C2_P02_N1_S2_1.JPG,0,C2_P02,72,512,312,856,240,344,True
C3_P01_N1_S5_1.JPG,0,C3_P01,1168,2120,1312,2388,144,268,True
C1_P07_N1_S3_1.JPG,0,C1_P07,2124,1616,2328,1948,204,332,False
C3_P06_N1_S4_1.JPG,0,C3_P06,1724,1884,1920,2256,196,372,True
C1_P04_N3_S3_1.JPG,0,C1_P04,1700,496,1908,836,208,340,True
C2_P05_N2_S4_1.JPG,0,C2_P05,184,608,352,836,168,228,True
C2_P08_N3_S3_1.JPG,0,C2_P08,1636,232,1888,596,252,364,False
C1_P06_N3_S3_2.JPG,0,C1_P06,2024,1188,2256,1504,232,316,True
C1_P11_N1_S5_1.JPG,0,C1_P11,260,736,452,1024,192,288,True
C1_P08_N2_S4_1.JPG,0,C1_P08,2112,1424,2336,1752,224,328,True
C4_P08_N3_S3_2.JPG,0,C4_P08,2532,1644,2732,1948,200,304,False
C3_P01_N1_S5_1.JPG,0,C3_P01,556,312,736,568,180,256,True
C1_P05_N1_S3_1.JPG,0,C1_P05,2948,1856,3172,2172,224,316,True
C4_P08_N1_S5_2.JPG,0,C4_P08,1208,668,1344,872,136,204,False
C1_P08_N1_S4_1.JPG,0,C1_P08,2684,152,2884,568,200,416,True
C2_P09_N1_S7_2.JPG,0,C2_P09,1660,636,1752,796,92,160,False
C1_P04_N1_S3_1.JPG,0,C1_P04,544,1232,772,1592,228,360,True
C2_P03_N2_S3_1.JPG,0,C2_P03,1548,1396,1784,1760,236,364,True
C2_P08_N1_S4_1.JPG,0,C2_P08,1112,556,1256,772,144,216,False
C4_P07_N3_S3_1.JPG,0,C4_P07,1800,272,1980,576,180,304,True
C1_P06_N1_S5_1.JPG,0,C1_P06,1984,664,2140,880,156,216,True
C3_P05_N2_S3_1.JPG,0,C3_P05,424,1012,672,1460,248,448,True
C1_P03_N2_S2_1.JPG,0,C1_P03,2572,440,2808,820,236,380,False
C2_P05_N2_S3_2.JPG,0,C2_P05,240,1296,420,1552,180,256,True
C2_P01_N2_S3_2.JPG,0,C2_P01,1604,1248,1744,1452,140,204,True
C2_P03_N1_S5_1.JPG,0,C2_P03,68,1564,212,1792,144,228,True
C4_P07_N2_S3_2.JPG,0,C4_P07,1452,332,1644,640,192,308,True
C4_P07_N1_S5_1.JPG,0,C4_P07,380,132,528,340,148,208,True
C1_P09_N1_S2_1.JPG,0,C1_P09,900,568,1056,836,156,268,False
C3_P06_N1_S5_1.JPG,0,C3_P06,1712,1104,1904,1396,192,292,True
C4_P03_N3_S3_1.JPG,0,C4_P03,932,836,1144,1204,212,368,True
C1_P06_N1_S4_1.JPG,0,C1_P06,1468,1396,1672,1688,204,292,True
C2_P06_N3_S4_1.JPG,0,C2_P06,1640,1504,1800,1748,160,244,False
C3_P03_N2_S4_1.JPG,0,C3_P03,2328,824,2504,1132,176,308,True
C1_P05_N4_S3_1.JPG,0,C1_P05,2252,264,2464,624,212,360,True
C4_P02_N1_S3_2.JPG,0,C4_P02,1120,880,1308,1124,188,244,True
C4_P07_N2_S4_1.JPG,0,C4_P07,2272,1680,2444,1964,172,284,True
C2_P08_N1_S6_2.JPG,0,C2_P08,356,1268,468,1436,112,168,False
C3_P07_N1_S6_1.JPG,0,C3_P07,1240,2356,1408,2588,168,232,True
C1_P01_N1_S2_2.JPG,0,C1_P01,864,236,1364,984,500,748,True
C3_P04_N2_S2_1.JPG,0,C3_P04,2472,472,2892,1108,420,636,True
C3_P07_N1_S2_1.JPG,0,C3_P07,440,432,796,932,356,500,True
C3_P02_N1_S2_2.JPG,0,C3_P02,380,468,672,836,292,368,True
C4_P05_N1_S4_1.JPG,0,C4_P05,216,1136,388,1444,172,308,True
C3_P01_N2_S3_1.JPG,0,C3_P01,96,172,384,632,288,460,True
C2_P09_N1_S7_1.JPG,0,C2_P09,96,1400,180,1568,84,168,False
C2_P02_N2_S4_1.JPG,0,C2_P02,288,676,456,944,168,268,True
C1_P04_N1_S5_1.JPG,0,C1_P04,1644,116,1804,376,160,260,True
C3_P01_N3_S2_1.JPG,0,C3_P01,1696,1528,2040,2064,344,536,True
C4_P02_N2_S3_1.JPG,0,C4_P02,1552,300,1728,544,176,244,True
C2_P06_N3_S3_1.JPG,0,C2_P06,1684,584,1860,840,176,256,False
C4_P05_N3_S3_1.JPG,0,C4_P05,160,236,360,576,200,340,True
C4_P04_N2_S4_1.JPG,0,C4_P04,2008,1372,2224,1712,216,340,True
C1_P04_N1_S5_2.JPG,0,C1_P04,168,2028,296,2260,128,232,True
C1_P10_N2_S3_1.JPG,0,C1_P10,408,1012,668,1340,260,328,True
C2_P05_N2_S3_2.JPG,0,C2_P05,1768,844,1948,1100,180,256,True
C2_P04_N1_S5_1.JPG,0,C2_P04,1452,592,1572,768,120,176,False
C4_P02_N2_S3_1.JPG,0,C4_P02,2256,1628,2444,1872,188,244,True
C2_P05_N2_S2_1.JPG,0,C2_P05,2108,684,2328,972,220,288,True
C3_P06_N3_S4_1.JPG,0,C3_P06,1704,696,1924,1100,220,404,True
C2_P01_N2_S3_1.JPG,0,C2_P01,1524,964,1700,1220,176,256,True
C2_P04_N1_S2_1.JPG,0,C2_P04,748,280,948,604,200,324,False
C2_P06_N1_S5_1.JPG,0,C2_P06,1708,96,1836,260,128,164,False
C1_P08_N2_S4_1.JPG,0,C1_P08,348,2044,584,2416,236,372,True
C1_P04_N3_S2_1.JPG,0,C1_P04,2004,1288,2248,1660,244,372,True
C2_P08_N2_S3_2.JPG,0,C2_P08,808,780,1004,1084,196,304,False
C1_P07_N1_S3_1.JPG,0,C1_P07,2616,304,2820,636,204,332,False
C2_P05_N2_S2_1.JPG,0,C2_P05,96,48,316,348,220,300,True
C4_P05_N2_S4_1.JPG,0,C4_P05,224,1172,408,1464,184,292,True
C1_P06_N1_S4_2.JPG,0,C1_P06,2636,868,2832,1148,196,280,True
C1_P08_N4_S4_1.JPG,0,C1_P08,1936,300,2140,736,204,436,True
C1_P09_N3_S4_2.JPG,0,C1_P09,1000,112,1172,352,172,240,False
C4_P06_N1_S4_1.JPG,0,C4_P06,1004,1840,1220,2100,216,260,True
C2_P03_N1_S4_1.JPG,0,C2_P03,976,604,1136,916,160,312,True
C1_P10_N2_S4_1.JPG,0,C1_P10,1488,1464,1676,1720,188,256,True
C1_P01_N1_S2_1.JPG,0,C1_P01,280,1568,532,1944,252,376,True
C3_P02_N2_S2_2.JPG,0,C3_P02,3084,1352,3360,1732,276,380,True
C1_P09_N2_S6_1.JPG,0,C1_P09,2128,1508,2296,1768,168,260,False
C4_P05_N3_S3_1.JPG,0,C4_P05,544,744,724,1076,180,332,True
C1_P05_N1_S5_1.JPG,0,C1_P05,2076,128,2236,436,160,308,True
C1_P05_N2_S3_1.JPG,0,C1_P05,1432,308,1696,640,264,332,True
C1_P10_N1_S2_1.JPG,0,C1_P10,1812,1296,2056,1668,244,372,True
C2_P05_N2_S3_1.JPG,0,C2_P05,2204,1288,2396,1572,192,284,True
C4_P06_N2_S3_1.JPG,0,C4_P06,1360,284,1556,636,196,352,True
C2_P07_N1_S4_1.JPG,0,C2_P07,904,1000,1060,1252,156,252,False
C3_P01_N2_S2_2.JPG,0,C3_P01,1076,552,1432,1136,356,584,True
C1_P04_N1_S3_1.JPG,0,C1_P04,2840,1956,3064,2324,224,368,True
C3_P03_N4_S2_1.JPG,0,C3_P03,1180,328,1472,760,292,432,True
C3_P03_N2_S3_1.JPG,0,C3_P03,2748,412,2980,752,232,340,True
C1_P06_N3_S3_1.JPG,0,C1_P06,2916,748,3160,1108,244,360,True
C2_P03_N1_S5_1.JPG,0,C2_P03,844,552,976,792,132,240,True
C2_P01_N1_S2_1.JPG,0,C2_P01,2184,816,2352,1040,168,224,True
C4_P04_N1_S5_1.JPG,0,C4_P04,1108,564,1276,820,168,256,True
C1_P01_N4_S2_1.JPG,0,C1_P01,1780,1360,2196,1996,416,636,True
C2_P01_N2_S2_1.JPG,0,C2_P01,1400,356,1580,592,180,236,True
C1_P04_N2_S4_1.JPG,0,C1_P04,2844,824,3044,1148,200,324,True
C3_P03_N3_S3_1.JPG,0,C3_P03,2780,1028,2988,1400,208,372,True
C4_P05_N1_S2_1.JPG,0,C4_P05,696,392,884,660,188,268,True
C1_P04_N1_S4_1.JPG,0,C1_P04,992,44,1172,396,180,352,True
C4_P07_N2_S3_2.JPG,0,C4_P07,348,288,532,636,184,348,True
C1_P09_N3_S4_2.JPG,0,C1_P09,828,100,1000,340,172,240,False
C4_P04_N1_S2_1.JPG,0,C4_P04,1408,532,1624,904,216,372,True
C3_P02_N1_S3_1.JPG,0,C3_P02,3400,1128,3660,1460,260,332,True
C1_P11_N2_S4_1.JPG,0,C1_P11,2836,368,3064,704,228,336,True
C4_P01_N2_S4_1.JPG,0,C4_P01,152,1764,324,2008,172,244,True
C4_P08_N1_S5_1.JPG,0,C4_P08,1200,672,1332,884,132,212,False
C1_P04_N3_S2_1.JPG,0,C1_P04,2736,508,2996,892,260,384,True
C3_P01_N1_S5_1.JPG,0,C3_P01,260,1320,416,1556,156,236,True
C2_P06_N2_S4_1.JPG,0,C2_P06,2060,576,2240,840,180,264,False
C4_P02_N1_S3_1.JPG,0,C4_P02,188,248,336,460,148,212,True
C3_P04_N1_S4_1.JPG,0,C3_P04,1444,100,1664,452,220,352,True
C3_P02_N2_S2_1.JPG,0,C3_P02,56,388,324,744,268,356,True
C4_P08_N3_S3_1.JPG,0,C4_P08,1912,1496,2120,1868,208,372,False
C1_P08_N2_S4_1.JPG,0,C1_P08,2108,1992,2324,2316,216,324,True
C1_P09_N3_S4_1.JPG,0,C1_P09,1208,472,1416,776,208,304,False
C2_P03_N1_S2_1.JPG,0,C2_P03,740,1172,1072,1756,332,584,True
C2_P08_N2_S3_2.JPG,0,C2_P08,1024,264,1204,564,180,300,False
C1_P04_N3_S2_1.JPG,0,C1_P04,532,516,804,896,272,380,True
C2_P06_N1_S5_1.JPG,0,C2_P06,552,1480,660,1664,108,184,False
C2_P08_N1_S4_1.JPG,0,C2_P08,208,940,364,1176,156,236,False
C1_P04_N3_S3_1.JPG,0,C1_P04,2728,1804,2940,2156,212,352,True
C3_P01_N1_S4_1.JPG,0,C3_P01,344,760,572,1092,228,332,True
C3_P07_N2_S4_1.JPG,0,C3_P07,1920,2012,2100,2240,180,228,True
C1_P03_N1_S3_2.JPG,0,C1_P03,1256,1528,1432,1752,176,224,False
C1_P03_N1_S4_1.JPG,0,C1_P03,300,200,496,468,196,268,False
C1_P03_N1_S2_2.JPG,0,C1_P03,1516,260,1724,540,208,280,False
C2_P06_N2_S4_1.JPG,0,C2_P06,1276,1528,1432,1776,156,248,False
C4_P05_N1_S5_1.JPG,0,C4_P05,380,932,544,1212,164,280,True
C1_P02_N2_S2_1.JPG,0,C1_P02,1428,1612,1768,2196,340,584,True
C1_P01_N2_S4_1.JPG,0,C1_P01,624,84,884,488,260,404,True
C2_P07_N3_S2_1.JPG,0,C2_P07,1816,224,2056,596,240,372,False
C3_P06_N3_S3_1.JPG,0,C3_P06,360,1724,648,2112,288,388,True
C3_P07_N1_S6_1.JPG,0,C3_P07,1940,2344,2108,2616,168,272,True
C2_P01_N2_S2_1.JPG,0,C2_P01,208,348,388,584,180,236,True
C1_P08_N2_S4_2.JPG,0,C1_P08,1892,972,2124,1284,232,312,True
C2_P05_N2_S2_1.JPG,0,C2_P05,1928,64,2148,364,220,300,True
C2_P07_N1_S6_1.JPG,0,C2_P07,752,1192,852,1340,100,148,False
C4_P08_N1_S3_1.JPG,0,C4_P08,1672,416,1892,748,220,332,False
C1_P07_N1_S3_2.JPG,0,C1_P07,2444,2028,2648,2308,204,280,False
C1_P03_N2_S3_2.JPG,0,C1_P03,640,1724,824,1992,184,268,False
C1_P12_N4_S3_1.JPG,0,C1_P12,616,396,908,840,292,444,True
C3_P02_N2_S4_1.JPG,0,C3_P02,1144,1440,1332,1780,188,340,True
C1_P02_N2_S3_1.JPG,0,C1_P02,2516,1024,2752,1532,236,508,True
C3_P01_N2_S4_1.JPG,0,C3_P01,88,216,296,556,208,340,True
C2_P01_N1_S5_1.JPG,0,C2_P01,428,248,540,396,112,148,True
C4_P05_N4_S2_1.JPG,0,C4_P05,1872,208,2084,540,212,332,True
C1_P12_N2_S5_1.JPG,0,C1_P12,560,2092,724,2352,164,260,True
C3_P02_N1_S4_1.JPG,0,C3_P02,888,908,1088,1196,200,288,True
C3_P04_N2_S4_1.JPG,0,C3_P04,1752,728,1956,1036,204,308,True
C4_P05_N1_S4_1.JPG,0,C4_P05,1120,1172,1328,1444,208,272,True
C4_P04_N2_S3_1.JPG,0,C4_P04,968,656,1200,1048,232,392,True
C1_P03_N1_S4_1.JPG,0,C1_P03,880,2012,1028,2300,148,288,False
C1_P05_N3_S4_1.JPG,0,C1_P05,2696,1360,2904,1688,208,328,True
C1_P08_N2_S5_1.JPG,0,C1_P08,2468,324,2660,608,192,284,True
C1_P08_N3_S3_1.JPG,0,C1_P08,2908,896,3108,1276,200,380,True
C4_P03_N2_S4_1.JPG,0,C4_P03,2324,1164,2508,1480,184,316,True
C4_P07_N1_S4_2.JPG,0,C4_P07,972,1660,1144,1920,172,260,True
C2_P05_N1_S4_1.JPG,0,C2_P05,100,1520,256,1736,156,216,True
C1_P06_N1_S5_1.JPG,0,C1_P06,2128,208,2284,424,156,216,True
C1_P09_N1_S5_1.JPG,0,C1_P09,2264,544,2452,812,188,268,False
C1_P11_N1_S4_2.JPG,0,C1_P11,368,864,588,1204,220,340,True
C1_P05_N1_S3_2.JPG,0,C1_P05,1436,996,1652,1324,216,328,True
C1_P05_N1_S3_1.JPG,0,C1_P05,388,1864,612,2248,224,384,True
C1_P05_N2_S3_1.JPG,0,C1_P05,2968,936,3200,1280,232,344,True
C3_P01_N1_S5_1.JPG,0,C3_P01,1196,1772,1356,2024,160,252,True
C1_P09_N1_S5_2.JPG,0,C1_P09,1360,2032,1516,2252,156,220,False
C4_P08_N1_S5_1.JPG,0,C4_P08,260,1412,392,1592,132,180,False
C2_P09_N1_S7_1.JPG,0,C2_P09,548,1180,648,1336,100,156,False
C3_P05_N3_S3_1.JPG,0,C3_P05,644,400,900,848,256,448,True
C3_P06_N1_S4_1.JPG,0,C3_P06,2824,1908,3004,2296,180,388,True
C4_P06_N1_S4_1.JPG,0,C4_P06,2332,160,2536,444,204,284,True
C2_P01_N1_S4_1.JPG,0,C2_P01,1264,176,1384,352,120,176,True
C4_P07_N2_S4_1.JPG,0,C4_P07,1136,1736,1308,2000,172,264,True
C3_P06_N1_S3_1.JPG,0,C3_P06,1476,1160,1692,1524,216,364,True
C3_P06_N3_S4_2.JPG,0,C3_P06,232,860,440,1220,208,360,True
C3_P04_N1_S3_1.JPG,0,C3_P04,840,1952,1116,2316,276,364,True
C3_P07_N1_S3_1.JPG,0,C3_P07,3096,356,3336,720,240,364,True
C2_P03_N3_S2_1.JPG,0,C2_P03,1776,288,2068,760,292,472,True
C1_P09_N2_S4_1.JPG,0,C1_P09,1056,468,1240,720,184,252,False
C4_P07_N1_S4_1.JPG,0,C4_P07,1052,1160,1244,1452,192,292,True
C4_P08_N1_S5_2.JPG,0,C4_P08,616,1784,752,1996,136,212,False
C4_P07_N3_S3_1.JPG,0,C4_P07,2160,828,2352,1124,192,296,True
C2_P09_N1_S7_2.JPG,0,C2_P09,1360,92,1464,256,104,164,False
C2_P07_N1_S4_1.JPG,0,C2_P07,4,116,136,388,132,272,False
C4_P02_N1_S3_1.JPG,0,C4_P02,548,856,716,1088,168,232,True
C2_P09_N1_S7_1.JPG,0,C2_P09,2352,688,2452,840,100,152,False
C1_P10_N1_S5_1.JPG,0,C1_P10,1276,1572,1432,1804,156,232,True
C1_P02_N2_S2_1.JPG,0,C1_P02,784,636,1128,1220,344,584,True
C2_P07_N2_S2_1.JPG,0,C2_P07,712,1000,956,1388,244,388,False
C1_P08_N2_S5_1.JPG,0,C1_P08,780,1120,948,1420,168,300,True
C2_P06_N1_S5_1.JPG,0,C2_P06,1552,1464,1676,1636,124,172,False
C3_P07_N2_S4_1.JPG,0,C3_P07,948,1444,1144,1700,196,256,True
C2_P01_N1_S4_1.JPG,0,C2_P01,1288,1376,1408,1556,120,180,True
C2_P06_N2_S4_1.JPG,0,C2_P06,572,60,752,304,180,244,False
C2_P07_N1_S6_2.JPG,0,C2_P07,332,1076,452,1224,120,148,False
C1_P12_N2_S3_1.JPG,0,C1_P12,1192,428,1448,824,256,396,True
C2_P02_N1_S5_1.JPG,0,C2_P02,844,612,960,792,116,180,True
C3_P07_N4_S2_1.JPG,0,C3_P07,120,500,504,1016,384,516,True
C1_P08_N2_S4_2.JPG,0,C1_P08,732,372,948,716,216,344,True
C3_P01_N1_S5_2.JPG,0,C3_P01,628,748,808,1004,180,256,True
C2_P02_N1_S5_1.JPG,0,C2_P02,1160,308,1276,476,116,168,True
C1_P05_N3_S4_1.JPG,0,C1_P05,2944,720,3164,1060,220,340,True
C1_P12_N1_S3_1.JPG,0,C1_P12,720,276,968,652,248,376,True
C2_P09_N1_S7_1.JPG,0,C2_P09,444,656,544,812,100,156,False
C3_P04_N1_S3_2.JPG,0,C3_P04,1364,1012,1680,1568,316,556,True
C4_P05_N1_S4_1.JPG,0,C4_P05,580,1136,756,1444,176,308,True
C1_P10_N1_S3_1.JPG,0,C1_P10,508,1784,752,2168,244,384,True
C3_P02_N1_S5_1.JPG,0,C3_P02,444,1616,608,1844,164,228,True
C4_P06_N1_S3_1.JPG,0,C4_P06,1924,376,2116,664,192,288,True
C2_P02_N1_S5_1.JPG,0,C2_P02,612,580,728,780,116,200,True
C1_P04_N1_S3_2.JPG,0,C1_P04,1488,984,1712,1316,224,332,True
C2_P01_N2_S4_1.JPG,0,C2_P01,1496,1492,1624,1668,128,176,True
C1_P08_N2_S4_2.JPG,0,C1_P08,1148,1500,1352,1836,204,336,True
C1_P03_N1_S4_2.JPG,0,C1_P03,680,192,804,368,124,176,False
C1_P05_N2_S4_1.JPG,0,C1_P05,2980,672,3200,1036,220,364,True
C3_P04_N4_S2_1.JPG,0,C3_P04,2436,1716,2808,2260,372,544,True
C3_P04_N1_S3_2.JPG,0,C3_P04,368,1904,672,2356,304,452,True
C4_P01_N1_S3_1.JPG,0,C4_P01,2556,1552,2752,1840,196,288,True
C3_P06_N1_S3_2.JPG,0,C3_P06,3644,972,3856,1424,212,452,True
C2_P02_N2_S4_1.JPG,0,C2_P02,1784,1112,1948,1364,164,252,True
C1_P05_N1_S3_2.JPG,0,C1_P05,572,1580,804,1980,232,400,True
C4_P03_N3_S3_1.JPG,0,C4_P03,2168,1496,2368,1828,200,332,True
C4_P04_N1_S4_1.JPG,0,C4_P04,1244,1564,1444,1924,200,360,True
C4_P06_N4_S3_1.JPG,0,C4_P06,608,212,796,568,188,356,True
C1_P08_N3_S4_1.JPG,0,C1_P08,2932,1408,3112,1748,180,340,True
C1_P06_N1_S3_1.JPG,0,C1_P06,2636,452,2852,756,216,304,True
C2_P04_N3_S4_1.JPG,0,C2_P04,1960,1068,2152,1344,192,276,False
C4_P03_N2_S3_1.JPG,0,C4_P03,216,1284,400,1560,184,276,True
C1_P04_N1_S5_2.JPG,0,C1_P04,652,376,772,604,120,228,True
C4_P07_N2_S3_1.JPG,0,C4_P07,916,1356,1104,1664,188,308,True
C2_P08_N2_S3_2.JPG,0,C2_P08,1556,1296,1744,1604,188,308,False
C4_P07_N3_S3_1.JPG,0,C4_P07,1072,848,1260,1152,188,304,True
C4_P04_N1_S4_1.JPG,0,C4_P04,652,1188,836,1488,184,300,True
C2_P04_N1_S5_1.JPG,0,C2_P04,1552,224,1672,412,120,188,False
C4_P04_N2_S2_1.JPG,0,C4_P04,1840,172,2064,572,224,400,True
C2_P05_N2_S4_1.JPG,0,C2_P05,1392,652,1560,880,168,228,True
C2_P08_N1_S6_2.JPG,0,C2_P08,164,1264,276,1432,112,168,False
C2_P03_N1_S5_1.JPG,0,C2_P03,64,540,196,764,132,224,True
C1_P09_N4_S3_1.JPG,0,C1_P09,180,88,368,384,188,296,False
C1_P06_N2_S3_1.JPG,0,C1_P06,992,1120,1216,1456,224,336,True
C4_P06_N4_S3_1.JPG,0,C4_P06,268,776,460,1064,192,288,True
C4_P07_N1_S4_2.JPG,0,C4_P07,632,1124,796,1428,164,304,True
C3_P07_N1_S5_1.JPG,0,C3_P07,1020,68,1220,340,200,272,True
C4_P05_N2_S2_1.JPG,0,C4_P05,1288,844,1492,1168,204,324,True
C2_P04_N2_S3_1.JPG,0,C2_P04,1124,1084,1296,1328,172,244,False
C2_P04_N2_S4_1.JPG,0,C2_P04,1780,664,1948,920,168,256,False
C3_P05_N2_S3_1.JPG,0,C3_P05,1348,1108,1596,1464,248,356,True
C2_P08_N2_S3_2.JPG,0,C2_P08,52,1284,248,1588,196,304,False
C2_P07_N2_S2_1.JPG,0,C2_P07,212,268,448,716,236,448,False
C1_P06_N1_S3_2.JPG,0,C1_P06,2776,456,2964,748,188,292,True
C2_P03_N1_S4_1.JPG,0,C2_P03,1100,216,1284,492,184,276,True
C4_P05_N2_S2_1.JPG,0,C4_P05,160,284,388,640,228,356,True
C4_P08_N3_S3_2.JPG,0,C4_P08,192,1032,424,1352,232,320,False
C3_P06_N2_S3_2.JPG,0,C3_P06,952,364,1188,784,236,420,True
C2_P01_N1_S3_1.JPG,0,C2_P01,1464,1232,1616,1416,152,184,True
C3_P05_N2_S4_1.JPG,0,C3_P05,3144,156,3348,480,204,324,True
C3_P06_N3_S4_1.JPG,0,C3_P06,2972,728,3208,1160,236,432,True
C4_P07_N3_S3_1.JPG,0,C4_P07,1816,816,2012,1164,196,348,True
C3_P05_N4_S2_1.JPG,0,C3_P05,2512,436,2788,876,276,440,True
C3_P01_N2_S2_1.JPG,0,C3_P01,1744,1480,2096,2064,352,584,True
C2_P09_N1_S7_2.JPG,0,C2_P09,1896,132,1992,292,96,160,False
C3_P04_N3_S2_1.JPG,0,C3_P04,3312,1660,3672,2180,360,520,True
C1_P11_N1_S3_1.JPG,0,C1_P11,1460,1776,1712,2160,252,384,True
C2_P05_N2_S3_1.JPG,0,C2_P05,1936,84,2156,384,220,300,True
C1_P12_N1_S5_1.JPG,0,C1_P12,212,2140,400,2436,188,296,True
C1_P08_N3_S4_2.JPG,0,C1_P08,1892,1476,2068,1784,176,308,True
C1_P12_N4_S3_1.JPG,0,C1_P12,140,1776,392,2188,252,412,True
C1_P05_N2_S4_1.JPG,0,C1_P05,108,32,380,368,272,336,True
C1_P04_N1_S3_1.JPG,0,C1_P04,752,1960,972,2328,220,368,True
C1_P05_N1_S4_1.JPG,0,C1_P05,620,1432,848,1804,228,372,True
C2_P07_N2_S3_1.JPG,0,C2_P07,920,688,1112,968,192,280,False
C2_P04_N2_S4_1.JPG,0,C2_P04,984,1096,1136,1332,152,236,False
C1_P05_N1_S5_1.JPG,0,C1_P05,496,168,676,424,180,256,True
C1_P09_N1_S2_1.JPG,0,C1_P09,1676,264,1832,492,156,228,False
C1_P10_N1_S3_1.JPG,0,C1_P10,364,1040,596,1404,232,364,True
C4_P08_N1_S3_1.JPG,0,C4_P08,2228,1620,2452,1932,224,312,False
C1_P09_N3_S3_1.JPG,0,C1_P09,1000,132,1160,372,160,240,False
C3_P01_N1_S5_1.JPG,0,C3_P01,416,1324,572,1560,156,236,True
C3_P07_N1_S5_1.JPG,0,C3_P07,1908,40,2084,312,176,272,True
C3_P04_N2_S2_1.JPG,0,C3_P04,2444,1556,2832,2080,388,524,True
C2_P02_N1_S3_1.JPG,0,C2_P02,2144,888,2356,1220,212,332,True
C1_P11_N2_S3_2.JPG,0,C1_P11,1468,1452,1684,1812,216,360,True
C1_P04_N1_S5_2.JPG,0,C1_P04,1592,820,1732,1036,140,216,True
C1_P07_N2_S3_3.JPG,0,C1_P07,632,1032,844,1316,212,284,False
C4_P06_N1_S3_1.JPG,0,C4_P06,44,1476,244,1820,200,344,True
C1_P09_N1_S5_2.JPG,0,C1_P09,1212,680,1376,944,164,264,False
C3_P07_N4_S2_1.JPG,0,C3_P07,2436,1600,2740,2008,304,408,True
C3_P02_N3_S2_2.JPG,0,C3_P02,1380,1420,1656,1880,276,460,True
C1_P08_N2_S5_1.JPG,0,C1_P08,2148,1988,2308,2268,160,280,True
C1_P05_N1_S3_2.JPG,0,C1_P05,2304,348,2520,716,216,368,True
C2_P07_N2_S2_1.JPG,0,C2_P07,1452,1020,1696,1408,244,388,False
C4_P02_N4_S2_1.JPG,0,C4_P02,1980,1220,2208,1556,228,336,True
C3_P01_N1_S5_1.JPG,0,C3_P01,728,1760,888,2012,160,252,True
C1_P09_N4_S4_1.JPG,0,C1_P09,1096,924,1280,1164,184,240,False
C3_P01_N2_S4_1.JPG,0,C3_P01,1264,188,1456,556,192,368,True
C2_P02_N1_S2_1.JPG,0,C2_P02,1356,472,1596,840,240,368,True
C3_P04_N1_S4_1.JPG,0,C3_P04,964,1192,1188,1572,224,380,True
C3_P06_N3_S4_2.JPG,0,C3_P06,3188,1420,3404,1784,216,364,True
C3_P02_N1_S5_1.JPG,0,C3_P02,116,632,280,864,164,232,True
C1_P07_N2_S3_3.JPG,0,C1_P07,628,1640,836,1948,208,308,False
C1_P12_N2_S4_1.JPG,0,C1_P12,736,280,952,616,216,336,True
C4_P04_N3_S3_1.JPG,0,C4_P04,1640,1084,1880,1448,240,364,True
C1_P04_N2_S3_1.JPG,0,C1_P04,40,396,248,732,208,336,True
C1_P04_N1_S5_1.JPG,0,C1_P04,1812,1640,1976,1900,164,260,True
C4_P08_N1_S5_2.JPG,0,C4_P08,1436,1064,1572,1268,136,204,False
C1_P12_N2_S3_1.JPG,0,C1_P12,156,1080,400,1520,244,440,True
C1_P11_N2_S4_1.JPG,0,C1_P11,164,1512,392,1860,228,348,True
C4_P05_N5_S2_1.JPG,0,C4_P05,1304,284,1500,628,196,344,True
C2_P09_N1_S7_1.JPG,0,C2_P09,244,928,344,1084,100,156,False
C2_P09_N1_S7_2.JPG,0,C2_P09,1536,1112,1628,1248,92,136,False
C4_P07_N1_S4_2.JPG,0,C4_P07,2464,1600,2636,1884,172,284,True
C2_P04_N2_S3_1.JPG,0,C2_P04,872,216,1060,480,188,264,False
C2_P08_N1_S6_1.JPG,0,C2_P08,688,76,808,256,120,180,False
C2_P01_N1_S5_2.JPG,0,C2_P01,572,968,672,1124,100,156,True
C4_P08_N1_S4_1.JPG,0,C4_P08,308,1736,508,2020,200,284,False
C4_P05_N3_S3_1.JPG,0,C4_P05,148,776,352,1084,204,308,True
C2_P07_N2_S3_1.JPG,0,C2_P07,1084,1184,1276,1464,192,280,False
C2_P02_N1_S5_1.JPG,0,C2_P02,720,280,836,480,116,200,True
C4_P06_N1_S4_1.JPG,0,C4_P06,44,1240,232,1596,188,356,True
C3_P02_N2_S3_1.JPG,0,C3_P02,2444,1084,2700,1480,256,396,True
C2_P05_N1_S2_1.JPG,0,C2_P05,672,208,868,528,196,320,True
C1_P02_N2_S3_1.JPG,0,C1_P02,244,1884,564,2404,320,520,True
C1_P03_N1_S2_1.JPG,0,C1_P03,2232,404,2448,696,216,292,False
C1_P09_N1_S5_2.JPG,0,C1_P09,2100,1688,2272,1932,172,244,False
C2_P08_N2_S3_1.JPG,0,C2_P08,744,824,956,1180,212,356,False
C3_P06_N2_S3_1.JPG,0,C3_P06,1596,484,1832,892,236,408,True
C1_P10_N2_S4_1.JPG,0,C1_P10,1164,1980,1360,2284,196,304,True
C1_P11_N2_S4_2.JPG,0,C1_P11,1512,708,1736,1068,224,360,True
C4_P04_N4_S2_1.JPG,0,C4_P04,2280,708,2524,1064,244,356,True
C2_P08_N3_S3_1.JPG,0,C2_P08,772,1468,980,1792,208,324,False
C1_P09_N3_S4_1.JPG,0,C1_P09,672,1280,860,1572,188,292,False
C2_P02_N4_S2_1.JPG,0,C2_P02,1800,868,1988,1200,188,332,True
C4_P08_N1_S5_2.JPG,0,C4_P08,932,240,1072,484,140,244,False
C2_P05_N2_S4_1.JPG,0,C2_P05,1432,184,1600,412,168,228,True
C1_P11_N2_S3_1.JPG,0,C1_P11,1428,288,1684,640,256,352,True
C2_P09_N1_S7_1.JPG,0,C2_P09,2108,448,2204,584,96,136,False
C3_P02_N2_S2_2.JPG,0,C3_P02,3072,548,3360,936,288,388,True
C4_P04_N1_S4_1.JPG,0,C4_P04,1240,732,1448,1048,208,316,True
C2_P06_N3_S4_1.JPG,0,C2_P06,552,620,732,844,180,224,False
C3_P02_N1_S3_1.JPG,0,C3_P02,3512,380,3744,732,232,352,True
C1_P03_N1_S2_2.JPG,0,C1_P03,2208,1004,2428,1304,220,300,False
C4_P05_N1_S5_1.JPG,0,C4_P05,1136,1388,1312,1632,176,244,True
C1_P11_N1_S4_1.JPG,0,C1_P11,1472,188,1692,516,220,328,True
C1_P09_N2_S6_1.JPG,0,C1_P09,1488,1516,1656,1776,168,260,False
C4_P06_N1_S3_1.JPG,0,C4_P06,516,392,700,680,184,288,True
C4_P07_N2_S3_1.JPG,0,C4_P07,1452,1344,1640,1652,188,308,True
C1_P10_N1_S2_1.JPG,0,C1_P10,796,476,1028,828,232,352,True
C1_P03_N1_S4_1.JPG,0,C1_P03,244,804,372,1076,128,272,False
C4_P07_N1_S3_1.JPG,0,C4_P07,1244,344,1436,696,192,352,True
C4_P07_N2_S3_2.JPG,0,C4_P07,540,844,720,1164,180,320,True
C4_P02_N4_S3_1.JPG,0,C4_P02,2528,300,2727,596,199,296,True
C1_P08_N2_S4_2.JPG,0,C1_P08,2268,964,2500,1276,232,312,True
C1_P08_N3_S4_2.JPG,0,C1_P08,1712,380,1940,728,228,348,True
C2_P05_N2_S3_2.JPG,0,C2_P05,204,252,384,508,180,256,True
C3_P06_N3_S4_2.JPG,0,C3_P06,756,1960,960,2240,204,280,True
C1_P08_N1_S4_1.JPG,0,C1_P08,896,760,1112,1148,216,388,True
C4_P05_N1_S4_1.JPG,0,C4_P05,448,128,620,380,172,252,True
C3_P07_N5_S2_1.JPG,0,C3_P07,2780,508,3116,996,336,488,True
C4_P02_N4_S3_1.JPG,0,C4_P02,2388,1584,2532,1800,144,216,True
C4_P07_N1_S3_2.JPG,0,C4_P07,1944,356,2132,644,188,288,True
C1_P09_N4_S4_1.JPG,0,C1_P09,1404,500,1600,776,196,276,False
C1_P09_N4_S4_1.JPG,0,C1_P09,1608,884,1792,1164,184,280,False
C2_P07_N1_S6_2.JPG,0,C2_P07,196,296,300,488,104,192,False
C2_P04_N3_S2_1.JPG,0,C2_P04,1976,728,2144,988,168,260,False
C1_P11_N1_S3_1.JPG,0,C1_P11,76,1080,332,1504,256,424,True
C2_P06_N2_S4_2.JPG,0,C2_P06,1608,1344,1752,1552,144,208,False
C3_P05_N1_S2_1.JPG,0,C3_P05,3588,464,3880,800,292,336,True
C4_P05_N1_S4_1.JPG,0,C4_P05,1284,1680,1484,1972,200,292,True
C1_P04_N1_S5_2.JPG,0,C1_P04,788,2036,936,2276,148,240,True
C2_P08_N2_S3_1.JPG,0,C2_P08,968,820,1180,1176,212,356,False
C3_P04_N2_S4_1.JPG,0,C3_P04,240,1860,444,2156,204,296,True
C1_P10_N1_S3_1.JPG,0,C1_P10,1496,1008,1728,1372,232,364,True
C1_P10_N1_S5_1.JPG,0,C1_P10,684,112,848,368,164,256,True
C2_P02_N1_S5_1.JPG,0,C2_P02,736,1480,856,1672,120,192,True
C4_P04_N1_S2_1.JPG,0,C4_P04,1172,496,1388,868,216,372,True
C2_P02_N2_S3_1.JPG,0,C2_P02,2236,1292,2436,1624,200,332,True
C1_P03_N3_S2_1.JPG,0,C1_P03,1312,532,1520,804,208,272,False
C4_P02_N2_S4_1.JPG,0,C4_P02,1028,1176,1180,1408,152,232,True
C1_P03_N2_S3_2.JPG,0,C1_P03,716,1048,912,1316,196,268,False
C1_P04_N1_S4_1.JPG,0,C1_P04,36,740,232,1064,196,324,True
C4_P04_N1_S3_1.JPG,0,C4_P04,1212,416,1428,792,216,376,True
C1_P09_N3_S4_1.JPG,0,C1_P09,868,108,1072,380,204,272,False
C1_P10_N1_S2_1.JPG,0,C1_P10,1288,400,1520,840,232,440,True
C1_P12_N3_S4_1.JPG,0,C1_P12,520,920,748,1272,228,352,True
C1_P09_N2_S6_1.JPG,0,C1_P09,672,1876,840,2136,168,260,False
C4_P01_N3_S3_1.JPG,0,C4_P01,436,1024,616,1292,180,268,True
C3_P05_N1_S5_1.JPG,0,C3_P05,2268,2092,2416,2324,148,232,True
C1_P04_N3_S3_1.JPG,0,C1_P04,2344,496,2564,840,220,344,True
C3_P05_N3_S3_1.JPG,0,C3_P05,880,464,1136,852,256,388,True
C4_P05_N2_S4_1.JPG,0,C4_P05,752,1148,936,1480,184,332,True
C2_P04_N3_S3_1.JPG,0,C2_P04,2308,244,2504,536,196,292,False
C1_P04_N1_S5_2.JPG,0,C1_P04,148,824,288,1036,140,212,True
C2_P06_N3_S4_1.JPG,0,C2_P06,1688,1108,1848,1352,160,244,False
C4_P07_N3_S3_2.JPG,0,C4_P07,1608,1296,1792,1612,184,316,True
C2_P04_N2_S4_1.JPG,0,C2_P04,2096,1520,2248,1784,152,264,False
C4_P02_N1_S3_1.JPG,0,C4_P02,2384,232,2576,460,192,228,True
C1_P02_N4_S2_1.JPG,0,C1_P02,2492,1472,2800,2060,308,588,True
C4_P04_N5_S2_1.JPG,0,C4_P04,2120,128,2364,572,244,444,True
C3_P03_N1_S5_1.JPG,0,C3_P03,1844,140,1996,356,152,216,True
C3_P02_N1_S3_1.JPG,0,C3_P02,3224,1856,3464,2180,240,324,True
C2_P06_N1_S4_1.JPG,0,C2_P06,212,1368,360,1576,148,208,False
C2_P09_N1_S7_2.JPG,0,C2_P09,2156,144,2260,304,104,160,False
C3_P06_N1_S3_2.JPG,0,C3_P06,2244,1692,2492,2092,248,400,True
C3_P01_N1_S5_1.JPG,0,C3_P01,392,824,572,1080,180,256,True
C1_P11_N2_S4_3.JPG,0,C1_P11,416,776,620,1112,204,336,True
C2_P06_N1_S3_1.JPG,0,C2_P06,428,120,624,364,196,244,False
C4_P07_N1_S4_1.JPG,0,C4_P07,2132,1164,2324,1456,192,292,True
C4_P07_N1_S3_2.JPG,0,C4_P07,2116,908,2296,1184,180,276,True
C3_P02_N2_S2_1.JPG,0,C3_P02,2568,416,2836,772,268,356,True
C3_P05_N2_S4_1.JPG,0,C3_P05,528,128,744,452,216,324,True
C1_P09_N4_S4_1.JPG,0,C1_P09,528,1240,712,1528,184,288,False
C3_P03_N2_S3_1.JPG,0,C3_P03,1352,1112,1596,1548,244,436,True
C4_P08_N1_S5_1.JPG,0,C4_P08,532,288,664,496,132,208,False
C2_P01_N1_S5_2.JPG,0,C2_P01,992,1312,1108,1464,116,152,True
C4_P07_N1_S3_1.JPG,0,C4_P07,1232,952,1432,1268,200,316,True
C1_P08_N1_S4_1.JPG,0,C1_P08,2380,840,2592,1152,212,312,True
C4_P08_N1_S5_1.JPG,0,C4_P08,616,1776,748,1964,132,188,False
C4_P07_N3_S3_2.JPG,0,C4_P07,228,832,404,1088,176,256,True
C3_P05_N2_S4_1.JPG,0,C3_P05,3084,724,3268,1084,184,360,True
C2_P06_N2_S4_2.JPG,0,C2_P06,1756,84,1888,316,132,232,False
C4_P07_N2_S3_2.JPG,0,C4_P07,356,852,536,1172,180,320,True
C4_P06_N1_S4_1.JPG,0,C4_P06,1836,1860,2036,2104,200,244,True
C4_P03_N2_S4_1.JPG,0,C4_P03,1624,1208,1800,1488,176,280,True
C2_P05_N1_S4_1.JPG,0,C2_P05,504,172,664,424,160,252,True
C2_P08_N4_S3_1.JPG,0,C2_P08,4,240,224,584,220,344,False
C2_P04_N1_S5_1.JPG,0,C2_P04,956,908,1076,1104,120,196,False
C2_P05_N1_S5_1.JPG,0,C2_P05,556,108,688,320,132,212,True
C2_P06_N2_S4_1.JPG,0,C2_P06,1892,576,2072,840,180,264,False
C2_P07_N1_S3_1.JPG,0,C2_P07,12,1136,196,1436,184,300,False
C3_P01_N2_S4_1.JPG,0,C3_P01,1600,188,1792,556,192,368,True
C1_P05_N1_S4_1.JPG,0,C1_P05,2912,1996,3136,2356,224,360,True
C3_P01_N1_S2_1.JPG,0,C3_P01,2876,1612,3204,2252,328,640,True
C4_P08_N3_S3_2.JPG,0,C4_P08,1712,1028,1924,1356,212,328,False
C2_P08_N1_S4_1.JPG,0,C2_P08,1088,1336,1248,1572,160,236,False
C2_P07_N2_S4_1.JPG,0,C2_P07,1208,528,1364,752,156,224,False
C3_P06_N1_S3_2.JPG,0,C3_P06,2220,412,2444,772,224,360,True
C2_P04_N3_S4_1.JPG,0,C2_P04,2216,72,2416,408,200,336,False
C3_P01_N3_S2_1.JPG,0,C3_P01,2904,516,3248,1056,344,540,True
C2_P09_N1_S7_1.JPG,0,C2_P09,744,672,844,828,100,156,False
C4_P06_N1_S3_1.JPG,0,C4_P06,1256,1532,1456,1852,200,320,True
C2_P08_N1_S3_1.JPG,0,C2_P08,560,1436,780,1820,220,384,False
C2_P09_N1_S7_1.JPG,0,C2_P09,1200,128,1300,288,100,160,False
C2_P02_N3_S2_1.JPG,0,C2_P02,2344,844,2556,1172,212,328,True
C2_P05_N1_S4_1.JPG,0,C2_P05,1488,1548,1632,1760,144,212,True
C3_P07_N3_S2_1.JPG,0,C3_P07,3372,1420,3728,1928,356,508,True
C1_P02_N1_S5_1.JPG,0,C1_P02,1472,176,1652,460,180,284,True
C2_P06_N2_S3_1.JPG,0,C2_P06,1884,188,2080,428,196,240,False
C2_P03_N2_S4_1.JPG,0,C2_P03,992,120,1148,464,156,344,True
C1_P10_N1_S5_1.JPG,0,C1_P10,1616,560,1760,816,144,256,True
C3_P02_N2_S3_1.JPG,0,C3_P02,2988,380,3244,748,256,368,True
C4_P08_N1_S2_1.JPG,0,C4_P08,136,648,388,972,252,324,False
C4_P05_N1_S5_1.JPG,0,C4_P05,2020,24,2188,252,168,228,True
C3_P03_N2_S3_1.JPG,0,C3_P03,3088,1124,3324,1520,236,396,True
C1_P09_N4_S4_1.JPG,0,C1_P09,2140,856,2324,1144,184,288,False
C4_P02_N1_S3_2.JPG,0,C4_P02,1484,876,1672,1120,188,244,True
C1_P06_N1_S4_1.JPG,0,C1_P06,984,2036,1188,2328,204,292,True
C4_P06_N1_S3_1.JPG,0,C4_P06,1688,1532,1888,1852,200,320,True
C1_P08_N4_S4_1.JPG,0,C1_P08,2112,980,2324,1308,212,328,True
C2_P05_N1_S5_1.JPG,0,C2_P05,216,900,344,1076,128,176,True
C3_P01_N2_S3_1.JPG,0,C3_P01,972,1056,1228,1460,256,404,True
C3_P01_N2_S2_1.JPG,0,C3_P01,1700,424,2024,1052,324,628,True
C2_P01_N3_S3_1.JPG,0,C2_P01,1020,1084,1172,1284,152,200,True
C4_P04_N1_S4_1.JPG,0,C4_P04,428,1584,628,1944,200,360,True
C4_P06_N2_S3_1.JPG,0,C4_P06,892,1344,1084,1680,192,336,True
C4_P08_N2_S3_1.JPG,0,C4_P08,356,4,580,364,224,360,False
C2_P08_N4_S3_1.JPG,0,C2_P08,436,240,656,584,220,344,False
C2_P09_N1_S7_2.JPG,0,C2_P09,984,608,1076,772,92,164,False
C1_P08_N1_S4_1.JPG,0,C1_P08,1608,96,1836,468,228,372,True
C2_P02_N3_S3_1.JPG,0,C2_P02,352,752,580,1076,228,324,True
C3_P01_N3_S2_1.JPG,0,C3_P01,688,448,1012,1008,324,560,True
C4_P01_N2_S2_1.JPG,0,C4_P01,2080,340,2292,640,212,300,True
C3_P05_N1_S5_1.JPG,0,C3_P05,2436,1184,2600,1456,164,272,True
C2_P08_N2_S3_1.JPG,0,C2_P08,1880,204,2092,560,212,356,False
C3_P06_N1_S5_1.JPG,0,C3_P06,2112,568,2260,896,148,328,True
C2_P02_N1_S4_1.JPG,0,C2_P02,1060,248,1228,508,168,260,True
C4_P01_N2_S4_1.JPG,0,C4_P01,2084,64,2268,324,184,260,True
C2_P01_N1_S3_1.JPG,0,C2_P01,572,276,708,448,136,172,True
C1_P04_N1_S3_2.JPG,0,C1_P04,1712,984,1936,1316,224,332,True
C3_P05_N3_S2_1.JPG,0,C3_P05,2920,384,3180,872,260,488,True
C1_P01_N1_S2_1.JPG,0,C1_P01,768,1564,1020,1940,252,376,True
C1_P07_N1_S3_3.JPG,0,C1_P07,1788,1588,1992,1884,204,296,False
C1_P05_N3_S4_1.JPG,0,C1_P05,552,756,772,1096,220,340,True
C1_P03_N2_S3_1.JPG,0,C1_P03,2332,1952,2524,2184,192,232,False
C2_P04_N1_S4_1.JPG,0,C2_P04,972,180,1132,444,160,264,False
C1_P02_N1_S2_1.JPG,0,C1_P02,36,1380,400,2028,364,648,True
C1_P11_N1_S5_1.JPG,0,C1_P11,2220,1616,2376,1856,156,240,True
C1_P06_N2_S3_1.JPG,0,C1_P06,2200,1100,2424,1436,224,336,True
C3_P06_N1_S3_1.JPG,0,C3_P06,3480,1772,3704,2180,224,408,True
C3_P05_N3_S3_1.JPG,0,C3_P05,3600,1084,3908,1520,308,436,True
C2_P02_N2_S4_1.JPG,0,C2_P02,936,1136,1100,1388,164,252,True
C3_P01_N4_S2_1.JPG,0,C3_P01,944,280,1328,944,384,664,True
C4_P03_N3_S3_2.JPG,0,C4_P03,2556,1620,2760,1912,204,292,True
C1_P07_N2_S3_2.JPG,0,C1_P07,2424,1708,2632,2036,208,328,False
C1_P09_N3_S3_1.JPG,0,C1_P09,976,428,1172,728,196,300,False
C1_P12_N2_S2_1.JPG,0,C1_P12,2388,352,2720,976,332,624,True
C4_P08_N3_S3_1.JPG,0,C4_P08,2380,876,2612,1248,232,372,False
C3_P06_N2_S3_2.JPG,0,C3_P06,708,380,944,800,236,420,True
C1_P04_N1_S5_1.JPG,0,C1_P04,76,652,236,892,160,240,True
C2_P06_N3_S4_1.JPG,0,C2_P06,1120,584,1300,872,180,288,False
C1_P06_N1_S5_1.JPG,0,C1_P06,1632,1628,1776,1840,144,212,True
C4_P01_N2_S4_1.JPG,0,C4_P01,1788,1224,1976,1476,188,252,True
C1_P04_N3_S3_1.JPG,0,C1_P04,2524,1808,2736,2160,212,352,True
C1_P04_N1_S5_1.JPG,0,C1_P04,2296,1128,2460,1384,164,256,True
C2_P01_N1_S5_2.JPG,0,C2_P01,904,624,1000,768,96,144,True
C2_P02_N1_S2_1.JPG,0,C2_P02,960,1036,1208,1404,248,368,True
C1_P03_N1_S3_2.JPG,0,C1_P03,2636,1512,2812,1808,176,296,False
C4_P05_N3_S3_1.JPG,0,C4_P05,372,212,556,580,184,368,True
C1_P08_N3_S4_1.JPG,0,C1_P08,984,812,1240,1196,256,384,True
C1_P09_N1_S5_1.JPG,0,C1_P09,1412,1620,1596,1936,184,316,False
C2_P05_N2_S4_1.JPG,0,C2_P05,516,1432,672,1668,156,236,True
C2_P06_N2_S4_2.JPG,0,C2_P06,1104,1344,1260,1564,156,220,False
C2_P05_N1_S5_1.JPG,0,C2_P05,1028,1568,1152,1748,124,180,True
C4_P02_N1_S3_1.JPG,0,C4_P02,388,860,556,1092,168,232,True
C2_P08_N4_S3_1.JPG,0,C2_P08,472,820,680,1140,208,320,False
C2_P01_N1_S5_2.JPG,0,C2_P01,1060,980,1160,1136,100,156,True
C4_P07_N3_S3_1.JPG,0,C4_P07,484,252,664,580,180,328,True
C4_P01_N2_S2_1.JPG,0,C4_P01,2116,1032,2316,1360,200,328,True
C1_P08_N3_S3_1.JPG,0,C1_P08,832,1464,1044,1872,212,408,True
C1_P11_N2_S4_3.JPG,0,C1_P11,1224,1316,1404,1632,180,316,True
C3_P06_N1_S3_1.JPG,0,C3_P06,1936,548,2148,876,212,328,True
C2_P06_N3_S3_1.JPG,0,C2_P06,88,596,240,832,152,236,False
C1_P06_N1_S5_1.JPG,0,C1_P06,1184,2088,1328,2364,144,276,True
C3_P02_N1_S4_1.JPG,0,C3_P02,1112,2064,1312,2404,200,340,True
C1_P06_N1_S4_1.JPG,0,C1_P06,1060,1408,1264,1700,204,292,True
C1_P03_N1_S3_1.JPG,0,C1_P03,372,1636,556,1908,184,272,False
C1_P04_N2_S4_1.JPG,0,C1_P04,3044,188,3244,524,200,336,True
C1_P06_N3_S3_2.JPG,0,C1_P06,2024,1840,2256,2184,232,344,True
C3_P05_N1_S3_1.JPG,0,C3_P05,2232,424,2440,704,208,280,True
C2_P09_N1_S7_1.JPG,0,C2_P09,48,916,148,1072,100,156,False
C1_P08_N2_S4_2.JPG,0,C1_P08,536,1516,740,1852,204,336,True
C2_P03_N2_S3_1.JPG,0,C2_P03,1684,800,1916,1192,232,392,True
C1_P08_N2_S5_1.JPG,0,C1_P08,2284,1984,2444,2264,160,280,True
C2_P06_N2_S4_1.JPG,0,C2_P06,248,580,428,824,180,244,False
C1_P12_N1_S4_1.JPG,0,C1_P12,1180,776,1396,1088,216,312,True
C1_P04_N1_S4_1.JPG,0,C1_P04,1820,1952,2028,2320,208,368,True
C2_P05_N3_S3_1.JPG,0,C2_P05,292,672,500,976,208,304,True
C2_P08_N1_S6_1.JPG,0,C2_P08,580,932,692,1084,112,152,False
C3_P05_N4_S2_1.JPG,0,C3_P05,3900,312,4284,836,384,524,True
C3_P01_N4_S2_1.JPG,0,C3_P01,1348,400,1708,964,360,564,True
C1_P08_N2_S4_1.JPG,0,C1_P08,2724,1344,2948,1736,224,392,True
C3_P01_N4_S2_1.JPG,0,C3_P01,2740,1356,3092,1952,352,596,True
C1_P08_N4_S3_1.JPG,0,C1_P08,144,900,396,1340,252,440,True
C4_P05_N1_S5_1.JPG,0,C4_P05,832,1344,1000,1620,168,276,True
C3_P06_N3_S4_1.JPG,0,C3_P06,2996,36,3280,516,284,480,True
C2_P01_N1_S5_2.JPG,0,C2_P01,104,604,200,748,96,144,True
C2_P05_N1_S5_1.JPG,0,C2_P05,1392,912,1520,1088,128,176,True
C4_P01_N2_S4_1.JPG,0,C4_P01,1720,80,1904,340,184,260,True
C4_P08_N3_S3_1.JPG,0,C4_P08,792,900,1040,1236,248,336,False
C1_P01_N2_S4_1.JPG,0,C1_P01,1384,816,1644,1220,260,404,True
C2_P07_N3_S3_1.JPG,0,C2_P07,1468,240,1644,516,176,276,False
C1_P10_N3_S3_1.JPG,0,C1_P10,2496,172,2744,548,248,376,True
C4_P07_N2_S3_2.JPG,0,C4_P07,2512,320,2688,620,176,300,True
C2_P03_N1_S5_1.JPG,0,C2_P03,212,1604,344,1812,132,208,True
C2_P01_N2_S2_1.JPG,0,C2_P01,468,984,640,1228,172,244,True
C4_P02_N2_S3_1.JPG,0,C4_P02,840,1600,1012,1844,172,244,True
C1_P02_N1_S4_1.JPG,0,C1_P02,1828,144,2064,500,236,356,True
C2_P02_N1_S5_1.JPG,0,C2_P02,1036,1204,1152,1372,116,168,True
C2_P05_N2_S3_1.JPG,0,C2_P05,2036,1284,2228,1568,192,284,True
C4_P05_N2_S4_1.JPG,0,C4_P05,2256,1196,2456,1500,200,304,True
C1_P09_N1_S5_1.JPG,0,C1_P09,856,2076,1044,2348,188,272,False
C1_P11_N2_S4_3.JPG,0,C1_P11,1556,264,1756,564,200,300,True
C3_P01_N2_S2_2.JPG,0,C3_P01,1428,584,1784,1168,356,584,True
C3_P05_N1_S3_1.JPG,0,C3_P05,1724,1660,1924,1964,200,304,True
C4_P05_N4_S2_1.JPG,0,C4_P05,2080,208,2292,540,212,332,True
C4_P07_N1_S3_2.JPG,0,C4_P07,1224,312,1416,640,192,328,True
C3_P05_N2_S3_1.JPG,0,C3_P05,2328,1752,2544,2084,216,332,True
C2_P01_N2_S3_2.JPG,7,C2_P01,808,1244,948,1464,140,220,True
C2_P01_N2_S4_1.JPG,7,C2_P01,436,1120,568,1292,132,172,True
C1_P08_N2_S5_1.JPG,7,C1_P08,948,716,1112,992,164,276,True
C2_P01_N2_S3_2.JPG,7,C2_P01,116,1232,272,1452,156,220,True
C1_P08_N2_S4_2.JPG,7,C1_P08,308,888,540,1276,232,388,True
C1_P03_N2_S3_1.JPG,7,C1_P03,236,436,432,704,196,268,False
C3_P05_N3_S3_1.JPG,7,C3_P05,2624,388,2916,864,292,476,True
C2_P01_N3_S3_1.JPG,7,C2_P01,1068,600,1220,824,152,224,True
C1_P03_N2_S3_1.JPG,7,C1_P03,1024,472,1220,740,196,268,False
C1_P03_N2_S3_1.JPG,7,C1_P03,1608,480,1804,748,196,268,False
C1_P03_N1_S3_2.JPG,7,C1_P03,1196,896,1360,1124,164,228,False
C2_P01_N1_S4_1.JPG,7,C2_P01,184,1388,304,1556,120,168,True
C3_P05_N3_S3_1.JPG,7,C3_P05,908,1072,1176,1508,268,436,True
C1_P03_N1_S2_2.JPG,7,C1_P03,640,972,836,1264,196,292,False
C1_P08_N3_S4_2.JPG,7,C1_P08,1128,352,1356,700,228,348,True
C1_P03_N1_S3_1.JPG,7,C1_P03,1412,1008,1592,1252,180,244,False
C1_P03_N2_S3_2.JPG,7,C1_P03,1176,316,1400,584,224,268,False
C1_P03_N1_S3_1.JPG,7,C1_P03,680,984,860,1228,180,244,False
C1_P08_N3_S4_1.JPG,7,C1_P08,504,108,772,520,268,412,True
C3_P05_N2_S4_1.JPG,7,C3_P05,340,1268,588,1624,248,356,True
C1_P03_N1_S4_2.JPG,7,C1_P03,360,664,496,852,136,188,False
C1_P08_N2_S4_1.JPG,7,C1_P08,572,776,820,1156,248,380,True
C1_P09_N4_S3_1.JPG,7,C1_P09,1444,756,1612,1012,168,256,False
C1_P03_N1_S3_1.JPG,7,C1_P03,1224,1000,1404,1244,180,244,False
C1_P08_N2_S4_1.JPG,7,C1_P08,2748,752,2972,1144,224,392,True
C4_P02_N1_S3_1.JPG,7,C4_P02,820,1488,984,1728,164,240,True
C1_P08_N2_S3_1.JPG,7,C1_P08,888,928,1140,1296,252,368,True
C1_P08_N1_S4_1.JPG,7,C1_P08,632,1420,876,1756,244,336,True
C2_P01_N4_S2_1.JPG,7,C2_P01,888,268,1096,544,208,276,True
C1_P03_N1_S2_1.JPG,7,C1_P03,148,1100,364,1344,216,244,False
C1_P03_N1_S3_1.JPG,7,C1_P03,2580,976,2784,1292,204,316,False
C1_P03_N1_S2_1.JPG,7,C1_P03,356,1100,552,1360,196,260,False
C1_P08_N3_S4_2.JPG,7,C1_P08,272,252,500,672,228,420,True
C1_P03_N1_S4_2.JPG,7,C1_P03,1272,668,1404,848,132,180,False
C1_P03_N1_S2_2.JPG,7,C1_P03,836,972,1032,1264,196,292,False
C1_P08_N3_S4_1.JPG,7,C1_P08,1216,148,1484,548,268,400,True
C1_P09_N4_S4_1.JPG,7,C1_P09,2132,1268,2316,1528,184,260,False
C4_P02_N2_S3_1.JPG,7,C4_P02,288,948,444,1204,156,256,True
C1_P03_N1_S4_1.JPG,7,C1_P03,1584,884,1748,1108,164,224,False
C4_P02_N2_S3_1.JPG,7,C4_P02,124,956,296,1212,172,256,True
C4_P02_N1_S3_1.JPG,7,C4_P02,984,1500,1156,1740,172,240,True
C1_P03_N1_S2_1.JPG,7,C1_P03,1524,1128,1720,1388,196,260,False
C3_P05_N3_S2_1.JPG,7,C3_P05,1788,1220,2060,1600,272,380,True
C1_P03_N2_S3_1.JPG,7,C1_P03,440,448,636,716,196,268,False
C2_P01_N1_S5_1.JPG,7,C2_P01,472,1308,576,1468,104,160,True
C1_P09_N4_S4_1.JPG,7,C1_P09,1616,1244,1800,1504,184,260,False
C2_P01_N1_S4_1.JPG,7,C2_P01,60,1376,180,1556,120,180,True
C2_P01_N1_S5_2.JPG,7,C2_P01,1368,1296,1484,1448,116,152,True
C1_P03_N1_S2_2.JPG,7,C1_P03,448,968,644,1260,196,292,False
C1_P09_N4_S4_1.JPG,7,C1_P09,1940,1260,2124,1520,184,260,False
C4_P02_N2_S4_1.JPG,7,C4_P02,376,616,516,824,140,208,True
C4_P02_N1_S3_2.JPG,7,C4_P02,2304,1516,2488,1796,184,280,True
C1_P03_N2_S3_2.JPG,7,C1_P03,1384,320,1608,588,224,268,False
C2_P01_N3_S3_1.JPG,7,C2_P01,788,608,940,832,152,224,True
C1_P03_N1_S2_1.JPG,7,C1_P03,548,1100,744,1360,196,260,False
C2_P01_N1_S5_1.JPG,7,C2_P01,276,1312,380,1472,104,160,True
C3_P05_N2_S3_1.JPG,7,C3_P05,1624,1744,1840,2076,216,332,True
C2_P01_N4_S2_1.JPG,7,C2_P01,1084,276,1292,552,208,276,True
C3_P05_N1_S4_1.JPG,7,C3_P05,1560,1988,1756,2268,196,280,True
C1_P03_N1_S3_2.JPG,7,C1_P03,1360,896,1524,1124,164,228,False
C2_P01_N3_S2_1.JPG,7,C2_P01,600,860,792,1120,192,260,True
C1_P08_N2_S4_1.JPG,7,C1_P08,796,772,1044,1152,248,380,True
C2_P01_N4_S2_1.JPG,7,C2_P01,560,252,768,528,208,276,True
C1_P08_N2_S4_2.JPG,7,C1_P08,732,968,964,1280,232,312,True
C1_P08_N2_S4_1.JPG,7,C1_P08,1252,804,1500,1156,248,352,True
C1_P08_N3_S4_1.JPG,7,C1_P08,744,112,1012,524,268,412,True
C1_P03_N1_S4_1.JPG,7,C1_P03,424,860,588,1084,164,224,False
C4_P02_N1_S3_2.JPG,7,C4_P02,368,1500,532,1748,164,248,True
C2_P01_N2_S3_1.JPG,7,C2_P01,300,1532,480,1756,180,224,True
C1_P08_N3_S3_1.JPG,7,C1_P08,584,280,836,644,252,364,True
C2_P01_N1_S5_2.JPG,7,C2_P01,304,1320,420,1472,116,152,True
C4_P02_N2_S3_1.JPG,7,C4_P02,772,956,936,1220,164,264,True
C2_P01_N2_S3_1.JPG,7,C2_P01,1080,1532,1260,1756,180,224,True
C3_P05_N3_S2_1.JPG,7,C3_P05,1004,1228,1276,1608,272,380,True
C3_P05_N3_S2_1.JPG,7,C3_P05,432,1164,744,1624,312,460,True
C3_P05_N3_S3_1.JPG,7,C3_P05,1660,1160,1896,1496,236,336,True
C2_P01_N3_S2_1.JPG,7,C2_P01,928,864,1104,1104,176,240,True
C4_P02_N2_S3_1.JPG,7,C4_P02,604,956,768,1212,164,256,True
C4_P02_N2_S3_1.JPG,7,C4_P02,448,956,600,1204,152,248,True
C1_P03_N1_S2_1.JPG,7,C1_P03,1336,1120,1532,1380,196,260,False
C2_P01_N1_S5_2.JPG,7,C2_P01,784,1312,900,1464,116,152,True
C2_P01_N2_S4_1.JPG,7,C2_P01,892,1120,1024,1292,132,172,True
C1_P08_N3_S4_1.JPG,7,C1_P08,260,96,528,508,268,412,True
C1_P08_N2_S3_1.JPG,7,C1_P08,1116,936,1368,1304,252,368,True
C3_P05_N1_S4_1.JPG,7,C3_P05,1372,1980,1576,2288,204,308,True
C3_P05_N3_S2_1.JPG,7,C3_P05,696,1128,1020,1620,324,492,True
C1_P08_N3_S3_1.JPG,7,C1_P08,1268,308,1520,672,252,364,True
C1_P08_N3_S4_2.JPG,7,C1_P08,912,348,1140,696,228,348,True
C4_P02_N2_S4_1.JPG,7,C4_P02,1276,624,1424,844,148,220,True
C1_P03_N1_S2_2.JPG,7,C1_P03,2640,968,2860,1320,220,352,False
C3_P05_N3_S3_1.JPG,7,C3_P05,424,1084,704,1500,280,416,True
C3_P05_N2_S3_1.JPG,7,C3_P05,2556,1032,2828,1468,272,436,True
C1_P03_N1_S4_1.JPG,7,C1_P03,1256,876,1420,1100,164,224,False
C4_P02_N3_S2_1.JPG,7,C4_P02,240,364,404,628,164,264,True
C3_P05_N2_S3_1.JPG,7,C3_P05,900,1680,1144,2064,244,384,True
C1_P03_N1_S4_1.JPG,7,C1_P03,588,868,752,1092,164,224,False
C3_P05_N1_S5_1.JPG,7,C3_P05,2584,1616,2736,1892,152,276,True
C3_P05_N2_S3_1.JPG,7,C3_P05,684,1664,928,2048,244,384,True
C4_P02_N1_S3_1.JPG,7,C4_P02,1164,1516,1336,1756,172,240,True
C4_P02_N3_S2_1.JPG,7,C4_P02,588,360,752,624,164,264,True
C1_P08_N3_S3_1.JPG,7,C1_P08,352,248,604,612,252,364,True
C2_P01_N2_S3_1.JPG,7,C2_P01,444,1540,624,1761,180,221,True
C4_P02_N2_S3_1.JPG,7,C4_P02,1296,956,1464,1220,168,264,True
C1_P03_N1_S3_2.JPG,7,C1_P03,1528,896,1692,1124,164,228,False
C2_P01_N2_S4_1.JPG,7,C2_P01,88,1084,220,1276,132,192,True
C1_P03_N2_S3_2.JPG,7,C1_P03,796,316,1020,584,224,268,False
C4_P02_N2_S3_1.JPG,7,C4_P02,608,952,768,1200,160,248,True
C1_P08_N3_S3_1.JPG,7,C1_P08,2720,308,2972,680,252,372,True
C2_P01_N1_S4_1.JPG,7,C2_P01,408,1388,528,1556,120,168,True
C1_P03_N1_S2_2.JPG,7,C1_P03,1600,984,1820,1284,220,300,False
C3_P05_N4_S2_1.JPG,7,C3_P05,168,424,540,920,372,496,True
C3_P05_N3_S2_1.JPG,7,C3_P05,1544,1224,1816,1604,272,380,True
C2_P01_N4_S2_1.JPG,7,C2_P01,236,232,444,508,208,276,True
C4_P02_N2_S4_1.JPG,7,C4_P02,816,612,956,828,140,216,True
C3_P05_N3_S3_1.JPG,7,C3_P05,1884,1164,2120,1500,236,336,True
C2_P01_N2_S3_1.JPG,7,C2_P01,108,1528,288,1752,180,224,True
C4_P02_N1_S3_2.JPG,7,C4_P02,524,1520,688,1768,164,248,True
C1_P03_N1_S4_1.JPG,7,C1_P03,1084,876,1248,1100,164,224,False
C2_P01_N2_S3_1.JPG,7,C2_P01,920,1536,1100,1760,180,224,True
C1_P03_N2_S3_1.JPG,7,C1_P03,1416,468,1612,736,196,268,False
C4_P02_N3_S2_1.JPG,7,C4_P02,932,364,1104,628,172,264,True
C1_P08_N2_S4_1.JPG,7,C1_P08,328,772,576,1152,248,380,True
C2_P01_N3_S3_1.JPG,7,C2_P01,660,604,812,828,152,224,True
C3_P05_N2_S4_1.JPG,7,C3_P05,2844,1288,3044,1652,200,364,True
C4_P02_N3_S2_1.JPG,7,C4_P02,2260,324,2440,628,180,304,True
C2_P01_N1_S5_1.JPG,7,C2_P01,372,1316,476,1476,104,160,True
C1_P08_N2_S5_1.JPG,7,C1_P08,1084,708,1268,988,184,280,True
C1_P08_N3_S4_1.JPG,7,C1_P08,992,120,1260,532,268,412,True
C2_P01_N1_S5_1.JPG,7,C2_P01,560,1308,664,1468,104,160,True
C4_P02_N2_S3_1.JPG,7,C4_P02,2208,916,2376,1204,168,288,True
C1_P03_N1_S3_1.JPG,7,C1_P03,1592,1012,1772,1256,180,244,False
C2_P01_N1_S5_1.JPG,7,C2_P01,184,1308,288,1472,104,164,True
C4_P02_N1_S3_1.JPG,7,C4_P02,656,1480,820,1720,164,240,True
C4_P04_N5_S2_1.JPG,7,C4_P04,2148,672,2384,1036,236,364,True
C1_P08_N2_S3_1.JPG,7,C1_P08,672,928,924,1296,252,368,True
C2_P01_N4_S2_1.JPG,7,C2_P01,744,260,952,536,208,276,True
C1_P03_N1_S3_1.JPG,7,C1_P03,308,980,488,1224,180,244,False
C1_P09_N3_S4_1.JPG,7,C1_P09,2116,1240,2304,1532,188,292,False
C4_P02_N2_S4_1.JPG,7,C4_P02,672,616,812,832,140,216,True
C1_P08_N3_S4_1.JPG,7,C1_P08,12,40,280,520,268,480,True
C4_P02_N2_S4_1.JPG,7,C4_P02,972,620,1112,836,140,216,True
C1_P08_N2_S5_1.JPG,7,C1_P08,1252,732,1436,1012,184,280,True
C1_P03_N1_S2_2.JPG,7,C1_P03,1400,976,1620,1276,220,300,False
C2_P01_N1_S5_1.JPG,7,C2_P01,68,1284,180,1464,112,180,True
C3_P05_N2_S3_1.JPG,7,C3_P05,1844,1744,2060,2076,216,332,True
C3_P05_N3_S3_1.JPG,7,C3_P05,660,1084,940,1508,280,424,True
C3_P05_N1_S5_1.JPG,7,C3_P05,1000,1588,1168,1864,168,276,True
C1_P03_N1_S3_2.JPG,7,C1_P03,688,892,852,1120,164,228,False
C1_P03_N1_S2_2.JPG,7,C1_P03,1212,988,1408,1280,196,292,False
C3_P05_N4_S2_1.JPG,7,C3_P05,1640,476,1916,896,276,420,True
C1_P08_N2_S4_2.JPG,7,C1_P08,1156,960,1388,1272,232,312,True
C3_P05_N2_S4_1.JPG,7,C3_P05,776,1284,992,1628,216,344,True
C4_P02_N2_S3_1.JPG,7,C4_P02,940,956,1104,1220,164,264,True
C1_P08_N2_S3_1.JPG,7,C1_P08,428,916,680,1284,252,368,True
C1_P08_N3_S4_2.JPG,7,C1_P08,2668,384,2888,724,220,340,True
C1_P03_N2_S3_2.JPG,7,C1_P03,2632,256,2856,600,224,344,False
C1_P08_N3_S3_1.JPG,7,C1_P08,1060,300,1312,664,252,364,True
C3_P05_N4_S2_1.JPG,7,C3_P05,1356,476,1632,896,276,420,True
C2_P01_N3_S2_1.JPG,7,C2_P01,280,848,472,1108,192,260,True
C2_P01_N4_S2_1.JPG,7,C2_P01,2268,264,2444,560,176,296,True
C1_P08_N2_S5_1.JPG,7,C1_P08,2616,736,2772,1024,156,288,True
C1_P03_N2_S3_1.JPG,7,C1_P03,828,456,1024,724,196,268,False
C4_P02_N1_S3_1.JPG,7,C4_P02,496,1476,648,1716,152,240,True
C1_P03_N2_S3_1.JPG,7,C1_P03,1212,468,1408,736,196,268,False
C1_P08_N2_S4_2.JPG,7,C1_P08,1336,972,1568,1284,232,312,True
C3_P05_N1_S5_1.JPG,7,C3_P05,844,1584,1012,1860,168,276,True
C2_P01_N1_S4_1.JPG,7,C2_P01,312,1400,432,1568,120,168,True
C4_P02_N3_S2_1.JPG,7,C4_P02,84,368,248,632,164,264,True
C1_P03_N2_S3_1.JPG,7,C1_P03,632,456,828,724,196,268,False
C3_P05_N1_S5_1.JPG,7,C3_P05,688,1588,856,1864,168,276,True
C2_P01_N2_S3_1.JPG,7,C2_P01,2224,1540,2404,1732,180,192,True
C1_P03_N1_S2_1.JPG,7,C1_P03,744,1104,940,1364,196,260,False
C1_P03_N2_S3_2.JPG,7,C1_P03,592,316,816,584,224,268,False
C1_P08_N1_S4_1.JPG,7,C1_P08,1096,1416,1340,1752,244,336,True
C1_P03_N1_S4_1.JPG,7,C1_P03,920,872,1084,1096,164,224,False
C4_P02_N2_S3_1.JPG,7,C4_P02,1116,960,1280,1224,164,264,True
C1_P08_N2_S4_2.JPG,7,C1_P08,940,964,1172,1276,232,312,True
C1_P08_N3_S4_2.JPG,7,C1_P08,504,328,732,676,228,348,True
C1_P08_N2_S4_2.JPG,7,C1_P08,528,972,760,1284,232,312,True
C2_P01_N3_S2_1.JPG,7,C2_P01,444,848,636,1108,192,260,True
C2_P01_N2_S3_2.JPG,7,C2_P01,1872,1240,2012,1444,140,204,True
C1_P03_N1_S2_1.JPG,7,C1_P03,936,1116,1132,1376,196,260,False
C2_P01_N2_S4_1.JPG,7,C2_P01,1552,1100,1680,1280,128,180,True
C2_P01_N3_S2_1.JPG,7,C2_P01,1240,848,1416,1088,176,240,True
C1_P08_N3_S4_1.JPG,7,C1_P08,2772,164,3012,572,240,408,True
C2_P01_N3_S3_1.JPG,7,C2_P01,516,608,668,832,152,224,True
C3_P05_N2_S3_1.JPG,7,C3_P05,1388,1740,1604,2072,216,332,True
C3_P05_N3_S2_1.JPG,7,C3_P05,3396,1136,3704,1592,308,456,True
C3_P05_N4_S2_1.JPG,7,C3_P05,1920,452,2196,892,276,440,True
C1_P08_N2_S3_1.JPG,7,C1_P08,1356,940,1572,1304,216,364,True
C1_P09_N3_S4_2.JPG,7,C1_P09,1448,1072,1620,1328,172,256,False
C4_P02_N2_S4_1.JPG,7,C4_P02,1124,616,1272,836,148,220,True
C2_P01_N2_S3_1.JPG,7,C2_P01,752,1536,932,1760,180,224,True
C1_P03_N1_S3_2.JPG,7,C1_P03,860,892,1024,1120,164,228,False
C2_P01_N4_S2_1.JPG,7,C2_P01,48,200,256,476,208,276,True
C3_P05_N2_S4_1.JPG,7,C3_P05,1412,1332,1616,1628,204,296,True
C4_P02_N2_S3_1.JPG,7,C4_P02,280,960,432,1200,152,240,True
C2_P01_N2_S4_1.JPG,7,C2_P01,544,1116,676,1288,132,172,True
C1_P08_N2_S5_1.JPG,7,C1_P08,1564,732,1748,1012,184,280,True
C2_P01_N1_S5_2.JPG,7,C2_P01,692,1316,808,1468,116,152,True
C2_P01_N1_S5_2.JPG,7,C2_P01,208,1324,324,1476,116,152,True
C3_P05_N1_S5_1.JPG,7,C3_P05,1176,1632,1344,1888,168,256,True
C2_P01_N3_S3_1.JPG,7,C2_P01,100,568,252,792,152,224,True
C1_P08_N2_S4_1.JPG,7,C1_P08,1036,772,1284,1152,248,380,True
C2_P01_N1_S5_2.JPG,7,C2_P01,412,1316,528,1468,116,152,True
C1_P08_N1_S4_1.JPG,7,C1_P08,1324,1432,1536,1756,212,324,True
C3_P05_N2_S4_1.JPG,7,C3_P05,1204,1340,1408,1636,204,296,True
C4_P02_N2_S3_1.JPG,7,C4_P02,440,956,604,1212,164,256,True
C3_P05_N2_S4_1.JPG,7,C3_P05,564,1280,788,1632,224,352,True
C1_P03_N1_S2_1.JPG,7,C1_P03,1124,1116,1320,1376,196,260,False
C1_P03_N1_S4_2.JPG,7,C1_P03,484,664,620,852,136,188,False
C1_P03_N1_S3_1.JPG,7,C1_P03,500,984,680,1228,180,244,False
C1_P09_N4_S4_1.JPG,7,C1_P09,1972,872,2156,1152,184,280,False
C3_P05_N2_S3_1.JPG,7,C3_P05,440,1660,700,2044,260,384,True
C1_P08_N2_S4_1.JPG,7,C1_P08,84,704,332,1144,248,440,True
C1_P03_N1_S3_1.JPG,7,C1_P03,1044,996,1224,1240,180,244,False
C2_P01_N2_S3_1.JPG,7,C2_P01,2360,956,2520,1212,160,256,True
C1_P09_N2_S6_1.JPG,7,C1_P09,1984,1892,2120,2124,136,232,False
C2_P01_N2_S4_1.JPG,7,C2_P01,216,1116,348,1288,132,172,True
C4_P02_N1_S3_2.JPG,7,C4_P02,864,1532,1028,1780,164,248,True
C4_P02_N1_S3_1.JPG,7,C4_P02,1332,1520,1504,1760,172,240,True
C1_P03_N1_S4_2.JPG,7,C1_P03,756,664,892,852,136,188,False
C2_P01_N1_S5_1.JPG,7,C2_P01,652,1308,756,1468,104,160,True
C3_P05_N3_S3_1.JPG,7,C3_P05,3372,1104,3616,1520,244,416,True
C3_P05_N2_S4_1.JPG,7,C3_P05,1620,1336,1808,1632,188,296,True
C1_P03_N1_S3_2.JPG,7,C1_P03,352,896,516,1124,164,228,False
C4_P02_N2_S4_1.JPG,7,C4_P02,236,612,376,820,140,208,True
C4_P02_N2_S3_1.JPG,7,C4_P02,128,960,280,1200,152,240,True
C1_P09_N2_S6_1.JPG,7,C1_P09,2124,1892,2288,2124,164,232,False
C3_P05_N3_S2_1.JPG,7,C3_P05,2620,360,2936,876,316,516,True
C1_P09_N2_S6_1.JPG,7,C1_P09,1648,1860,1816,2120,168,260,False
C3_P05_N4_S2_1.JPG,7,C3_P05,1084,484,1360,904,276,420,True
C2_P01_N1_S4_1.JPG,7,C2_P01,624,1396,744,1564,120,168,True
C1_P08_N2_S4_2.JPG,7,C1_P08,2648,936,2852,1292,204,356,True
C1_P08_N1_S4_1.JPG,7,C1_P08,392,1420,636,1756,244,336,True
C4_P02_N1_S3_2.JPG,7,C4_P02,1400,1552,1564,1800,164,248,True
C3_P05_N2_S3_1.JPG,7,C3_P05,3256,1724,3472,2112,216,388,True
C1_P03_N2_S3_2.JPG,7,C1_P03,1580,320,1804,588,224,268,False
C1_P03_N1_S2_2.JPG,7,C1_P03,1024,976,1220,1268,196,292,False
C2_P01_N3_S2_1.JPG,7,C2_P01,776,844,968,1104,192,260,True
C3_P05_N3_S2_1.JPG,7,C3_P05,132,1156,480,1628,348,472,True
C1_P08_N1_S4_1.JPG,7,C1_P08,856,1428,1100,1764,244,336,True
C2_P01_N1_S5_2.JPG,7,C2_P01,108,1300,228,1468,120,168,True
C2_P01_N4_S2_1.JPG,7,C2_P01,1272,268,1480,544,208,276,True
C2_P01_N1_S5_1.JPG,7,C2_P01,756,1300,860,1460,104,160,True
C1_P03_N1_S3_1.JPG,7,C1_P03,860,984,1040,1228,180,244,False
C4_P02_N1_S3_2.JPG,7,C4_P02,692,1524,856,1772,164,248,True
C2_P01_N1_S5_2.JPG,7,C2_P01,496,1320,612,1472,116,152,True
C3_P05_N3_S3_1.JPG,7,C3_P05,1412,1164,1648,1500,236,336,True
C2_P01_N3_S3_1.JPG,7,C2_P01,380,592,532,816,152,224,True
C1_P03_N1_S3_2.JPG,7,C1_P03,2400,872,2576,1144,176,272,False
C1_P03_N1_S2_2.JPG,7,C1_P03,276,964,472,1256,196,292,False
C1_P03_N1_S4_2.JPG,7,C1_P03,1136,668,1268,848,132,180,False
C2_P01_N2_S4_1.JPG,7,C2_P01,328,1112,460,1284,132,172,True
C3_P05_N2_S4_1.JPG,7,C3_P05,1000,1332,1216,1656,216,324,True
C1_P08_N3_S3_1.JPG,7,C1_P08,824,300,1076,664,252,364,True
C1_P08_N1_S4_1.JPG,7,C1_P08,140,1360,384,1768,244,408,True
C1_P03_N2_S3_2.JPG,7,C1_P03,228,308,416,576,188,268,False
C3_P05_N4_S2_1.JPG,7,C3_P05,468,412,808,916,340,504,True
C2_P01_N2_S4_1.JPG,7,C2_P01,664,1116,796,1288,132,172,True
C4_P02_N2_S4_1.JPG,7,C4_P02,2076,592,2240,852,164,260,True
C4_P02_N3_S2_1.JPG,7,C4_P02,1128,352,1300,616,172,264,True
C1_P03_N2_S3_2.JPG,7,C1_P03,412,316,616,584,204,268,False
C2_P01_N3_S3_1.JPG,7,C2_P01,932,600,1084,824,152,224,True
C3_P05_N3_S2_1.JPG,7,C3_P05,1264,1232,1536,1612,272,380,True
C3_P05_N1_S4_1.JPG,7,C3_P05,1724,2000,1920,2280,196,280,True
C1_P08_N3_S4_2.JPG,7,C1_P08,704,344,932,692,228,348,True
C2_P01_N1_S4_1.JPG,7,C2_P01,1588,968,1708,1148,120,180,True
C2_P01_N1_S4_1.JPG,7,C2_P01,856,1384,976,1552,120,168,True
C1_P03_N1_S4_1.JPG,7,C1_P03,756,868,920,1092,164,224,False
C3_P05_N1_S4_1.JPG,7,C3_P05,840,1952,1044,2260,204,308,True
C4_P02_N1_S3_1.JPG,7,C4_P02,2212,1472,2384,1752,172,280,True
C2_P01_N1_S4_1.JPG,7,C2_P01,1508,1360,1628,1540,120,180,True
C2_P01_N4_S2_1.JPG,7,C2_P01,412,240,620,516,208,276,True
C3_P05_N1_S4_1.JPG,7,C3_P05,2792,1964,2980,2260,188,296,True
C1_P03_N1_S2_1.JPG,7,C1_P03,2532,1108,2752,1428,220,320,False
C3_P05_N1_S4_1.JPG,7,C3_P05,1200,1984,1404,2292,204,308,True
C4_P02_N2_S4_1.JPG,7,C4_P02,524,616,664,824,140,208,True
C1_P08_N2_S3_1.JPG,7,C1_P08,2796,916,3012,1292,216,376,True
C3_P05_N1_S4_1.JPG,7,C3_P05,2296,1460,2460,1808,164,348,True
C3_P05_N1_S5_1.JPG,7,C3_P05,2132,1180,2300,1452,168,272,True
C1_P08_N3_S3_1.JPG,7,C1_P08,96,196,348,644,252,448,True
C2_P01_N3_S2_1.JPG,7,C2_P01,2184,852,2360,1092,176,240,True
C3_P05_N4_S2_1.JPG,7,C3_P05,740,404,1104,912,364,508,True
C1_P08_N3_S4_2.JPG,7,C1_P08,1320,364,1548,712,228,348,True
C4_P02_N1_S3_1.JPG,7,C4_P02,184,1432,336,1708,152,276,True
C4_P02_N1_S3_1.JPG,7,C4_P02,328,1456,480,1716,152,260,True
C2_P01_N3_S2_1.JPG,7,C2_P01,108,816,300,1100,192,284,True
C2_P01_N3_S2_1.JPG,7,C2_P01,1080,856,1256,1096,176,240,True
C4_P02_N3_S2_1.JPG,7,C4_P02,1300,360,1492,624,192,264,True
C3_P05_N2_S3_1.JPG,7,C3_P05,1168,1740,1384,2072,216,332,True
C1_P03_N1_S4_2.JPG,7,C1_P03,1004,668,1136,848,132,180,False
C2_P01_N2_S3_2.JPG,7,C2_P01,1964,756,2120,960,156,204,True
C2_P01_N2_S3_1.JPG,7,C2_P01,1252,1528,1432,1752,180,224,True
C2_P01_N1_S5_2.JPG,7,C2_P01,604,1316,720,1468,116,152,True
C2_P01_N1_S4_1.JPG,7,C2_P01,512,1388,632,1556,120,168,True
C1_P03_N2_S3_2.JPG,7,C1_P03,996,324,1220,592,224,268,False
C1_P03_N1_S3_2.JPG,7,C1_P03,1016,900,1180,1128,164,228,False
C3_P05_N1_S5_1.JPG,7,C3_P05,1644,1640,1796,1896,152,256,True
C1_P08_N2_S3_1.JPG,7,C1_P08,168,852,420,1268,252,416,True
C4_P02_N1_S3_2.JPG,7,C4_P02,200,1492,364,1740,164,248,True
C1_P09_N2_S6_1.JPG,7,C1_P09,1980,1508,2148,1768,168,260,False
C4_P02_N1_S3_2.JPG,7,C4_P02,1040,1536,1204,1784,164,248,True
C1_P03_N1_S4_2.JPG,7,C1_P03,888,664,1020,844,132,180,False
C1_P03_N1_S4_1.JPG,7,C1_P03,2436,848,2604,1120,168,272,False
C1_P03_N1_S3_2.JPG,7,C1_P03,520,900,684,1128,164,228,False
C3_P05_N2_S2_1.JPG,7,C3_P05,2520,1096,2772,1552,252,456,True
C3_P05_N3_S3_1.JPG,7,C3_P05,1180,1156,1416,1492,236,336,True
C1_P03_N1_S4_1.JPG,7,C1_P03,1408,880,1572,1104,164,224,False
C4_P02_N3_S2_1.JPG,7,C4_P02,760,360,932,624,172,264,True
C3_P05_N1_S5_1.JPG,7,C3_P05,1324,1632,1492,1888,168,256,True
C1_P03_N3_S2_1.JPG,6,C1_P03,1200,1232,1400,1516,200,284,False
C1_P03_N1_S4_1.JPG,6,C1_P03,1716,2096,1892,2360,176,264,False
C1_P03_N1_S4_2.JPG,6,C1_P03,988,1616,1128,1832,140,216,False
C1_P08_N4_S3_1.JPG,6,C1_P08,824,312,1072,708,248,396,True
C4_P02_N4_S3_1.JPG,6,C4_P02,836,948,1000,1184,164,236,True
C1_P08_N2_S3_1.JPG,6,C1_P08,876,1556,1116,1932,240,376,True
C1_P08_N3_S3_1.JPG,6,C1_P08,1256,888,1472,1284,216,396,True
C1_P08_N3_S4_2.JPG,6,C1_P08,1308,892,1528,1256,220,364,True
C1_P08_N2_S5_1.JPG,6,C1_P08,2300,1180,2460,1428,160,248,True
C1_P08_N2_S4_2.JPG,6,C1_P08,1524,1496,1728,1812,204,316,True
C4_P02_N2_S4_1.JPG,6,C4_P02,1548,1760,1692,1964,144,204,True
C4_P02_N4_S2_1.JPG,6,C4_P02,568,1192,804,1508,236,316,True
C1_P08_N3_S3_1.JPG,6,C1_P08,804,940,1060,1316,256,376,True
C1_P08_N2_S5_1.JPG,6,C1_P08,2444,1184,2604,1432,160,248,True
C4_P02_N4_S3_1.JPG,6,C4_P02,1512,964,1680,1224,168,260,True
C4_P04_N1_S5_1.JPG,6,C4_P04,968,1684,1140,1972,172,288,True
C1_P08_N4_S3_1.JPG,6,C1_P08,1500,328,1732,716,232,388,True
C1_P03_N1_S4_1.JPG,6,C1_P03,1368,2052,1528,2348,160,296,False
C4_P02_N4_S3_1.JPG,6,C4_P02,1152,928,1320,1180,168,252,True
C1_P09_N4_S4_1.JPG,6,C1_P09,1060,520,1256,796,196,276,False
C1_P08_N1_S4_1.JPG,6,C1_P08,1280,2004,1512,2404,232,400,True
C1_P08_N4_S4_1.JPG,6,C1_P08,2356,384,2528,748,172,364,True
C4_P04_N3_S3_1.JPG,6,C4_P04,992,1100,1204,1440,212,340,True
C4_P04_N5_S2_1.JPG,6,C4_P04,736,140,948,544,212,404,True
C1_P09_N1_S5_2.JPG,6,C1_P09,1068,2016,1232,2264,164,248,False
C1_P08_N2_S5_1.JPG,6,C1_P08,1252,1160,1420,1428,168,268,True
C1_P09_N3_S4_1.JPG,6,C1_P09,1396,1268,1584,1560,188,292,False
C3_P05_N3_S3_1.JPG,6,C3_P05,3544,1884,3788,2224,244,340,True
C4_P02_N2_S4_1.JPG,6,C4_P02,2164,1784,2308,1996,144,212,True
C3_P05_N3_S3_1.JPG,6,C3_P05,2368,1856,2580,2196,212,340,True
C3_P05_N3_S3_1.JPG,6,C3_P05,3084,1860,3312,2200,228,340,True
C1_P09_N2_S6_1.JPG,6,C1_P09,1324,1208,1492,1448,168,240,False
C1_P08_N3_S3_1.JPG,6,C1_P08,1688,932,1904,1288,216,356,True
C1_P03_N1_S4_2.JPG,6,C1_P03,1528,1636,1668,1844,140,208,False
C1_P03_N1_S4_2.JPG,6,C1_P03,2076,1664,2216,1872,140,208,False
C1_P03_N3_S2_1.JPG,6,C1_P03,1984,1264,2176,1548,192,284,False
C1_P03_N1_S4_2.JPG,6,C1_P03,1388,1624,1528,1832,140,208,False
C1_P09_N4_S3_1.JPG,6,C1_P09,528,444,692,704,164,260,False
C1_P08_N3_S4_1.JPG,6,C1_P08,764,812,1020,1196,256,384,True
C1_P08_N2_S4_1.JPG,6,C1_P08,2320,1404,2544,1732,224,328,True
C1_P09_N4_S3_1.JPG,6,C1_P09,824,800,992,1012,168,212,False
C1_P03_N1_S4_1.JPG,6,C1_P03,1880,2108,2056,2372,176,264,False
C1_P03_N2_S3_1.JPG,6,C1_P03,988,1852,1180,2156,192,304,False
C1_P03_N2_S3_2.JPG,6,C1_P03,2752,1784,2936,2076,184,292,False
C1_P08_N2_S3_1.JPG,6,C1_P08,1532,1552,1772,1932,240,380,True
C1_P09_N3_S4_1.JPG,6,C1_P09,1396,888,1584,1176,188,288,False
C1_P03_N2_S3_1.JPG,6,C1_P03,1956,1908,2148,2172,192,264,False
C1_P09_N2_S6_1.JPG,6,C1_P09,1336,1552,1504,1792,168,240,False
C1_P09_N4_S3_1.JPG,6,C1_P09,832,456,996,700,164,244,False
C4_P02_N2_S4_1.JPG,6,C4_P02,1404,1748,1548,1964,144,216,True
C1_P03_N2_S3_1.JPG,6,C1_P03,1360,1840,1544,2144,184,304,False
C1_P03_N1_S4_2.JPG,6,C1_P03,1120,1604,1252,1840,132,236,False
C1_P03_N1_S4_2.JPG,6,C1_P03,1940,1664,2080,1872,140,208,False
C1_P08_N3_S3_1.JPG,6,C1_P08,1904,892,2120,1260,216,368,True
C3_P05_N3_S3_1.JPG,6,C3_P05,2116,1808,2348,2200,232,392,True
C1_P08_N2_S4_1.JPG,6,C1_P08,1252,1356,1464,1760,212,404,True
C3_P05_N2_S4_1.JPG,6,C3_P05,2008,1924,2212,2232,204,308,True
C1_P03_N2_S3_2.JPG,6,C1_P03,1184,1736,1368,2024,184,288,False
C3_P05_N1_S5_1.JPG,6,C3_P05,1172,2096,1328,2324,156,228,True
C1_P03_N1_S4_1.JPG,6,C1_P03,1208,2088,1372,2328,164,240,False
C3_P05_N3_S3_1.JPG,6,C3_P05,3300,1884,3544,2224,244,340,True
C1_P08_N4_S4_1.JPG,6,C1_P08,1484,360,1708,716,224,356,True
C1_P08_N3_S3_1.JPG,6,C1_P08,1484,928,1700,1276,216,348,True
C1_P08_N1_S4_1.JPG,6,C1_P08,1500,2004,1732,2404,232,400,True
C3_P05_N1_S5_1.JPG,6,C3_P05,1476,2048,1624,2320,148,272,True
C1_P08_N3_S3_1.JPG,6,C1_P08,2508,928,2708,1268,200,340,True
C1_P09_N3_S3_1.JPG,6,C1_P09,816,820,1008,1076,192,256,False
C3_P05_N1_S5_1.JPG,6,C3_P05,2712,2104,2860,2316,148,212,True
C4_P02_N2_S4_1.JPG,6,C4_P02,952,1728,1092,1940,140,212,True
C3_P05_N4_S2_1.JPG,6,C3_P05,1660,1244,1900,1672,240,428,True
C1_P08_N3_S4_1.JPG,6,C1_P08,2520,848,2744,1188,224,340,True
C4_P02_N4_S3_1.JPG,6,C4_P02,1692,980,1860,1232,168,252,True
C1_P09_N2_S4_1.JPG,6,C1_P09,1384,1224,1580,1496,196,272,False
C1_P09_N3_S4_2.JPG,6,C1_P09,820,1092,992,1348,172,256,False
C3_P05_N2_S4_1.JPG,6,C3_P05,2816,1940,3000,2212,184,272,True
C3_P05_N2_S4_1.JPG,6,C3_P05,3016,1936,3200,2208,184,272,True
C1_P03_N2_S3_1.JPG,6,C1_P03,1172,1852,1364,2156,192,304,False
C1_P03_N2_S3_2.JPG,6,C1_P03,1016,1736,1192,2024,176,288,False
C1_P03_N2_S3_2.JPG,6,C1_P03,1764,1736,1948,2028,184,292,False
C3_P05_N2_S4_1.JPG,6,C3_P05,1424,1896,1588,2208,164,312,True
C1_P08_N2_S4_2.JPG,6,C1_P08,1912,1460,2116,1800,204,340,True
C4_P02_N4_S3_1.JPG,6,C4_P02,1004,956,1168,1192,164,236,True
C4_P04_N4_S2_1.JPG,6,C4_P04,888,708,1116,1068,228,360,True
C1_P08_N4_S3_1.JPG,6,C1_P08,1268,244,1512,688,244,444,True
C4_P02_N4_S3_1.JPG,6,C4_P02,2208,1008,2376,1252,168,244,True
C3_P05_N1_S5_1.JPG,6,C3_P05,2560,2104,2696,2312,136,208,True
C1_P03_N3_S2_1.JPG,6,C1_P03,1788,1252,1980,1536,192,284,False
C3_P05_N4_S2_1.JPG,6,C3_P05,1964,1220,2204,1680,240,460,True
C1_P08_N2_S5_1.JPG,6,C1_P08,1704,1176,1872,1424,168,248,True
C1_P09_N3_S3_1.JPG,6,C1_P09,660,812,852,1068,192,256,False
C1_P08_N3_S3_1.JPG,6,C1_P08,2312,912,2528,1280,216,368,True
C4_P02_N4_S2_1.JPG,6,C4_P02,776,1156,996,1520,220,364,True
C1_P08_N2_S4_2.JPG,6,C1_P08,2436,1500,2612,1800,176,300,True
C1_P03_N3_S2_1.JPG,6,C1_P03,1384,1208,1576,1516,192,308,False
C1_P09_N2_S4_1.JPG,6,C1_P09,1220,1240,1416,1512,196,272,False
C3_P05_N3_S3_1.JPG,6,C3_P05,1180,1832,1424,2220,244,388,True
C1_P03_N3_S2_1.JPG,6,C1_P03,2572,1312,2764,1584,192,272,False
C1_P08_N3_S4_2.JPG,6,C1_P08,1508,956,1708,1272,200,316,True
C1_P09_N3_S4_1.JPG,6,C1_P09,1052,864,1216,1152,164,288,False
C1_P08_N2_S4_2.JPG,6,C1_P08,956,1504,1160,1840,204,336,True
C1_P08_N4_S3_1.JPG,6,C1_P08,2616,344,2788,700,172,356,True
C1_P08_N3_S4_1.JPG,6,C1_P08,2300,848,2524,1188,224,340,True
C1_P09_N2_S6_1.JPG,6,C1_P09,1012,1188,1180,1460,168,272,False
C4_P02_N2_S4_1.JPG,6,C4_P02,1092,1708,1236,1940,144,232,True
C3_P05_N1_S5_1.JPG,6,C3_P05,2416,2104,2564,2312,148,208,True
C1_P08_N2_S4_1.JPG,6,C1_P08,1484,1404,1704,1764,220,360,True
C1_P08_N2_S3_1.JPG,6,C1_P08,2592,1540,2788,1888,196,348,True
C3_P05_N1_S5_1.JPG,6,C3_P05,1948,2088,2096,2320,148,232,True
C1_P08_N2_S4_1.JPG,6,C1_P08,2512,1408,2736,1736,224,328,True
C1_P03_N3_S2_1.JPG,6,C1_P03,1016,1220,1208,1488,192,268,False
C4_P02_N4_S3_1.JPG,6,C4_P02,2404,1016,2572,1244,168,228,True
C1_P03_N2_S3_2.JPG,6,C1_P03,1956,1756,2140,2048,184,292,False
C3_P05_N4_S2_1.JPG,6,C3_P05,3828,1240,4136,1604,308,364,True
C4_P04_N3_S3_1.JPG,6,C4_P04,792,1068,1004,1440,212,372,True
C1_P08_N4_S4_1.JPG,6,C1_P08,792,308,1028,720,236,412,True
C1_P09_N1_S5_1.JPG,6,C1_P09,1212,2072,1384,2352,172,280,False
C4_P02_N4_S2_1.JPG,6,C4_P02,2472,1236,2700,1572,228,336,True
C1_P08_N1_S4_1.JPG,6,C1_P08,2568,2012,2800,2384,232,372,True
C3_P05_N4_S2_1.JPG,6,C3_P05,1120,1304,1420,1696,300,392,True
C4_P02_N4_S2_1.JPG,6,C4_P02,1516,1200,1744,1536,228,336,True
C4_P04_N5_S2_1.JPG,6,C4_P04,1172,188,1408,560,236,372,True
C4_P02_N4_S2_1.JPG,6,C4_P02,2220,1228,2448,1564,228,336,True
C1_P08_N2_S3_1.JPG,6,C1_P08,1324,1492,1564,1904,240,412,True
C1_P08_N1_S4_1.JPG,6,C1_P08,1736,2016,1968,2416,232,400,True
C1_P08_N4_S3_1.JPG,6,C1_P08,1736,316,1960,700,224,384,True
C3_P05_N4_S2_1.JPG,6,C3_P05,2492,1276,2736,1660,244,384,True
C3_P05_N1_S5_1.JPG,6,C3_P05,1784,2056,1932,2328,148,272,True
C1_P08_N1_S4_1.JPG,6,C1_P08,1956,1988,2188,2388,232,400,True
C1_P03_N2_S3_1.JPG,6,C1_P03,2744,1972,2944,2188,200,216,False
C1_P08_N4_S4_1.JPG,6,C1_P08,2568,392,2744,748,176,356,True
C3_P05_N1_S5_1.JPG,6,C3_P05,1636,2048,1784,2320,148,272,True
C1_P08_N4_S3_1.JPG,6,C1_P08,1980,264,2160,692,180,428,True
C1_P09_N3_S4_2.JPG,6,C1_P09,828,768,1000,1024,172,256,False
C4_P02_N2_S4_1.JPG,6,C4_P02,2012,1780,2156,1992,144,212,True
C1_P08_N2_S3_1.JPG,6,C1_P08,1744,1536,1984,1916,240,380,True
C1_P03_N2_S3_1.JPG,6,C1_P03,2532,1948,2732,2180,200,232,False
C1_P09_N4_S4_1.JPG,6,C1_P09,1256,912,1440,1152,184,240,False
C1_P08_N2_S4_2.JPG,6,C1_P08,1336,1448,1540,1804,204,356,True
C1_P08_N2_S4_2.JPG,6,C1_P08,2276,1500,2452,1800,176,300,True
C1_P08_N2_S5_1.JPG,6,C1_P08,1544,1140,1712,1420,168,280,True
C1_P08_N4_S4_1.JPG,6,C1_P08,1700,368,1928,732,228,364,True
C1_P08_N4_S3_1.JPG,6,C1_P08,2396,332,2592,692,196,360,True
C1_P08_N2_S4_1.JPG,6,C1_P08,1920,1372,2124,1756,204,384,True
C1_P08_N3_S4_2.JPG,6,C1_P08,916,944,1140,1268,224,324,True
C1_P03_N2_S3_2.JPG,6,C1_P03,2548,1776,2732,2068,184,292,False
C1_P03_N1_S4_2.JPG,6,C1_P03,868,1620,1008,1836,140,216,False
C3_P05_N4_S2_1.JPG,6,C3_P05,3560,1272,3836,1636,276,364,True
C4_P02_N4_S2_1.JPG,6,C4_P02,352,1196,588,1512,236,316,True
C1_P08_N3_S4_1.JPG,6,C1_P08,1432,836,1688,1196,256,360,True
C1_P08_N2_S3_1.JPG,6,C1_P08,1980,1504,2196,1904,216,400,True
C1_P08_N3_S4_2.JPG,6,C1_P08,1908,904,2108,1260,200,356,True
C4_P04_N4_S2_1.JPG,6,C4_P04,1120,688,1348,1048,228,360,True
C1_P08_N1_S4_1.JPG,6,C1_P08,828,2064,1060,2432,232,368,True
C3_P05_N2_S4_1.JPG,6,C3_P05,1632,1884,1800,2220,168,336,True
C1_P08_N2_S4_1.JPG,6,C1_P08,1700,1400,1920,1760,220,360,True
C1_P08_N2_S4_1.JPG,6,C1_P08,816,1424,1040,1772,224,348,True
C1_P09_N4_S4_1.JPG,6,C1_P09,1236,528,1432,804,196,276,False
C1_P09_N4_S3_1.JPG,6,C1_P09,672,456,836,700,164,244,False
C1_P08_N1_S4_1.JPG,6,C1_P08,2368,2020,2600,2392,232,372,True
C1_P09_N2_S4_1.JPG,6,C1_P09,1056,1204,1252,1476,196,272,False
C3_P05_N3_S3_1.JPG,6,C3_P05,1656,1796,1852,2160,196,364,True
C1_P03_N1_S4_1.JPG,6,C1_P03,2572,2156,2736,2392,164,236,False
C1_P03_N2_S3_1.JPG,6,C1_P03,1764,1892,1940,2168,176,276,False
C4_P04_N4_S2_1.JPG,6,C4_P04,692,660,920,1052,228,392,True
C1_P08_N3_S4_1.JPG,6,C1_P08,1660,828,1916,1188,256,360,True
C1_P03_N1_S4_1.JPG,6,C1_P03,2396,2144,2560,2380,164,236,False
C1_P08_N3_S4_2.JPG,6,C1_P08,2444,968,2644,1264,200,296,True
C4_P04_N1_S5_1.JPG,6,C4_P04,1284,1708,1460,1980,176,272,True
C1_P09_N1_S5_1.JPG,6,C1_P09,1064,2032,1224,2344,160,312,False
C3_P05_N2_S4_1.JPG,6,C3_P05,2624,1936,2808,2208,184,272,True
C1_P08_N2_S4_2.JPG,6,C1_P08,1716,1488,1920,1804,204,316,True
C1_P08_N3_S4_2.JPG,6,C1_P08,1700,956,1900,1272,200,316,True
C1_P03_N1_S4_1.JPG,6,C1_P03,1052,2084,1216,2324,164,240,False
C1_P08_N2_S3_1.JPG,6,C1_P08,2384,1544,2580,1892,196,348,True
C3_P05_N4_S2_1.JPG,6,C3_P05,2196,1228,2468,1660,272,432,True
C1_P09_N1_S5_1.JPG,6,C1_P09,1396,2056,1568,2336,172,280,False
C1_P08_N2_S5_1.JPG,6,C1_P08,1856,1180,2024,1428,168,248,True
C1_P08_N3_S4_1.JPG,6,C1_P08,1896,788,2120,1188,224,400,True
C1_P08_N3_S4_2.JPG,6,C1_P08,2268,972,2468,1268,200,296,True
C1_P03_N2_S3_2.JPG,6,C1_P03,1376,1696,1560,2020,184,324,False
C1_P03_N3_S2_1.JPG,6,C1_P03,2784,1316,2976,1588,192,272,False
C3_P05_N4_S2_1.JPG,6,C3_P05,3328,1256,3564,1620,236,364,True
C3_P05_N2_S4_1.JPG,6,C3_P05,1808,1880,2016,2216,208,336,True
C4_P02_N4_S2_1.JPG,6,C4_P02,1268,1188,1508,1552,240,364,True
C3_P05_N3_S3_1.JPG,6,C3_P05,1912,1796,2108,2188,196,392,True
C4_P02_N2_S4_1.JPG,6,C4_P02,820,1728,948,1924,128,196,True
C1_P08_N2_S5_1.JPG,6,C1_P08,2020,1140,2180,1420,160,280,True
C1_P08_N3_S4_1.JPG,6,C1_P08,1224,764,1480,1200,256,436,True
C1_P09_N3_S4_2.JPG,6,C1_P09,532,764,704,1020,172,256,False
C4_P04_N2_S4_1.JPG,6,C4_P04,1208,1432,1412,1740,204,308,True
C1_P04_N2_S3_1.JPG,1,C1_P04,444,1072,640,1404,196,332,True
C1_P11_N1_S3_1.JPG,1,C1_P11,64,424,336,836,272,412,True
C2_P09_N1_S7_1.JPG,1,C2_P09,632,104,732,272,100,168,False
C2_P07_N1_S4_1.JPG,1,C2_P07,740,152,896,384,156,232,False
C2_P04_N3_S3_1.JPG,1,C2_P04,1044,212,1228,488,184,276,False
C2_P09_N1_S7_1.JPG,1,C2_P09,740,108,848,276,108,168,False
C1_P05_N1_S4_3.JPG,1,C1_P05,2680,1436,2896,1788,216,352,True
C1_P05_N2_S4_2.JPG,1,C1_P05,2420,844,2632,1184,212,340,True
C2_P04_N1_S5_1.JPG,1,C2_P04,496,936,616,1108,120,172,False
C4_P05_N1_S3_1.JPG,1,C4_P05,716,940,928,1236,212,296,True
C1_P01_N3_S3_1.JPG,1,C1_P01,1568,332,1892,824,324,492,True
C1_P05_N1_S4_3.JPG,1,C1_P05,2484,1448,2700,1800,216,352,True
C4_P05_N1_S2_1.JPG,1,C4_P05,1064,1004,1292,1312,228,308,True
C2_P07_N1_S6_2.JPG,1,C2_P07,392,44,496,212,104,168,False
C2_P07_N1_S2_1.JPG,1,C2_P07,968,264,1216,688,248,424,False
C1_P11_N1_S3_2.JPG,1,C1_P11,2472,500,2708,820,236,320,True
C1_P09_N2_S4_1.JPG,1,C1_P09,856,828,1048,1112,192,284,False
C2_P04_N3_S2_1.JPG,1,C2_P04,36,204,176,460,140,256,False
C1_P08_N4_S4_1.JPG,1,C1_P08,1476,1552,1692,1908,216,356,True
C4_P07_N1_S4_1.JPG,1,C4_P07,692,576,888,920,196,344,True
C2_P04_N1_S5_1.JPG,1,C2_P04,44,924,180,1100,136,176,False
C1_P11_N1_S4_1.JPG,1,C1_P11,772,148,1020,508,248,360,True
C4_P05_N1_S5_1.JPG,1,C4_P05,1192,524,1376,772,184,248,True
C1_P11_N1_S4_1.JPG,1,C1_P11,556,160,804,520,248,360,True
C1_P04_N1_S3_1.JPG,1,C1_P04,532,1948,752,2316,220,368,True
C1_P05_N1_S4_2.JPG,1,C1_P05,2080,1300,2296,1668,216,368,True
C1_P09_N3_S4_1.JPG,1,C1_P09,840,488,1048,772,208,284,False
C4_P05_N1_S2_1.JPG,1,C4_P05,852,996,1080,1304,228,308,True
C1_P05_N3_S4_1.JPG,1,C1_P05,2080,132,2300,468,220,336,True
C1_P04_N1_S4_1.JPG,1,C1_P04,44,1360,236,1684,192,324,True
C2_P04_N3_S2_1.JPG,1,C2_P04,1036,220,1208,492,172,272,False
C1_P11_N1_S5_1.JPG,1,C1_P11,740,332,932,576,192,244,True
C4_P05_N1_S3_1.JPG,1,C4_P05,1132,940,1344,1236,212,296,True
C4_P07_N1_S5_1.JPG,1,C4_P07,640,528,788,784,148,256,True
C1_P04_N1_S3_1.JPG,1,C1_P04,80,1948,300,2316,220,368,True
C1_P04_N2_S4_1.JPG,1,C1_P04,260,828,468,1160,208,332,True
C1_P04_N1_S5_1.JPG,1,C1_P04,232,1144,396,1392,164,248,True
C1_P08_N3_S4_2.JPG,1,C1_P08,1324,2008,1528,2320,204,312,True
C4_P04_N2_S4_1.JPG,1,C4_P04,600,992,808,1312,208,320,True
C2_P04_N3_S3_1.JPG,1,C2_P04,696,196,880,472,184,276,False
C1_P08_N3_S4_2.JPG,1,C1_P08,1684,1976,1888,2288,204,312,True
C4_P07_N1_S4_2.JPG,1,C4_P07,820,648,988,916,168,268,True
C2_P08_N4_S3_1.JPG,1,C2_P08,1724,1332,1932,1652,208,320,False
C2_P04_N3_S4_1.JPG,1,C2_P04,704,36,888,336,184,300,False
C1_P01_N2_S4_1.JPG,1,C1_P01,912,752,1172,1192,260,440,True
C1_P04_N3_S3_1.JPG,1,C1_P04,8,480,204,836,196,356,True
C4_P07_N1_S4_2.JPG,1,C4_P07,976,648,1144,916,168,268,True
C1_P01_N2_S2_1.JPG,1,C1_P01,1484,1308,1944,1984,460,676,True
C1_P05_N1_S4_3.JPG,1,C1_P05,2276,1460,2492,1812,216,352,True
C1_P04_N1_S4_1.JPG,1,C1_P04,412,1364,616,1688,204,324,True
C1_P01_N3_S3_1.JPG,1,C1_P01,1276,328,1600,820,324,492,True
C1_P01_N2_S3_1.JPG,1,C1_P01,1264,1056,1576,1552,312,496,True
C1_P05_N2_S4_2.JPG,1,C1_P05,2636,852,2848,1192,212,340,True
C1_P08_N3_S4_1.JPG,1,C1_P08,1236,2012,1472,2384,236,372,True
C1_P04_N1_S5_2.JPG,1,C1_P04,664,1240,796,1456,132,216,True
C4_P05_N2_S4_1.JPG,1,C4_P05,992,184,1184,472,192,288,True
C2_P07_N1_S2_1.JPG,1,C2_P07,1456,272,1712,716,256,444,False
C4_P05_N2_S4_1.JPG,1,C4_P05,1180,196,1372,484,192,288,True
C4_P05_N1_S3_1.JPG,1,C4_P05,936,940,1148,1236,212,296,True
C1_P11_N1_S4_2.JPG,1,C1_P11,328,316,572,656,244,340,True
C2_P09_N1_S7_1.JPG,1,C2_P09,316,84,416,252,100,168,False
C1_P11_N1_S4_1.JPG,1,C1_P11,2324,204,2544,532,220,328,True
C1_P04_N1_S5_2.JPG,1,C1_P04,524,1240,656,1456,132,216,True
C2_P07_N1_S6_2.JPG,1,C2_P07,588,40,692,208,104,168,False
C2_P09_N1_S7_1.JPG,1,C2_P09,420,92,520,260,100,168,False
C1_P03_N2_S2_1.JPG,1,C1_P03,8,1128,244,1508,236,380,False
C1_P01_N1_S3_1.JPG,1,C1_P01,1276,1828,1552,2276,276,448,True
C2_P07_N1_S4_1.JPG,1,C2_P07,1076,156,1232,388,156,232,False
C2_P07_N1_S3_1.JPG,1,C2_P07,700,140,896,456,196,316,False
C4_P06_N1_S3_1.JPG,1,C4_P06,888,964,1096,1284,208,320,True
C2_P04_N2_S3_1.JPG,1,C2_P04,32,636,220,896,188,260,False
C4_P05_N1_S5_1.JPG,1,C4_P05,1028,520,1212,768,184,248,True
C4_P04_N2_S3_1.JPG,1,C4_P04,524,1176,764,1520,240,344,True
C4_P05_N1_S4_1.JPG,1,C4_P05,768,660,972,984,204,324,True
C1_P08_N4_S3_1.JPG,1,C1_P08,1524,1536,1748,1908,224,372,True
C1_P11_N1_S4_2.JPG,1,C1_P11,756,360,988,668,232,308,True
C1_P01_N1_S5_1.JPG,1,C1_P01,876,1108,1084,1416,208,308,True
C4_P05_N1_S4_1.JPG,1,C4_P05,1172,672,1360,984,188,312,True
C1_P11_N1_S3_2.JPG,1,C1_P11,192,420,500,812,308,392,True
C4_P05_N2_S2_1.JPG,1,C4_P05,1148,316,1368,632,220,316,True
C1_P04_N2_S3_1.JPG,1,C1_P04,656,1080,860,1420,204,340,True
C2_P04_N3_S2_1.JPG,1,C2_P04,684,204,856,476,172,272,False
C1_P04_N1_S3_2.JPG,1,C1_P04,368,1644,596,1980,228,336,True
C2_P07_N1_S3_1.JPG,1,C2_P07,1244,124,1440,440,196,316,False
C2_P04_N1_S4_1.JPG,1,C2_P04,56,1068,220,1308,164,240,False
C1_P11_N1_S5_1.JPG,1,C1_P11,1916,368,2108,612,192,244,True
C1_P05_N2_S4_1.JPG,1,C1_P05,1700,660,1920,1024,220,364,True
C1_P04_N3_S3_1.JPG,1,C1_P04,412,484,620,804,208,320,True
C1_P04_N1_S5_1.JPG,1,C1_P04,692,1152,856,1400,164,248,True
C1_P08_N4_S4_1.JPG,1,C1_P08,1244,1544,1488,1912,244,368,True
C1_P04_N1_S5_2.JPG,1,C1_P04,156,1240,288,1456,132,216,True
C1_P04_N2_S4_1.JPG,1,C1_P04,840,832,1048,1164,208,332,True
C1_P05_N1_S4_1.JPG,1,C1_P05,2092,1432,2308,1764,216,332,True
C4_P07_N1_S3_1.JPG,1,C4_P07,856,960,1056,1276,200,316,True
C1_P05_N2_S3_1.JPG,1,C1_P05,1432,908,1664,1312,232,404,True
C1_P04_N1_S3_2.JPG,1,C1_P04,148,1640,376,1976,228,336,True
C1_P09_N2_S6_1.JPG,1,C1_P09,812,844,1000,1092,188,248,False
C1_P05_N1_S5_1.JPG,1,C1_P05,1548,1128,1732,1408,184,280,True
C2_P09_N1_S7_2.JPG,1,C2_P09,320,64,432,232,112,168,False
C1_P05_N1_S4_2.JPG,1,C1_P05,1684,1296,1900,1664,216,368,True
C1_P01_N2_S4_1.JPG,1,C1_P01,1140,820,1400,1224,260,404,True
C1_P05_N1_S5_1.JPG,1,C1_P05,1876,1128,2060,1408,184,280,True
C1_P04_N1_S5_2.JPG,1,C1_P04,272,1236,404,1452,132,216,True
C1_P04_N1_S3_2.JPG,1,C1_P04,588,1668,816,2004,228,336,True
C1_P05_N1_S3_1.JPG,1,C1_P05,2512,1864,2736,2180,224,316,True
C1_P05_N1_S5_1.JPG,1,C1_P05,2388,1140,2572,1420,184,280,True
C1_P05_N1_S3_2.JPG,1,C1_P05,2272,1608,2504,1948,232,340,True
C2_P07_N1_S6_2.JPG,1,C2_P07,692,48,796,216,104,168,False
C2_P07_N1_S2_1.JPG,1,C2_P07,680,260,928,684,248,424,False
C2_P04_N2_S4_1.JPG,1,C2_P04,988,640,1148,900,160,260,False
C2_P09_N1_S7_1.JPG,1,C2_P09,532,104,632,272,100,168,False
C1_P05_N3_S4_1.JPG,1,C1_P05,1440,136,1660,472,220,336,True
C2_P04_N2_S2_1.JPG,1,C2_P04,980,680,1156,952,176,272,False
C1_P05_N3_S3_1.JPG,1,C1_P05,1668,304,1904,668,236,364,True
C2_P07_N1_S2_1.JPG,1,C2_P07,1720,244,1976,688,256,444,False
C1_P09_N1_S5_1.JPG,1,C1_P09,856,1648,1040,1932,184,284,False
C2_P07_N1_S6_1.JPG,1,C2_P07,520,116,628,288,108,172,False
C2_P04_N1_S4_1.JPG,1,C2_P04,648,1084,812,1324,164,240,False
C4_P04_N4_S2_1.JPG,1,C4_P04,400,148,652,548,252,400,True
C1_P08_N4_S3_1.JPG,1,C1_P08,1308,1552,1544,1900,236,348,True
C2_P07_N1_S6_1.JPG,1,C2_P07,304,112,412,320,108,208,False
C1_P09_N1_S5_2.JPG,1,C1_P09,904,1692,1056,1936,152,244,False
C1_P05_N2_S3_1.JPG,1,C1_P05,2724,932,2956,1300,232,368,True
C2_P08_N1_S6_2.JPG,1,C2_P08,864,1500,968,1668,104,168,False
C1_P01_N1_S3_1.JPG,1,C1_P01,1548,1836,1824,2284,276,448,True
C2_P07_N1_S3_1.JPG,1,C2_P07,512,144,708,460,196,316,False
C1_P05_N2_S3_1.JPG,1,C1_P05,2516,928,2748,1296,232,368,True
C4_P06_N1_S4_1.JPG,1,C4_P06,660,756,864,1064,204,308,True
C1_P03_N2_S2_1.JPG,1,C1_P03,460,1136,696,1516,236,380,False
C1_P05_N1_S4_1.JPG,1,C1_P05,1692,1444,1908,1776,216,332,True
C2_P04_N1_S3_1.JPG,1,C2_P04,876,1104,1028,1336,152,232,False
C1_P05_N2_S4_1.JPG,1,C1_P05,2328,664,2548,1028,220,364,True
C1_P08_N2_S5_1.JPG,1,C1_P08,1544,1996,1704,2276,160,280,True
C1_P11_N1_S4_1.JPG,1,C1_P11,304,136,552,496,248,360,True
C1_P05_N1_S3_1.JPG,1,C1_P05,2096,1848,2320,2196,224,348,True
C1_P08_N4_S4_1.JPG,1,C1_P08,1676,1536,1892,1904,216,368,True
C1_P05_N1_S4_2.JPG,1,C1_P05,2292,1300,2508,1668,216,368,True
C2_P04_N3_S2_1.JPG,1,C2_P04,856,216,1028,488,172,272,False
C2_P04_N3_S4_1.JPG,1,C2_P04,4,28,156,328,152,300,False
C1_P05_N2_S4_1.JPG,1,C1_P05,1484,660,1704,1024,220,364,True
C1_P04_N2_S4_1.JPG,1,C1_P04,640,836,848,1168,208,332,True
C4_P07_N2_S3_1.JPG,1,C4_P07,728,244,928,576,200,332,True
C1_P11_N1_S4_2.JPG,1,C1_P11,548,348,780,656,232,308,True
C1_P05_N2_S4_2.JPG,1,C1_P05,2040,856,2252,1196,212,340,True
C1_P04_N3_S2_1.JPG,1,C1_P04,40,512,312,892,272,380,True
C4_P05_N2_S3_1.JPG,1,C4_P05,708,412,928,740,220,328,True
C4_P07_N1_S3_1.JPG,1,C4_P07,672,956,872,1272,200,316,True
C1_P05_N1_S3_2.JPG,1,C1_P05,1660,1604,1892,1944,232,340,True
C1_P05_N1_S3_2.JPG,1,C1_P05,2716,1604,2948,1944,232,340,True
C1_P05_N3_S3_1.JPG,1,C1_P05,2304,308,2540,672,236,364,True
C2_P07_N1_S6_1.JPG,1,C2_P07,740,128,848,288,108,160,False
C2_P07_N1_S2_1.JPG,1,C2_P07,1200,260,1456,704,256,444,False
C1_P05_N1_S5_1.JPG,1,C1_P05,1388,1132,1572,1412,184,280,True
C2_P07_N1_S6_2.JPG,1,C2_P07,292,36,396,204,104,168,False
C4_P05_N2_S4_1.JPG,1,C4_P05,788,196,972,480,184,284,True
C1_P11_N1_S4_1.JPG,1,C1_P11,2544,220,2764,548,220,328,True
C4_P07_N2_S3_1.JPG,1,C4_P07,896,256,1096,572,200,316,True
C1_P08_N3_S4_1.JPG,1,C1_P08,1444,2012,1680,2384,236,372,True
C2_P09_N1_S7_2.JPG,1,C2_P09,524,68,636,236,112,168,False
C2_P09_N1_S7_1.JPG,1,C2_P09,2276,1432,2376,1576,100,144,False
C1_P11_N1_S4_2.JPG,1,C1_P11,2208,396,2412,680,204,284,True
C1_P05_N1_S4_2.JPG,1,C1_P05,1448,1300,1664,1668,216,368,True
C1_P05_N1_S3_2.JPG,1,C1_P05,1440,1612,1672,1952,232,340,True
C4_P05_N1_S4_1.JPG,1,C4_P05,972,660,1172,984,200,324,True
C4_P05_N2_S3_1.JPG,1,C4_P05,924,404,1144,732,220,328,True
C1_P05_N1_S3_2.JPG,1,C1_P05,2076,1604,2308,1944,232,340,True
C1_P08_N2_S5_1.JPG,1,C1_P08,1852,1980,2012,2260,160,280,True
C2_P09_N1_S7_2.JPG,1,C2_P09,624,76,736,244,112,168,False
C1_P04_N2_S3_1.JPG,1,C1_P04,36,1068,232,1400,196,332,True
C1_P11_N1_S3_2.JPG,1,C1_P11,464,476,700,796,236,320,True
C1_P01_N3_S2_1.JPG,1,C1_P01,1556,216,1964,916,408,700,True
C2_P04_N3_S3_1.JPG,1,C2_P04,868,204,1052,480,184,276,False
C1_P05_N2_S4_1.JPG,1,C1_P05,2104,660,2324,1024,220,364,True
C1_P05_N1_S3_1.JPG,1,C1_P05,2300,1880,2524,2192,224,312,True
C2_P04_N2_S4_1.JPG,1,C2_P04,836,644,996,904,160,260,False
C2_P07_N1_S4_1.JPG,1,C2_P07,588,152,744,384,156,232,False
C4_P07_N2_S4_1.JPG,1,C4_P07,976,204,1156,468,180,264,True
C4_P05_N1_S2_1.JPG,1,C4_P05,648,1004,852,1312,204,308,True
C2_P07_N1_S6_2.JPG,1,C2_P07,488,52,592,220,104,168,False
C1_P05_N3_S3_1.JPG,1,C1_P05,2084,312,2320,676,236,364,True
C1_P05_N3_S4_1.JPG,1,C1_P05,2720,136,2940,472,220,336,True
C4_P06_N1_S4_1.JPG,1,C4_P06,872,752,1084,1064,212,312,True
C1_P05_N2_S4_2.JPG,1,C1_P05,1416,824,1628,1164,212,340,True
C1_P04_N3_S3_1.JPG,1,C1_P04,200,488,408,808,208,320,True
C2_P04_N1_S3_1.JPG,1,C2_P04,724,1100,876,1332,152,232,False
C4_P07_N1_S5_1.JPG,1,C4_P07,788,532,936,788,148,256,True
C2_P04_N2_S3_1.JPG,1,C2_P04,1000,656,1184,916,184,260,False
C2_P04_N3_S4_1.JPG,1,C2_P04,1068,48,1268,356,200,308,False
C1_P04_N2_S4_1.JPG,1,C1_P04,80,828,288,1160,208,332,True
C1_P05_N2_S4_1.JPG,1,C1_P05,2548,664,2768,1028,220,364,True
C1_P11_N1_S3_2.JPG,1,C1_P11,692,476,928,796,236,320,True
C1_P01_N3_S2_1.JPG,1,C1_P01,2004,240,2412,940,408,700,True
C1_P05_N1_S4_2.JPG,1,C1_P05,2724,1304,2940,1672,216,368,True
C1_P05_N1_S4_1.JPG,1,C1_P05,1484,1440,1700,1772,216,332,True
C1_P05_N1_S4_1.JPG,1,C1_P05,2716,1436,2932,1768,216,332,True
C1_P05_N3_S4_1.JPG,1,C1_P05,2500,124,2720,460,220,336,True
C4_P06_N2_S3_1.JPG,1,C4_P06,1144,328,1348,616,204,288,True
C4_P04_N3_S3_1.JPG,1,C4_P04,528,600,764,944,236,344,True
C2_P04_N3_S3_1.JPG,1,C2_P04,12,184,196,460,184,276,False
C1_P11_N1_S4_2.JPG,1,C1_P11,964,376,1168,660,204,284,True
C2_P07_N1_S6_1.JPG,1,C2_P07,640,116,748,288,108,172,False
C1_P05_N2_S4_2.JPG,1,C1_P05,1636,836,1848,1176,212,340,True
C2_P09_N1_S7_2.JPG,1,C2_P09,2188,1344,2280,1476,92,132,False
C4_P06_N1_S4_1.JPG,1,C4_P06,1076,752,1288,1064,212,312,True
C1_P05_N2_S3_1.JPG,1,C1_P05,2080,928,2312,1296,232,368,True
C2_P04_N2_S2_1.JPG,1,C2_P04,824,664,1000,936,176,272,False
C1_P05_N1_S4_1.JPG,1,C1_P05,2500,1440,2716,1772,216,332,True
C1_P11_N1_S3_1.JPG,1,C1_P11,580,488,836,836,256,348,True
C2_P04_N1_S3_1.JPG,1,C2_P04,108,1088,260,1320,152,232,False
C2_P04_N2_S4_1.JPG,1,C2_P04,72,636,232,888,160,252,False
C1_P11_N1_S3_2.JPG,1,C1_P11,900,480,1136,800,236,320,True
C1_P04_N2_S4_1.JPG,1,C1_P04,440,832,648,1164,208,332,True
C2_P04_N2_S2_1.JPG,1,C2_P04,28,656,204,928,176,272,False
C1_P05_N3_S4_1.JPG,1,C1_P05,1668,108,1888,444,220,336,True
C1_P05_N1_S3_1.JPG,1,C1_P05,2720,1848,2944,2164,224,316,True
C2_P07_N1_S4_1.JPG,1,C2_P07,908,152,1064,384,156,232,False
C1_P01_N2_S3_1.JPG,1,C1_P01,1560,1068,1872,1564,312,496,True
C1_P04_N1_S3_2.JPG,1,C1_P04,4,1648,172,1988,168,340,True
C1_P05_N1_S4_2.JPG,1,C1_P05,2496,1304,2712,1672,216,368,True
C1_P04_N1_S5_1.JPG,1,C1_P04,536,1144,700,1392,164,248,True
C1_P11_N1_S5_1.JPG,1,C1_P11,236,284,432,592,196,308,True
C2_P04_N2_S3_1.JPG,1,C2_P04,820,644,1004,904,184,260,False
C4_P07_N1_S3_2.JPG,1,C4_P07,640,912,844,1216,204,304,True
C1_P05_N2_S3_1.JPG,1,C1_P05,2300,920,2532,1288,232,368,True
C4_P07_N2_S4_1.JPG,1,C4_P07,808,216,988,480,180,264,True
C1_P04_N1_S4_1.JPG,1,C1_P04,236,1368,428,1692,192,324,True
C2_P07_N1_S6_1.JPG,1,C2_P07,416,116,524,288,108,172,False
C1_P11_N1_S3_1.JPG,1,C1_P11,356,476,588,840,232,364,True
C4_P04_N1_S5_1.JPG,1,C4_P04,744,1316,936,1604,192,288,True
C4_P07_N1_S3_2.JPG,1,C4_P07,832,896,1036,1200,204,304,True
C1_P05_N1_S4_3.JPG,1,C1_P05,2072,1460,2288,1812,216,352,True
C1_P11_N1_S3_1.JPG,1,C1_P11,812,472,1068,820,256,348,True
C1_P05_N3_S3_1.JPG,1,C1_P05,1436,316,1672,680,236,364,True
C1_P05_N3_S3_1.JPG,1,C1_P05,2732,308,2968,672,236,364,True
C1_P11_N1_S5_1.JPG,1,C1_P11,412,332,604,576,192,244,True
C1_P04_N1_S4_1.JPG,1,C1_P04,616,1364,820,1688,204,324,True
C2_P04_N1_S3_1.JPG,1,C2_P04,1032,1104,1184,1336,152,232,False
C1_P09_N3_S3_1.JPG,1,C1_P09,472,452,668,752,196,300,False
C4_P05_N2_S2_1.JPG,1,C4_P05,936,304,1156,620,220,316,True
C1_P05_N1_S4_3.JPG,1,C1_P05,1460,1452,1676,1804,216,352,True
C2_P09_N1_S7_2.JPG,1,C2_P09,732,84,844,252,112,168,False
C2_P08_N1_S6_1.JPG,1,C2_P08,868,1452,972,1604,104,152,False
C1_P11_N1_S5_1.JPG,1,C1_P11,572,336,764,580,192,244,True
C2_P07_N1_S4_1.JPG,1,C2_P07,432,156,588,388,156,232,False
C1_P05_N1_S3_1.JPG,1,C1_P05,1468,1868,1692,2216,224,348,True
C1_P01_N2_S2_1.JPG,1,C1_P01,1908,1316,2368,1992,460,676,True
C1_P05_N3_S3_1.JPG,1,C1_P05,2516,312,2752,676,236,364,True
C1_P04_N3_S2_1.JPG,1,C1_P04,288,512,560,892,272,380,True
C1_P09_N4_S3_1.JPG,1,C1_P09,340,88,528,384,188,296,False
C1_P01_N1_S3_2.JPG,1,C1_P01,1228,1452,1496,1856,268,404,True
C1_P09_N3_S4_2.JPG,1,C1_P09,352,424,524,680,172,256,False
C2_P04_N3_S4_1.JPG,1,C2_P04,880,44,1080,352,200,308,False
C1_P05_N1_S3_1.JPG,1,C1_P05,1696,1856,1920,2204,224,348,True
C1_P04_N1_S5_1.JPG,1,C1_P04,376,1148,540,1396,164,248,True
C1_P11_N1_S3_1.JPG,1,C1_P11,2304,548,2560,896,256,348,True
C1_P08_N3_S4_1.JPG,1,C1_P08,1672,2008,1908,2380,236,372,True
C1_P04_N2_S3_1.JPG,1,C1_P04,236,1064,432,1396,196,332,True
C2_P04_N2_S2_1.JPG,1,C2_P04,656,676,832,948,176,272,False
C4_P07_N2_S3_2.JPG,1,C4_P07,908,328,1100,660,192,332,True
C2_P09_N1_S7_2.JPG,1,C2_P09,420,72,532,240,112,168,False
C1_P05_N3_S4_1.JPG,1,C1_P05,2300,124,2520,460,220,336,True
C1_P11_N1_S4_2.JPG,1,C1_P11,2392,412,2596,696,204,284,True
C1_P04_N1_S3_1.JPG,1,C1_P04,304,1952,524,2320,220,368,True
C1_P04_N1_S4_1.JPG,1,C1_P04,812,1368,1016,1692,204,324,True
C1_P11_N1_S3_2.JPG,1,C1_P11,2276,496,2512,816,236,320,True
C2_P04_N1_S4_1.JPG,1,C2_P04,948,1076,1112,1316,164,240,False
C2_P04_N1_S5_1.JPG,1,C2_P04,604,924,724,1096,120,172,False
C4_P07_N2_S3_2.JPG,1,C4_P07,728,328,920,660,192,332,True
C1_P11_N1_S5_1.JPG,1,C1_P11,1776,360,1968,604,192,244,True
C1_P01_N1_S5_1.JPG,1,C1_P01,1068,1108,1276,1416,208,308,True
C1_P04_N3_S3_1.JPG,1,C1_P04,624,492,832,812,208,320,True
C1_P05_N2_S4_1.JPG,1,C1_P05,2748,664,2968,1028,220,364,True
C2_P04_N2_S3_1.JPG,1,C2_P04,668,656,852,916,184,260,False
C2_P07_N1_S3_1.JPG,1,C2_P07,1060,136,1256,452,196,316,False
C4_P06_N2_S3_1.JPG,1,C4_P06,960,324,1164,612,204,288,True
C1_P09_N4_S4_1.JPG,1,C1_P09,700,120,896,444,196,324,False
C1_P04_N1_S5_2.JPG,1,C1_P04,396,1244,528,1460,132,216,True
C1_P08_N4_S3_1.JPG,1,C1_P08,1732,1532,1956,1860,224,328,True
C4_P06_N2_S3_1.JPG,1,C4_P06,760,340,964,628,204,288,True
C1_P05_N1_S5_1.JPG,1,C1_P05,2236,1144,2420,1424,184,280,True
C2_P04_N1_S5_1.JPG,1,C2_P04,720,928,840,1100,120,172,False
C4_P04_N1_S4_1.JPG,1,C4_P04,628,1604,828,1916,200,312,True
C1_P03_N2_S2_1.JPG,1,C1_P03,228,1136,464,1516,236,380,False
C1_P05_N1_S3_2.JPG,1,C1_P05,2496,1612,2728,1952,232,340,True
C2_P04_N1_S4_1.JPG,1,C2_P04,796,1072,960,1312,164,240,False
C4_P06_N1_S3_1.JPG,1,C4_P06,1100,984,1308,1304,208,320,True
C4_P05_N2_S2_1.JPG,1,C4_P05,716,304,936,620,220,316,True
C4_P06_N1_S3_1.JPG,1,C4_P06,676,980,884,1300,208,320,True
C4_P07_N1_S4_1.JPG,1,C4_P07,856,588,1052,912,196,324,True
C4_P05_N1_S5_1.JPG,1,C4_P05,860,524,1044,772,184,248,True
C4_P05_N2_S3_1.JPG,1,C4_P05,1100,404,1320,732,220,328,True
C1_P08_N3_S4_2.JPG,1,C1_P08,1504,1992,1708,2304,204,312,True
C1_P04_N1_S5_1.JPG,1,C1_P04,88,1148,252,1396,164,248,True
C1_P08_N2_S5_1.JPG,1,C1_P08,1696,1984,1856,2264,160,280,True
C1_P05_N2_S3_1.JPG,1,C1_P05,1668,888,1900,1292,232,404,True
C2_P07_N1_S3_1.JPG,1,C2_P07,868,132,1064,448,196,316,False
C1_P11_N1_S4_1.JPG,1,C1_P11,24,72,328,516,304,444,True
C1_P05_N1_S5_1.JPG,1,C1_P05,2052,1140,2236,1420,184,280,True
C2_P04_N2_S4_1.JPG,1,C2_P04,680,640,840,900,160,260,False
C1_P05_N1_S4_3.JPG,1,C1_P05,1676,1444,1892,1796,216,352,True
C1_P11_N1_S3_1.JPG,1,C1_P11,2524,556,2780,904,256,348,True
C1_P05_N2_S4_2.JPG,1,C1_P05,2216,844,2428,1184,212,340,True
C1_P01_N1_S3_2.JPG,1,C1_P01,1004,1448,1272,1852,268,404,True
C1_P05_N1_S4_1.JPG,1,C1_P05,2304,1440,2520,1772,216,332,True
C1_P04_N1_S5_1.JPG,10,C1_P04,556,2120,720,2392,164,272,True
C1_P11_N2_S4_1.JPG,10,C1_P11,2552,2012,2772,2344,220,332,True
C1_P04_N1_S5_2.JPG,10,C1_P04,284,2040,412,2272,128,232,True
C2_P08_N1_S6_1.JPG,10,C2_P08,260,1464,364,1616,104,152,False
C4_P05_N5_S2_1.JPG,10,C4_P05,1756,764,1964,1136,208,372,True
C4_P07_N2_S3_2.JPG,10,C4_P07,2512,1380,2708,1680,196,300,True
C4_P06_N4_S3_1.JPG,10,C4_P06,2396,1268,2592,1612,196,344,True
C2_P08_N4_S3_1.JPG,10,C2_P08,896,1316,1104,1656,208,340,False
C1_P09_N3_S4_1.JPG,10,C1_P09,1748,96,1952,408,204,312,False
C2_P09_N1_S7_2.JPG,10,C2_P09,1780,1336,1872,1488,92,152,False
C2_P09_N1_S7_1.JPG,10,C2_P09,2104,1444,2204,1588,100,144,False
C1_P09_N2_S4_1.JPG,10,C1_P09,1772,468,1964,724,192,256,False
C4_P04_N2_S4_1.JPG,10,C4_P04,1636,556,1844,852,208,296,True
C4_P06_N4_S3_1.JPG,10,C4_P06,2204,1248,2400,1592,196,344,True
C1_P11_N2_S4_3.JPG,10,C1_P11,2552,1756,2732,2072,180,316,True
C1_P04_N1_S5_2.JPG,10,C1_P04,412,2040,552,2260,140,220,True
C1_P11_N2_S3_1.JPG,10,C1_P11,2512,1384,2744,1692,232,308,True
C2_P09_N1_S7_1.JPG,10,C2_P09,2004,1448,2120,1592,116,144,False
C1_P04_N1_S5_1.JPG,10,C1_P04,388,2116,552,2388,164,272,True
C4_P07_N2_S3_1.JPG,10,C4_P07,2536,1300,2732,1616,196,316,True
C2_P08_N4_S3_1.JPG,10,C2_P08,484,1328,692,1668,208,340,False
C2_P08_N1_S6_1.JPG,10,C2_P08,464,1464,568,1616,104,152,False
C2_P04_N3_S4_1.JPG,10,C2_P04,1368,1476,1524,1684,156,208,False
C1_P09_N2_S6_1.JPG,10,C1_P09,1684,488,1848,728,164,240,False
C2_P08_N1_S6_2.JPG,10,C2_P08,676,1504,780,1672,104,168,False
C2_P08_N1_S6_2.JPG,10,C2_P08,256,1516,360,1684,104,168,False
C1_P11_N2_S4_2.JPG,10,C1_P11,2596,1808,2840,2140,244,332,True
C1_P04_N1_S5_2.JPG,10,C1_P04,532,2044,672,2264,140,220,True
C2_P09_N1_S7_2.JPG,10,C2_P09,2032,1344,2124,1476,92,132,False
C4_P04_N1_S4_1.JPG,10,C4_P04,1644,1184,1844,1480,200,296,True
C4_P06_N4_S3_1.JPG,10,C4_P06,1816,1248,2012,1592,196,344,True
C2_P08_N1_S6_2.JPG,10,C2_P08,564,1512,668,1680,104,168,False
C4_P06_N4_S3_1.JPG,10,C4_P06,1424,1260,1636,1604,212,344,True
C4_P07_N3_S3_2.JPG,10,C4_P07,2456,1300,2640,1568,184,268,True
C4_P05_N5_S2_1.JPG,10,C4_P05,1920,752,2128,1124,208,372,True
C1_P04_N3_S3_1.JPG,10,C1_P04,448,1804,648,2136,200,332,True
C2_P09_N1_S7_2.JPG,10,C2_P09,1956,1344,2048,1476,92,132,False
C1_P11_N1_S5_1.JPG,10,C1_P11,2016,1992,2184,2268,168,276,True
C2_P09_N1_S7_2.JPG,10,C2_P09,1696,1332,1788,1484,92,152,False
C1_P04_N3_S3_1.JPG,10,C1_P04,52,1772,252,2104,200,332,True
C4_P05_N5_S2_1.JPG,10,C4_P05,2128,804,2336,1144,208,340,True
C2_P08_N1_S6_2.JPG,10,C2_P08,456,1512,560,1680,104,168,False
C1_P09_N3_S3_1.JPG,10,C1_P09,1324,132,1484,372,160,240,False
C4_P05_N5_S2_1.JPG,10,C4_P05,2332,796,2540,1136,208,340,True
C4_P07_N1_S5_1.JPG,10,C4_P07,2024,1348,2180,1596,156,248,True
C4_P04_N1_S5_1.JPG,10,C4_P04,1644,944,1824,1212,180,268,True
C2_P08_N4_S3_1.JPG,10,C2_P08,1328,1336,1536,1676,208,340,False
C2_P08_N1_S6_1.JPG,10,C2_P08,684,1460,788,1612,104,152,False
C4_P07_N3_S3_2.JPG,10,C4_P07,2136,1296,2320,1592,184,296,True
C4_P07_N3_S3_2.JPG,10,C4_P07,2508,776,2700,1076,192,300,True
C2_P08_N4_S3_1.JPG,10,C2_P08,700,1324,908,1664,208,340,False
C4_P04_N2_S2_1.JPG,10,C4_P04,1612,700,1844,1056,232,356,True
C1_P04_N3_S3_1.JPG,10,C1_P04,236,1792,436,2124,200,332,True
C2_P08_N1_S6_1.JPG,10,C2_P08,368,1460,472,1612,104,152,False
C2_P09_N1_S7_1.JPG,10,C2_P09,1748,1424,1852,1588,104,164,False
C2_P09_N1_S7_1.JPG,10,C2_P09,1920,1420,2024,1584,104,164,False
C1_P09_N3_S4_2.JPG,10,C1_P09,1156,108,1328,348,172,240,False
C4_P07_N2_S4_1.JPG,10,C4_P07,2476,1184,2652,1468,176,284,True
C2_P04_N3_S4_1.JPG,10,C2_P04,2016,1492,2188,1720,172,228,False
C2_P08_N1_S6_2.JPG,10,C2_P08,360,1520,464,1688,104,168,False
C2_P08_N1_S6_1.JPG,10,C2_P08,568,1460,672,1612,104,152,False
C2_P09_N1_S7_2.JPG,10,C2_P09,1864,1332,1956,1484,92,152,False
C1_P09_N1_S5_1.JPG,10,C1_P09,1748,1276,1932,1560,184,284,False
C2_P09_N1_S7_1.JPG,10,C2_P09,1836,1420,1940,1584,104,164,False
C1_P04_N1_S5_1.JPG,10,C1_P04,248,2112,412,2384,164,272,True
C1_P09_N1_S5_2.JPG,10,C1_P09,1692,1364,1840,1596,148,232,False
C4_P05_N5_S2_1.JPG,10,C4_P05,1324,796,1532,1120,208,324,True
C2_P09_N1_S7_1.JPG,10,C2_P09,1368,1412,1472,1560,104,148,False
C2_P04_N3_S4_1.JPG,10,C2_P04,1512,1468,1668,1676,156,208,False
C4_P06_N4_S3_1.JPG,10,C4_P06,2020,1248,2216,1592,196,344,True
C4_P04_N1_S3_1.JPG,10,C4_P04,1660,1400,1884,1728,224,328,True
C4_P07_N3_S3_1.JPG,10,C4_P07,2488,1392,2676,1696,188,304,True
C2_P08_N4_S3_1.JPG,10,C2_P08,1108,1344,1316,1684,208,340,False
C4_P04_N3_S3_1.JPG,10,C4_P04,1684,144,1912,476,228,332,True
C4_P07_N3_S3_1.JPG,10,C4_P07,2144,1360,2332,1664,188,304,True
C2_P02_N1_S4_1.JPG,8,C2_P02,1492,704,1652,952,160,248,True
C3_P03_N2_S4_1.JPG,8,C3_P03,1952,872,2128,1136,176,264,True
C2_P05_N1_S4_1.JPG,8,C2_P05,1416,232,1576,448,160,216,True
C4_P01_N3_S3_1.JPG,8,C4_P01,2468,1036,2660,1312,192,276,True
C1_P06_N1_S5_1.JPG,8,C1_P06,1908,1608,2052,1844,144,236,True
C3_P02_N3_S2_2.JPG,8,C3_P02,2860,1500,3148,1912,288,412,True
C4_P01_N2_S4_1.JPG,8,C4_P01,2148,1236,2320,1480,172,244,True
C3_P07_N3_S2_1.JPG,8,C3_P07,2444,516,2764,1008,320,492,True
C3_P07_N1_S5_1.JPG,8,C3_P07,1936,1156,2112,1428,176,272,True
C4_P08_N1_S5_2.JPG,8,C4_P08,1464,288,1604,484,140,196,False
C1_P10_N1_S5_1.JPG,8,C1_P10,1152,628,1292,844,140,216,True
C3_P07_N3_S3_1.JPG,8,C3_P07,1368,188,1716,684,348,496,True
C3_P03_N1_S3_1.JPG,8,C3_P03,2976,1952,3264,2376,288,424,True
C2_P06_N1_S3_2.JPG,8,C2_P06,1540,1152,1728,1404,188,252,False
C3_P02_N1_S5_1.JPG,8,C3_P02,1700,1608,1860,1848,160,240,True
C2_P06_N2_S3_1.JPG,8,C2_P06,1732,688,1928,928,196,240,False
C3_P04_N1_S2_1.JPG,8,C3_P04,1200,1516,1580,2064,380,548,True
C3_P07_N1_S6_1.JPG,8,C3_P07,1032,1320,1208,1576,176,256,True
C3_P02_N3_S3_1.JPG,8,C3_P02,2944,1180,3200,1528,256,348,True
C2_P06_N3_S3_1.JPG,8,C2_P06,1508,136,1684,368,176,232,False
C3_P03_N3_S3_1.JPG,8,C3_P03,2512,212,2768,568,256,356,True
C3_P03_N3_S2_1.JPG,8,C3_P03,3004,560,3300,984,296,424,True
C3_P04_N1_S4_1.JPG,8,C3_P04,712,684,940,1020,228,336,True
C3_P07_N2_S2_1.JPG,8,C3_P07,2544,1484,2856,1948,312,464,True
C3_P03_N1_S4_1.JPG,8,C3_P03,2140,1504,2344,1788,204,284,True
C2_P06_N1_S4_1.JPG,8,C2_P06,1472,940,1636,1160,164,220,False
C3_P07_N1_S3_1.JPG,8,C3_P07,2020,1864,2256,2216,236,352,True
C1_P10_N1_S5_1.JPG,8,C1_P10,1308,604,1448,820,140,216,True
C2_P06_N1_S5_1.JPG,8,C2_P06,1440,804,1568,968,128,164,False
C3_P07_N1_S6_1.JPG,8,C3_P07,1396,1316,1572,1572,176,256,True
C3_P02_N2_S3_1.JPG,8,C3_P02,2576,1856,2824,2180,248,324,True
C2_P06_N1_S3_2.JPG,8,C2_P06,1724,1156,1912,1408,188,252,False
C3_P02_N2_S3_1.JPG,8,C3_P02,3016,1864,3264,2188,248,324,True
C4_P04_N1_S4_1.JPG,8,C4_P04,2020,352,2228,616,208,264,True
C1_P09_N1_S5_2.JPG,8,C1_P09,1984,736,2148,948,164,212,False
C3_P02_N3_S3_1.JPG,8,C3_P02,3176,1184,3432,1532,256,348,True
C1_P07_N2_S3_3.JPG,8,C1_P07,2052,1652,2260,1940,208,288,False
C4_P08_N1_S3_1.JPG,8,C4_P08,2064,412,2284,744,220,332,False
C4_P08_N1_S2_1.JPG,8,C4_P08,2120,668,2348,1036,228,368,False
C3_P02_N3_S2_1.JPG,8,C3_P02,2968,1464,3272,1856,304,392,True
C4_P08_N1_S5_1.JPG,8,C4_P08,1328,304,1460,512,132,208,False
C3_P07_N1_S4_1.JPG,8,C3_P07,1488,1396,1692,1704,204,308,True
C3_P07_N3_S2_1.JPG,8,C3_P07,1764,504,2084,996,320,492,True
C3_P02_N3_S2_1.JPG,8,C3_P02,2452,1468,2756,1860,304,392,True
C1_P10_N1_S2_1.JPG,8,C1_P10,2084,1292,2368,1696,284,404,True
C3_P07_N2_S2_1.JPG,8,C3_P07,1528,1464,1840,1928,312,464,True
C1_P06_N1_S4_2.JPG,8,C1_P06,2284,1464,2480,1744,196,280,True
C3_P07_N3_S2_1.JPG,8,C3_P07,1456,512,1776,1004,320,492,True
C3_P07_N1_S3_1.JPG,8,C3_P07,2304,1872,2540,2224,236,352,True
C2_P06_N2_S4_2.JPG,8,C2_P06,1468,548,1596,760,128,212,False
C2_P06_N2_S3_1.JPG,8,C2_P06,1556,692,1752,932,196,240,False
C3_P07_N1_S4_1.JPG,8,C3_P07,1084,1404,1288,1712,204,308,True
C1_P07_N2_S3_3.JPG,8,C1_P07,1864,1656,2072,1944,208,288,False
C2_P02_N1_S2_1.JPG,8,C2_P02,1980,1080,2216,1404,236,324,True
C1_P10_N1_S3_1.JPG,8,C1_P10,2240,996,2472,1360,232,364,True
C1_P10_N1_S3_1.JPG,8,C1_P10,1984,1008,2216,1372,232,364,True
C3_P04_N1_S5_1.JPG,8,C3_P04,532,596,704,868,172,272,True
C3_P02_N1_S5_1.JPG,8,C3_P02,1412,1616,1572,1856,160,240,True
C4_P08_N1_S5_1.JPG,8,C4_P08,1444,308,1576,516,132,208,False
C3_P04_N1_S3_1.JPG,8,C3_P04,784,1156,1100,1600,316,444,True
C1_P06_N3_S3_2.JPG,8,C1_P06,2420,1184,2652,1500,232,316,True
C2_P02_N2_S2_1.JPG,8,C2_P02,1792,328,2028,660,236,332,True
C3_P07_N2_S3_1.JPG,8,C3_P07,1556,1056,1832,1496,276,440,True
C2_P05_N1_S4_1.JPG,8,C2_P05,1264,232,1424,448,160,216,True
C2_P05_N1_S5_1.JPG,8,C2_P05,1056,164,1188,352,132,188,True
C1_P07_N2_S3_1.JPG,8,C1_P07,2036,1728,2240,2028,204,300,False
C2_P02_N2_S2_1.JPG,8,C2_P02,1996,316,2232,648,236,332,True
C1_P10_N1_S4_1.JPG,8,C1_P10,1556,724,1748,984,192,260,True
C2_P05_N1_S3_1.JPG,8,C2_P05,1632,216,1816,476,184,260,True
C2_P06_N1_S3_1.JPG,8,C2_P06,1736,1204,1912,1448,176,244,False
C2_P06_N3_S3_1.JPG,8,C2_P06,1668,132,1844,364,176,232,False
C3_P07_N2_S2_1.JPG,8,C3_P07,2160,1468,2472,1932,312,464,True
C4_P03_N1_S4_1.JPG,8,C4_P03,1908,1732,2076,1992,168,260,True
C2_P06_N1_S5_1.JPG,8,C2_P06,1316,804,1444,968,128,164,False
C3_P07_N2_S3_1.JPG,8,C3_P07,2108,1076,2384,1516,276,440,True
C3_P07_N3_S3_1.JPG,8,C3_P07,2328,192,2660,688,332,496,True
C4_P03_N2_S3_1.JPG,8,C4_P03,1928,1296,2108,1580,180,284,True
C2_P06_N2_S4_1.JPG,8,C2_P06,1708,596,1888,840,180,244,False
C1_P10_N2_S2_1.JPG,8,C1_P10,2108,352,2360,724,252,372,True
C1_P10_N2_S4_1.JPG,8,C1_P10,1544,332,1740,576,196,244,True
C3_P03_N1_S3_1.JPG,8,C3_P03,3244,1940,3532,2364,288,424,True
C3_P07_N3_S3_1.JPG,8,C3_P07,1984,188,2316,684,332,496,True
C3_P07_N2_S3_1.JPG,8,C3_P07,1848,1072,2124,1512,276,440,True
C3_P04_N2_S3_1.JPG,8,C3_P04,1016,236,1356,744,340,508,True
C3_P02_N3_S3_1.JPG,8,C3_P02,2680,1180,2952,1528,272,348,True
C3_P07_N1_S5_1.JPG,8,C3_P07,1428,1168,1604,1440,176,272,True
C1_P07_N2_S3_1.JPG,8,C1_P07,1844,1712,2048,2012,204,300,False
C3_P07_N2_S3_1.JPG,8,C3_P07,2424,1100,2716,1508,292,408,True
C4_P03_N2_S4_1.JPG,8,C4_P03,2152,1212,2336,1492,184,280,True
C2_P02_N1_S3_1.JPG,8,C2_P02,1760,920,1972,1220,212,300,True
C4_P01_N2_S4_1.JPG,8,C4_P01,2316,1228,2488,1472,172,244,True
C2_P02_N2_S3_1.JPG,8,C2_P02,1952,260,2164,560,212,300,True
C3_P07_N3_S3_1.JPG,8,C3_P07,1680,188,2012,684,332,496,True
C4_P08_N1_S2_1.JPG,8,C4_P08,1912,660,2140,1028,228,368,False
C3_P07_N1_S3_1.JPG,8,C3_P07,1576,1860,1812,2212,236,352,True
C1_P06_N2_S3_3.JPG,8,C1_P06,2440,1744,2692,2072,252,328,True
C1_P07_N2_S3_2.JPG,8,C1_P07,2224,1756,2432,2048,208,292,False
C4_P03_N2_S3_2.JPG,8,C4_P03,1900,1480,2092,1756,192,276,True
C4_P03_N3_S3_1.JPG,8,C4_P03,2216,904,2428,1212,212,308,True
C4_P08_N1_S5_2.JPG,8,C4_P08,1332,288,1472,484,140,196,False
C3_P03_N3_S2_1.JPG,8,C3_P03,3312,564,3592,972,280,408,True
C2_P02_N1_S5_1.JPG,8,C2_P02,1052,612,1168,792,116,180,True
C4_P08_N1_S3_1.JPG,8,C4_P08,1868,412,2088,744,220,332,False
C2_P06_N2_S4_2.JPG,8,C2_P06,1596,548,1776,744,180,196,False
C3_P03_N2_S4_1.JPG,8,C3_P03,2136,880,2312,1144,176,264,True
C3_P02_N1_S4_1.JPG,8,C3_P02,1688,2144,1888,2424,200,280,True
C4_P03_N2_S3_2.JPG,8,C4_P03,2084,1488,2276,1764,192,276,True
C3_P03_N2_S2_1.JPG,8,C3_P03,3068,1568,3356,1984,288,416,True
C3_P02_N3_S2_1.JPG,8,C3_P02,2708,1476,3012,1868,304,392,True
C2_P06_N2_S4_1.JPG,8,C2_P06,1544,612,1724,856,180,244,False
C4_P01_N3_S3_1.JPG,8,C4_P01,2264,1036,2456,1312,192,276,True
C4_P03_N1_S4_1.JPG,8,C4_P03,2072,1724,2240,1984,168,260,True
C3_P07_N2_S4_1.JPG,8,C3_P07,1700,832,1916,1168,216,336,True
C2_P05_N1_S5_1.JPG,8,C2_P05,1176,172,1308,360,132,188,True
C4_P03_N2_S3_1.JPG,8,C4_P03,2116,1308,2296,1592,180,284,True
C1_P06_N2_S3_1.JPG,8,C1_P06,2580,1828,2804,2160,224,332,True
C1_P06_N1_S5_1.JPG,8,C1_P06,1772,1632,1916,1868,144,236,True
C3_P02_N4_S2_1.JPG,8,C3_P02,3104,572,3416,1000,312,428,True
C1_P06_N3_S3_1.JPG,8,C1_P06,2508,816,2724,1124,216,308,True
C3_P07_N2_S4_1.JPG,8,C3_P07,2112,860,2328,1172,216,312,True
C3_P02_N1_S5_1.JPG,8,C3_P02,1544,1612,1704,1852,160,240,True
C1_P06_N2_S3_2.JPG,8,C1_P06,2320,1512,2568,1832,248,320,True
C2_P06_N3_S4_1.JPG,8,C2_P06,1736,108,1908,356,172,248,False
C1_P06_N2_S3_1.JPG,8,C1_P06,2356,1828,2580,2160,224,332,True
C3_P03_N1_S4_1.JPG,8,C3_P03,1928,1512,2132,1796,204,284,True
C3_P07_N2_S2_1.JPG,8,C3_P07,1836,1476,2148,1940,312,464,True
C2_P06_N1_S3_1.JPG,8,C2_P06,1576,1208,1752,1452,176,244,False
C3_P07_N1_S6_1.JPG,8,C3_P07,1200,1316,1376,1572,176,256,True
C3_P03_N2_S3_1.JPG,8,C3_P03,2604,1192,2848,1548,244,356,True
C1_P06_N1_S4_1.JPG,8,C1_P06,2240,2012,2448,2320,208,308,True
C3_P02_N4_S2_1.JPG,8,C3_P02,3376,580,3688,1008,312,428,True
C1_P06_N2_S3_2.JPG,8,C1_P06,2532,1496,2780,1816,248,320,True
C3_P07_N2_S4_1.JPG,8,C3_P07,1500,824,1716,1160,216,336,True
C4_P04_N1_S5_1.JPG,8,C4_P04,1988,212,2148,452,160,240,True
C2_P06_N1_S4_1.JPG,8,C2_P06,1620,936,1784,1156,164,220,False
C1_P06_N3_S3_1.JPG,8,C1_P06,2296,820,2512,1128,216,308,True
C1_P07_N2_S3_1.JPG,8,C1_P07,2256,1732,2460,2032,204,300,False
C2_P02_N1_S4_1.JPG,8,C2_P02,1356,700,1516,948,160,248,True
C3_P02_N3_S2_2.JPG,8,C3_P02,3412,1492,3700,1904,288,412,True
C4_P03_N3_S3_2.JPG,8,C4_P03,2192,996,2404,1288,212,292,True
C2_P02_N1_S2_1.JPG,8,C2_P02,1792,1080,2028,1404,236,324,True
C4_P08_N1_S4_1.JPG,8,C4_P08,2000,132,2192,428,192,296,False
C1_P07_N2_S3_2.JPG,8,C1_P07,1636,1748,1844,2040,208,292,False
C3_P04_N2_S2_1.JPG,8,C3_P04,1120,432,1552,1076,432,644,True
C3_P07_N1_S5_1.JPG,8,C3_P07,1588,1160,1764,1432,176,272,True
C2_P05_N1_S2_1.JPG,8,C2_P05,1636,276,1848,568,212,292,True
C3_P02_N2_S4_1.JPG,8,C3_P02,1920,1504,2124,1796,204,292,True
C3_P07_N1_S3_1.JPG,8,C3_P07,1800,1884,2036,2236,236,352,True
C3_P02_N3_S2_2.JPG,8,C3_P02,3136,1488,3424,1900,288,412,True
C3_P07_N1_S4_1.JPG,8,C3_P07,1700,1400,1904,1708,204,308,True
C1_P07_N2_S3_2.JPG,8,C1_P07,1828,1748,2036,2040,208,292,False
C3_P07_N2_S4_1.JPG,8,C3_P07,1904,836,2120,1148,216,312,True
C3_P07_N1_S6_1.JPG,8,C3_P07,868,1332,1044,1588,176,256,True
C1_P10_N2_S4_1.JPG,8,C1_P10,1352,340,1548,584,196,244,True
C3_P04_N1_S3_2.JPG,8,C3_P04,1024,1116,1344,1584,320,468,True
C3_P07_N1_S4_1.JPG,8,C3_P07,1284,1408,1488,1716,204,308,True
C3_P02_N1_S4_1.JPG,8,C3_P02,1884,2140,2084,2420,200,280,True
C1_P07_N2_S3_3.JPG,8,C1_P07,1664,1648,1872,1936,208,288,False
C1_P10_N1_S4_1.JPG,8,C1_P10,1360,732,1552,992,192,260,True
C3_P03_N2_S3_1.JPG,8,C3_P03,2852,1196,3088,1528,236,332,True
C1_P07_N2_S3_3.JPG,8,C1_P07,2256,1652,2464,1940,208,288,False
C2_P05_N1_S2_1.JPG,8,C2_P05,1836,280,2048,572,212,292,True
C3_P03_N1_S5_1.JPG,8,C3_P03,1692,1172,1844,1400,152,228,True
C4_P03_N3_S3_1.JPG,8,C4_P03,2004,912,2216,1220,212,308,True
C1_P06_N2_S3_3.JPG,8,C1_P06,2228,1752,2480,2080,252,328,True
C1_P10_N2_S3_1.JPG,8,C1_P10,1884,188,2112,512,228,324,True
C4_P03_N3_S3_2.JPG,8,C4_P03,1992,992,2204,1284,212,292,True
C4_P08_N1_S4_1.JPG,8,C4_P08,1824,136,2016,432,192,296,False
C3_P02_N2_S3_1.JPG,8,C3_P02,2792,1860,3040,2184,248,324,True
C2_P05_N1_S3_1.JPG,8,C2_P05,1796,232,1980,492,184,260,True
C2_P02_N2_S3_1.JPG,8,C2_P02,1756,256,1968,556,212,300,True
C1_P06_N1_S4_2.JPG,8,C1_P06,2460,1464,2656,1744,196,280,True
C4_P04_N1_S2_1.JPG,8,C4_P04,2088,560,2320,880,232,320,True
C3_P03_N2_S2_1.JPG,8,C3_P03,3360,1560,3648,1976,288,416,True
C1_P06_N1_S4_1.JPG,8,C1_P06,2428,2028,2636,2312,208,284,True
C3_P07_N3_S2_1.JPG,8,C3_P07,2080,488,2400,980,320,492,True
C4_P04_N1_S3_1.JPG,8,C4_P04,2084,476,2304,784,220,308,True
C3_P02_N2_S4_1.JPG,8,C3_P02,2108,1500,2312,1792,204,292,True
C2_P02_N2_S4_1.JPG,8,C2_P02,1404,300,1556,536,152,236,True
C1_P06_N3_S3_2.JPG,8,C1_P06,2212,1188,2444,1504,232,316,True
C3_P07_N1_S5_1.JPG,8,C3_P07,1760,1140,1936,1412,176,272,True
C2_P06_N3_S4_1.JPG,8,C2_P06,1552,88,1724,336,172,248,False
C1_P09_N1_S5_1.JPG,8,C1_P09,2100,560,2288,812,188,252,False
C1_P10_N2_S3_1.JPG,8,C1_P10,2124,180,2352,504,228,324,True
C1_P07_N2_S3_1.JPG,8,C1_P07,1648,1708,1852,2008,204,300,False
C2_P02_N1_S3_1.JPG,8,C2_P02,1956,928,2168,1228,212,300,True
C1_P07_N2_S3_2.JPG,8,C1_P07,2012,1752,2220,2044,208,292,False
C3_P02_N1_S4_1.JPG,8,C3_P02,2072,2136,2272,2416,200,280,True
C3_P02_N2_S4_1.JPG,8,C3_P02,1740,1504,1944,1796,204,292,True
C3_P02_N4_S2_1.JPG,8,C3_P02,2836,564,3148,992,312,428,True
C3_P03_N1_S5_1.JPG,8,C3_P03,1840,1168,1992,1396,152,228,True
C1_P10_N1_S2_1.JPG,8,C1_P10,2360,1284,2644,1688,284,404,True
C2_P02_N2_S4_1.JPG,8,C2_P02,1552,296,1704,532,152,236,True
C1_P10_N2_S2_1.JPG,8,C1_P10,2408,356,2660,728,252,372,True
C4_P03_N2_S4_1.JPG,8,C4_P03,1972,1196,2148,1476,176,280,True
C4_P07_N1_S3_2.JPG,4,C4_P07,1752,1452,1932,1740,180,288,True
C2_P07_N1_S2_1.JPG,4,C2_P07,1684,968,1928,1384,244,416,False
C1_P01_N3_S3_1.JPG,4,C1_P01,1288,1136,1560,1584,272,448,True
C1_P05_N2_S4_1.JPG,4,C1_P05,2316,1876,2540,2256,224,380,True
C2_P08_N1_S4_1.JPG,4,C2_P08,372,548,524,768,152,220,False
C1_P04_N2_S3_1.JPG,4,C1_P04,248,1728,464,2080,216,352,True
C2_P04_N1_S4_1.JPG,4,C2_P04,208,1472,372,1724,164,252,False
C2_P08_N1_S6_2.JPG,4,C2_P08,392,408,492,596,100,188,False
C2_P04_N1_S5_1.JPG,4,C2_P04,1512,1220,1616,1412,104,192,False
C4_P07_N1_S5_1.JPG,4,C4_P07,1076,964,1216,1204,140,240,True
C1_P11_N2_S3_1.JPG,4,C1_P11,2004,300,2228,652,224,352,True
C2_P08_N1_S6_2.JPG,4,C2_P08,36,412,152,580,116,168,False
C1_P11_N2_S4_2.JPG,4,C1_P11,892,704,1116,1064,224,360,True
C2_P07_N2_S3_1.JPG,4,C2_P07,724,168,904,460,180,292,False
C4_P06_N1_S4_1.JPG,4,C4_P06,2080,1252,2264,1620,184,368,True
C4_P07_N3_S3_2.JPG,4,C4_P07,920,276,1108,572,188,296,True
C1_P12_N2_S4_1.JPG,4,C1_P12,316,1484,536,1816,220,332,True
C2_P04_N2_S3_1.JPG,4,C2_P04,216,1024,400,1300,184,276,False
C1_P04_N3_S3_1.JPG,4,C1_P04,440,1156,632,1476,192,320,True
C4_P07_N3_S3_2.JPG,4,C4_P07,1652,276,1840,572,188,296,True
C1_P11_N1_S5_1.JPG,4,C1_P11,592,1224,760,1472,168,248,True
C4_P07_N1_S3_1.JPG,4,C4_P07,1804,1524,1996,1824,192,300,True
C1_P05_N3_S3_1.JPG,4,C1_P05,780,1548,1016,1920,236,372,True
C4_P07_N1_S3_2.JPG,4,C4_P07,816,1452,996,1740,180,288,True
C1_P04_N3_S2_1.JPG,4,C1_P04,332,1272,576,1656,244,384,True
C2_P08_N1_S4_1.JPG,4,C2_P08,60,540,212,760,152,220,False
C1_P12_N4_S3_1.JPG,4,C1_P12,340,400,632,844,292,444,True
C1_P01_N4_S2_1.JPG,4,C1_P01,2300,288,2712,928,412,640,True
C2_P08_N1_S4_1.JPG,4,C2_P08,224,548,376,768,152,220,False
C2_P08_N1_S3_1.JPG,4,C2_P08,576,816,820,1180,244,364,False
C4_P07_N2_S4_1.JPG,4,C4_P07,1660,716,1820,980,160,264,True
C2_P08_N1_S6_2.JPG,4,C2_P08,144,416,260,584,116,168,False
C1_P11_N1_S4_2.JPG,4,C1_P11,2232,1412,2420,1692,188,280,True
C1_P05_N4_S3_1.JPG,4,C1_P05,2464,856,2660,1224,196,368,True
C1_P05_N4_S3_1.JPG,4,C1_P05,476,880,688,1248,212,368,True
C1_P04_N2_S4_1.JPG,4,C1_P04,672,1448,860,1772,188,324,True
C1_P11_N1_S4_1.JPG,4,C1_P11,796,1452,1032,1820,236,368,True
C1_P12_N3_S2_1.JPG,4,C1_P12,2300,1460,2640,2060,340,600,True
C1_P08_N4_S4_1.JPG,4,C1_P08,2528,2172,2736,2444,208,272,True
C1_P11_N2_S3_1.JPG,4,C1_P11,2216,288,2440,640,224,352,True
C1_P05_N1_S5_1.JPG,4,C1_P05,848,2120,1036,2404,188,284,True
C2_P07_N2_S4_1.JPG,4,C2_P07,576,84,744,340,168,256,False
C1_P05_N3_S4_1.JPG,4,C1_P05,2268,1356,2488,1708,220,352,True
C1_P09_N2_S4_1.JPG,4,C1_P09,1732,852,1940,1104,208,252,False
C4_P07_N2_S3_2.JPG,4,C4_P07,2512,844,2660,1176,148,332,True
C4_P07_N2_S3_2.JPG,4,C4_P07,900,876,1080,1168,180,292,True
C2_P08_N2_S4_1.JPG,4,C2_P08,360,104,520,352,160,248,False
C4_P07_N2_S4_1.JPG,4,C4_P07,1488,724,1648,988,160,264,True
C2_P08_N1_S6_1.JPG,4,C2_P08,380,356,488,540,108,184,False
C1_P11_N1_S3_2.JPG,4,C1_P11,2304,1624,2524,1956,220,332,True
C4_P04_N1_S5_1.JPG,4,C4_P04,1628,1328,1800,1588,172,260,True
C1_P11_N1_S3_1.JPG,4,C1_P11,2308,1764,2560,2148,252,384,True
C2_P07_N1_S3_1.JPG,4,C2_P07,1068,660,1252,960,184,300,False
C2_P07_N2_S4_1.JPG,4,C2_P07,1048,88,1216,344,168,256,False
C2_P04_N1_S4_1.JPG,4,C2_P04,800,1500,952,1724,152,224,False
C2_P04_N3_S2_1.JPG,4,C2_P04,1660,720,1840,980,180,260,False
C1_P04_N1_S5_2.JPG,4,C1_P04,544,1652,668,1856,124,204,True
C1_P05_N1_S5_1.JPG,4,C1_P05,1032,2120,1220,2404,188,284,True
C4_P07_N2_S3_1.JPG,4,C4_P07,1276,804,1468,1100,192,296,True
C1_P11_N1_S5_1.JPG,4,C1_P11,1632,1192,1800,1440,168,248,True
C1_P09_N2_S4_1.JPG,4,C1_P09,1560,852,1756,1120,196,268,False
C1_P09_N4_S4_1.JPG,4,C1_P09,1600,132,1796,408,196,276,False
C4_P05_N1_S4_1.JPG,4,C4_P05,756,1172,952,1444,196,272,True
C1_P05_N3_S3_1.JPG,4,C1_P05,1008,1552,1244,1924,236,372,True
C2_P04_N2_S4_1.JPG,4,C2_P04,1592,1112,1744,1348,152,236,False
C1_P09_N1_S5_1.JPG,4,C1_P09,1568,1668,1740,1940,172,272,False
C4_P07_N1_S3_1.JPG,4,C4_P07,1432,1516,1624,1816,192,300,True
C1_P04_N1_S5_1.JPG,4,C1_P04,696,1644,860,1904,164,260,True
C1_P11_N2_S3_2.JPG,4,C1_P11,636,896,872,1240,236,344,True
C2_P04_N1_S5_1.JPG,4,C2_P04,396,1236,516,1412,120,176,False
C1_P12_N3_S4_1.JPG,4,C1_P12,1368,872,1584,1260,216,388,True
C4_P07_N1_S5_1.JPG,4,C4_P07,1476,964,1616,1204,140,240,True
C1_P05_N3_S3_1.JPG,4,C1_P05,548,1556,784,1928,236,372,True
C1_P11_N1_S4_2.JPG,4,C1_P11,2044,1412,2232,1692,188,280,True
C1_P11_N1_S4_2.JPG,4,C1_P11,960,1436,1172,1744,212,308,True
C1_P04_N3_S3_1.JPG,4,C1_P04,648,1168,840,1488,192,320,True
C2_P07_N2_S4_1.JPG,4,C2_P07,736,88,904,344,168,256,False
C1_P11_N1_S5_1.JPG,4,C1_P11,744,1220,912,1468,168,248,True
C2_P07_N1_S6_1.JPG,4,C2_P07,532,416,640,592,108,176,False
C2_P07_N2_S3_1.JPG,4,C2_P07,1292,176,1480,472,188,296,False
C1_P01_N3_S2_1.JPG,4,C1_P01,1908,1448,2284,2076,376,628,True
C1_P11_N2_S3_1.JPG,4,C1_P11,1020,300,1276,652,256,352,True
C2_P07_N1_S6_1.JPG,4,C2_P07,832,424,940,580,108,156,False
C1_P11_N1_S3_1.JPG,4,C1_P11,2072,1768,2324,2152,252,384,True
C1_P11_N2_S4_2.JPG,4,C1_P11,680,692,904,1052,224,360,True
C1_P12_N3_S2_1.JPG,4,C1_P12,192,1476,568,2020,376,544,True
C1_P01_N2_S4_1.JPG,4,C1_P01,1152,1432,1368,1788,216,356,True
C4_P04_N4_S2_1.JPG,4,C4_P04,1600,196,1828,552,228,356,True
C4_P07_N2_S4_1.JPG,4,C4_P07,1320,716,1480,980,160,264,True
C1_P11_N1_S4_2.JPG,4,C1_P11,772,1432,984,1740,212,308,True
C1_P09_N1_S5_1.JPG,4,C1_P09,1740,1672,1912,1944,172,272,False
C4_P04_N3_S3_1.JPG,4,C4_P04,1664,624,1900,960,236,336,True
C1_P05_N2_S4_2.JPG,4,C1_P05,760,2012,976,2356,216,344,True
C1_P04_N3_S3_1.JPG,4,C1_P04,232,1152,424,1472,192,320,True
C2_P08_N1_S3_1.JPG,4,C2_P08,864,784,1072,1168,208,384,False
C4_P07_N1_S3_2.JPG,4,C4_P07,1392,1452,1572,1740,180,288,True
C4_P05_N2_S3_1.JPG,4,C4_P05,696,932,888,1256,192,324,True
C1_P04_N3_S2_1.JPG,4,C1_P04,100,1264,344,1648,244,384,True
C1_P09_N3_S4_2.JPG,4,C1_P09,1136,432,1308,688,172,256,False
C1_P11_N2_S4_1.JPG,4,C1_P11,2040,932,2252,1260,212,328,True
C2_P04_N3_S3_1.JPG,4,C2_P04,524,688,712,968,188,280,False
C2_P08_N1_S4_1.JPG,4,C2_P08,552,532,696,776,144,244,False
C4_P07_N1_S3_2.JPG,4,C4_P07,1208,1448,1388,1736,180,288,True
C2_P04_N1_S4_1.JPG,4,C2_P04,80,1472,244,1724,164,252,False
C1_P05_N4_S3_1.JPG,4,C1_P05,712,880,924,1248,212,368,True
C4_P07_N1_S3_2.JPG,4,C4_P07,1012,1440,1192,1728,180,288,True
C4_P07_N1_S3_1.JPG,4,C4_P07,1056,1520,1248,1820,192,300,True
C4_P07_N1_S3_1.JPG,4,C4_P07,2548,1464,2704,1792,156,328,True
C4_P05_N2_S2_1.JPG,4,C4_P05,708,832,912,1156,204,324,True
C2_P07_N1_S2_1.JPG,4,C2_P07,1192,968,1436,1384,244,416,False
C2_P09_N1_S7_2.JPG,4,C2_P09,636,352,740,508,104,156,False
C2_P07_N1_S3_1.JPG,4,C2_P07,884,652,1068,952,184,300,False
C2_P08_N2_S3_2.JPG,4,C2_P08,32,244,236,532,204,288,False
C2_P04_N1_S5_1.JPG,4,C2_P04,180,1224,300,1420,120,196,False
C4_P04_N3_S3_1.JPG,4,C4_P04,1436,620,1672,956,236,336,True
C1_P05_N3_S4_1.JPG,4,C1_P05,2488,1316,2680,1692,192,376,True
C2_P09_N1_S7_1.JPG,4,C2_P09,536,380,632,556,96,176,False
C1_P09_N1_S5_2.JPG,4,C1_P09,1652,1708,1836,1936,184,228,False
C1_P01_N2_S3_1.JPG,4,C1_P01,1508,1848,1820,2344,312,496,True
C2_P08_N2_S3_2.JPG,4,C2_P08,652,224,836,544,184,320,False
C1_P01_N2_S4_1.JPG,4,C1_P01,1384,1440,1600,1796,216,356,True
C1_P12_N2_S4_1.JPG,4,C1_P12,108,1472,328,1804,220,332,True
C1_P11_N2_S3_2.JPG,4,C1_P11,856,880,1092,1224,236,344,True
C2_P04_N2_S4_1.JPG,4,C2_P04,244,1048,412,1304,168,256,False
C2_P04_N3_S3_1.JPG,4,C2_P04,32,648,220,928,188,280,False
C1_P04_N2_S3_1.JPG,4,C1_P04,52,1716,248,2068,196,352,True
C1_P04_N1_S5_2.JPG,4,C1_P04,664,1660,788,1864,124,204,True
C1_P11_N1_S4_1.JPG,4,C1_P11,564,1456,800,1824,236,368,True
C1_P11_N1_S4_2.JPG,4,C1_P11,568,1440,780,1748,212,308,True
C2_P04_N2_S3_1.JPG,4,C2_P04,56,1036,240,1312,184,276,False
C1_P11_N1_S3_2.JPG,4,C1_P11,692,1652,928,2012,236,360,True
C1_P05_N2_S4_1.JPG,4,C1_P05,2092,1872,2316,2252,224,380,True
C1_P11_N1_S3_1.JPG,4,C1_P11,788,1764,1040,2148,252,384,True
C1_P04_N2_S4_1.JPG,4,C1_P04,496,1448,684,1772,188,324,True
C2_P04_N3_S2_1.JPG,4,C2_P04,52,644,232,920,180,276,False
C4_P07_N2_S3_2.JPG,4,C4_P07,1288,876,1468,1168,180,292,True
C1_P09_N3_S4_2.JPG,4,C1_P09,980,432,1152,688,172,256,False
C4_P07_N1_S5_1.JPG,4,C4_P07,1344,968,1484,1208,140,240,True
C2_P04_N1_S4_1.JPG,4,C2_P04,1964,1508,2108,1756,144,248,False
C1_P09_N4_S4_1.JPG,4,C1_P09,1428,136,1624,412,196,276,False
C2_P09_N1_S7_1.JPG,4,C2_P09,432,380,528,556,96,176,False
C1_P09_N3_S4_1.JPG,4,C1_P09,1732,508,1940,772,208,264,False
C2_P08_N2_S3_2.JPG,4,C2_P08,448,260,652,548,204,288,False
C2_P04_N3_S4_1.JPG,4,C2_P04,376,572,560,848,184,276,False
C4_P07_N2_S3_2.JPG,4,C4_P07,1112,876,1292,1168,180,292,True
C1_P11_N1_S4_1.JPG,4,C1_P11,312,1452,548,1820,236,368,True
C2_P04_N2_S3_1.JPG,4,C2_P04,528,1068,712,1328,184,260,False
C1_P09_N2_S6_1.JPG,4,C1_P09,1480,860,1656,1100,176,240,False
C1_P11_N2_S4_2.JPG,4,C1_P11,1112,700,1336,1060,224,360,True
C1_P05_N2_S4_2.JPG,4,C1_P05,2216,2024,2432,2368,216,344,True
C1_P11_N2_S4_1.JPG,4,C1_P11,1072,916,1288,1260,216,344,True
C2_P09_N1_S7_2.JPG,4,C2_P09,536,348,632,508,96,160,False
C2_P08_N2_S4_1.JPG,4,C2_P08,40,104,200,352,160,248,False
C2_P04_N2_S4_1.JPG,4,C2_P04,100,1048,268,1304,168,256,False
C2_P08_N2_S3_1.JPG,4,C2_P08,300,200,536,532,236,332,False
C4_P07_N1_S3_2.JPG,4,C4_P07,1568,1456,1748,1744,180,288,True
C1_P01_N2_S4_1.JPG,4,C1_P01,924,1428,1140,1784,216,356,True
C1_P04_N1_S4_1.JPG,4,C1_P04,252,1984,448,2288,196,304,True
C2_P07_N2_S3_1.JPG,4,C2_P07,1096,172,1284,468,188,296,False
C4_P07_N1_S4_2.JPG,4,C4_P07,956,1160,1128,1440,172,280,True
C1_P11_N2_S3_2.JPG,4,C1_P11,400,892,636,1236,236,344,True
C1_P09_N4_S3_1.JPG,4,C1_P09,1116,124,1304,364,188,240,False
C4_P05_N3_S3_1.JPG,4,C4_P05,2320,240,2524,548,204,308,True
C2_P08_N1_S3_2.JPG,4,C2_P08,260,808,468,1128,208,320,False
C1_P11_N1_S3_1.JPG,4,C1_P11,1020,1776,1272,2160,252,384,True
C2_P09_N1_S7_2.JPG,4,C2_P09,824,360,928,516,104,156,False
C4_P07_N3_S3_1.JPG,4,C4_P07,1080,276,1260,580,180,304,True
C1_P09_N3_S4_1.JPG,4,C1_P09,1556,512,1764,776,208,264,False
C1_P09_N1_S5_2.JPG,4,C1_P09,1528,1704,1656,1924,128,220,False
C1_P05_N2_S4_2.JPG,4,C1_P05,988,2020,1204,2364,216,344,True
C2_P04_N3_S2_1.JPG,4,C2_P04,216,644,380,920,164,276,False
C4_P06_N2_S3_1.JPG,4,C4_P06,728,852,928,1164,200,312,True
C4_P04_N2_S3_1.JPG,4,C4_P04,1624,1184,1892,1524,268,340,True
C1_P04_N2_S3_1.JPG,4,C1_P04,456,1732,672,2084,216,352,True
C1_P01_N2_S3_1.JPG,4,C1_P01,1228,1836,1540,2332,312,496,True
C1_P12_N3_S3_1.JPG,4,C1_P12,1628,968,1848,1404,220,436,True
C2_P04_N3_S3_1.JPG,4,C2_P04,352,672,540,952,188,280,False
C2_P07_N1_S6_2.JPG,4,C2_P07,600,332,704,484,104,152,False
C1_P11_N2_S3_2.JPG,4,C1_P11,2044,884,2280,1228,236,344,True
C4_P07_N1_S5_1.JPG,4,C4_P07,2004,940,2144,1180,140,240,True
C1_P12_N2_S5_1.JPG,4,C1_P12,212,1232,380,1488,168,256,True
C2_P04_N1_S4_1.JPG,4,C2_P04,1532,1504,1680,1736,148,232,False
C2_P09_N1_S7_2.JPG,4,C2_P09,1572,384,1676,544,104,160,False
C4_P04_N1_S4_1.JPG,4,C4_P04,1628,1616,1828,1916,200,300,True
C1_P05_N3_S4_1.JPG,4,C1_P05,784,1324,1004,1696,220,372,True
C2_P04_N2_S3_1.JPG,4,C2_P04,372,1064,556,1324,184,260,False
C1_P12_N4_S3_1.JPG,4,C1_P12,60,388,352,832,292,444,True
C2_P07_N2_S2_1.JPG,4,C2_P07,1700,324,1960,740,260,416,False
C1_P12_N2_S3_1.JPG,4,C1_P12,408,1844,664,2248,256,404,True
C1_P05_N2_S4_1.JPG,4,C1_P05,820,1884,1040,2236,220,352,True
C2_P04_N3_S4_1.JPG,4,C2_P04,1752,620,1936,896,184,276,False
C2_P04_N2_S3_1.JPG,4,C2_P04,1568,1096,1740,1340,172,244,False
C2_P09_N1_S7_1.JPG,4,C2_P09,1728,420,1840,580,112,160,False
C1_P04_N1_S5_2.JPG,4,C1_P04,412,1652,536,1856,124,204,True
C2_P04_N1_S5_1.JPG,4,C2_P04,1180,1240,1300,1416,120,176,False
C1_P05_N2_S4_1.JPG,4,C1_P05,2532,1836,2728,2216,196,380,True
C4_P07_N3_S3_1.JPG,4,C4_P07,876,280,1056,584,180,304,True
C1_P09_N2_S6_1.JPG,4,C1_P09,1648,856,1824,1096,176,240,False
C1_P05_N3_S4_1.JPG,4,C1_P05,2060,1352,2280,1704,220,352,True
C1_P11_N2_S4_2.JPG,4,C1_P11,2088,692,2312,1052,224,360,True
C2_P08_N2_S4_1.JPG,4,C2_P08,204,100,364,348,160,248,False
C1_P11_N1_S5_1.JPG,4,C1_P11,1776,1200,1944,1448,168,248,True
C1_P11_N1_S3_1.JPG,4,C1_P11,312,1792,564,2176,252,384,True
C4_P07_N1_S5_1.JPG,4,C4_P07,1216,972,1356,1212,140,240,True
C4_P07_N1_S3_1.JPG,4,C4_P07,1628,1516,1820,1816,192,300,True
C2_P04_N2_S3_1.JPG,4,C2_P04,1700,1104,1872,1348,172,244,False
C4_P07_N2_S3_1.JPG,4,C4_P07,1812,804,2004,1100,192,296,True
C1_P12_N4_S3_1.JPG,4,C1_P12,1744,340,2016,824,272,484,True
C2_P04_N3_S2_1.JPG,4,C2_P04,2136,720,2304,980,168,260,False
C4_P07_N1_S4_1.JPG,4,C4_P07,2488,1132,2640,1424,152,292,True
C4_P05_N3_S3_1.JPG,4,C4_P05,740,248,936,560,196,312,True
C1_P05_N3_S3_1.JPG,4,C1_P05,2284,1548,2520,1920,236,372,True
C2_P07_N2_S2_1.JPG,4,C2_P07,1448,320,1708,736,260,416,False
C2_P04_N1_S4_1.JPG,4,C2_P04,356,1496,532,1720,176,224,False
C1_P11_N2_S4_3.JPG,4,C1_P11,2268,788,2468,1084,200,296,True
C4_P05_N3_S3_1.JPG,4,C4_P05,2156,212,2316,552,160,340,True
C4_P07_N1_S4_1.JPG,4,C4_P07,1596,1172,1788,1464,192,292,True
C2_P08_N2_S3_1.JPG,4,C2_P08,784,168,1008,552,224,384,False
C2_P07_N1_S3_1.JPG,4,C2_P07,696,640,880,940,184,300,False
C4_P06_N2_S3_1.JPG,4,C4_P06,2144,800,2316,1136,172,336,True
C1_P11_N2_S4_1.JPG,4,C1_P11,2240,936,2452,1264,212,328,True
C2_P08_N1_S3_1.JPG,4,C2_P08,100,796,344,1160,244,364,False
C1_P11_N1_S3_2.JPG,4,C1_P11,892,1640,1128,2000,236,360,True
C1_P11_N2_S4_3.JPG,4,C1_P11,2068,792,2268,1088,200,296,True
C2_P04_N3_S3_1.JPG,4,C2_P04,192,636,380,916,188,280,False
C1_P01_N1_S5_1.JPG,4,C1_P01,868,1612,1068,1928,200,316,True
C1_P11_N2_S4_2.JPG,4,C1_P11,2300,696,2524,1056,224,360,True
C1_P12_N1_S5_1.JPG,4,C1_P12,240,1672,412,1952,172,280,True
C2_P04_N1_S4_1.JPG,4,C2_P04,1672,1516,1820,1748,148,232,False
C1_P05_N1_S5_1.JPG,4,C1_P05,2048,2116,2228,2400,180,284,True
C4_P04_N2_S4_1.JPG,4,C4_P04,1412,1000,1624,1300,212,300,True
C1_P12_N1_S4_1.JPG,4,C1_P12,1400,1956,1604,2336,204,380,True
C1_P01_N4_S2_1.JPG,4,C1_P01,1436,276,1848,916,412,640,True
C2_P07_N1_S4_1.JPG,4,C2_P07,1060,576,1216,828,156,252,False
C2_P07_N1_S6_1.JPG,4,C2_P07,732,428,840,584,108,156,False
C1_P11_N2_S4_2.JPG,4,C1_P11,444,696,668,1056,224,360,True
C2_P04_N2_S3_1.JPG,4,C2_P04,672,1080,844,1324,172,244,False
C4_P04_N1_S5_1.JPG,4,C4_P04,1464,1320,1636,1580,172,260,True
C4_P07_N2_S3_1.JPG,4,C4_P07,900,812,1092,1108,192,296,True
C4_P07_N2_S4_1.JPG,4,C4_P07,1812,716,1972,980,160,264,True
C1_P12_N4_S2_1.JPG,4,C1_P12,2208,404,2532,1008,324,604,True
C1_P04_N1_S5_1.JPG,4,C1_P04,244,1632,408,1892,164,260,True
C1_P12_N3_S4_1.JPG,4,C1_P12,84,924,312,1276,228,352,True
C4_P07_N2_S3_1.JPG,4,C4_P07,1632,808,1824,1104,192,296,True
C2_P09_N1_S7_2.JPG,4,C2_P09,1672,380,1776,540,104,160,False
C2_P07_N1_S4_1.JPG,4,C2_P07,596,576,752,828,156,252,False
C2_P04_N3_S3_1.JPG,4,C2_P04,864,700,1052,972,188,272,False
C2_P07_N2_S4_1.JPG,4,C2_P07,1212,80,1380,336,168,256,False
C2_P04_N2_S4_1.JPG,4,C2_P04,1728,1116,1880,1352,152,236,False
C1_P12_N2_S3_1.JPG,4,C1_P12,144,1852,400,2256,256,404,True
C2_P04_N3_S3_1.JPG,4,C2_P04,1848,752,2036,1024,188,272,False
C1_P04_N1_S4_1.JPG,4,C1_P04,824,1992,1020,2312,196,320,True
C2_P07_N1_S6_1.JPG,4,C2_P07,632,408,740,584,108,176,False
C4_P07_N1_S4_2.JPG,4,C4_P07,2448,1112,2588,1416,140,304,True
C1_P01_N4_S2_1.JPG,4,C1_P01,1848,288,2260,928,412,640,True
C1_P05_N2_S4_2.JPG,4,C1_P05,552,2016,768,2360,216,344,True
C2_P04_N3_S2_1.JPG,4,C2_P04,856,700,1024,960,168,260,False
C4_P07_N3_S3_2.JPG,4,C4_P07,1292,284,1480,580,188,296,True
C2_P08_N1_S3_2.JPG,4,C2_P08,672,796,868,1136,196,340,False
C1_P12_N2_S5_1.JPG,4,C1_P12,68,1224,236,1480,168,256,True
C1_P11_N1_S3_2.JPG,4,C1_P11,2096,1636,2316,1968,220,332,True
C1_P05_N3_S3_1.JPG,4,C1_P05,2076,1536,2312,1908,236,372,True
C1_P11_N2_S4_1.JPG,4,C1_P11,408,904,624,1248,216,344,True
C1_P05_N1_S5_1.JPG,4,C1_P05,2224,2088,2388,2392,164,304,True
C1_P11_N1_S3_2.JPG,4,C1_P11,472,1656,708,2016,236,360,True
C4_P07_N3_S3_2.JPG,4,C4_P07,2504,252,2680,556,176,304,True
C1_P12_N1_S4_1.JPG,4,C1_P12,92,1976,308,2324,216,348,True
C1_P04_N1_S4_1.JPG,4,C1_P04,624,1992,820,2312,196,320,True
C1_P11_N2_S4_3.JPG,4,C1_P11,1196,804,1396,1100,200,296,True
C4_P04_N2_S3_1.JPG,4,C4_P04,1396,1208,1644,1496,248,288,True
C2_P04_N2_S4_1.JPG,4,C2_P04,396,1068,548,1304,152,236,False
C1_P01_N1_S5_1.JPG,4,C1_P01,1252,1596,1452,1912,200,316,True
C2_P08_N2_S3_1.JPG,4,C2_P08,56,204,292,536,236,332,False
C1_P04_N2_S4_1.JPG,4,C1_P04,852,1456,1040,1780,188,324,True
C1_P11_N1_S4_2.JPG,4,C1_P11,1148,1428,1360,1736,212,308,True
C2_P04_N3_S4_1.JPG,4,C2_P04,712,588,896,864,184,276,False
C1_P01_N1_S5_1.JPG,4,C1_P01,1060,1612,1260,1928,200,316,True
C2_P07_N1_S3_1.JPG,4,C2_P07,1452,656,1636,956,184,300,False
C4_P07_N1_S3_1.JPG,4,C4_P07,1244,1516,1436,1816,192,300,True
C4_P07_N1_S4_1.JPG,4,C4_P07,1764,1160,1956,1452,192,292,True
C2_P04_N3_S4_1.JPG,4,C2_P04,552,576,736,852,184,276,False
C1_P09_N3_S3_1.JPG,4,C1_P09,1120,464,1312,720,192,256,False
C1_P11_N2_S4_3.JPG,4,C1_P11,1012,812,1212,1108,200,296,True
C2_P04_N2_S3_1.JPG,4,C2_P04,824,1088,996,1332,172,244,False
C2_P09_N1_S7_2.JPG,4,C2_P09,732,348,836,504,104,156,False
C2_P07_N1_S4_1.JPG,4,C2_P07,904,572,1060,824,156,252,False
C2_P09_N1_S7_2.JPG,4,C2_P09,1768,388,1872,548,104,160,False
C1_P04_N1_S4_1.JPG,4,C1_P04,432,1988,628,2308,196,320,True
C4_P07_N1_S3_1.JPG,4,C4_P07,856,1536,1048,1836,192,300,True
C4_P07_N3_S3_1.JPG,4,C4_P07,2556,264,2740,564,184,300,True
C2_P04_N2_S4_1.JPG,4,C2_P04,836,1092,988,1328,152,236,False
C4_P07_N2_S4_1.JPG,4,C4_P07,2448,684,2600,972,152,288,True
C1_P11_N1_S5_1.JPG,4,C1_P11,904,1216,1072,1464,168,248,True
C1_P04_N3_S3_1.JPG,4,C1_P04,36,1144,228,1464,192,320,True
C2_P04_N2_S4_1.JPG,4,C2_P04,552,1088,704,1324,152,236,False
C2_P04_N3_S2_1.JPG,4,C2_P04,1816,724,1996,984,180,260,False
C2_P07_N1_S4_1.JPG,4,C2_P07,1208,564,1364,816,156,252,False
C2_P08_N1_S3_2.JPG,4,C2_P08,48,800,256,1120,208,320,False
C1_P12_N3_S3_1.JPG,4,C1_P12,360,1004,624,1392,264,388,True
C1_P12_N3_S4_1.JPG,4,C1_P12,288,904,516,1256,228,352,True
C1_P11_N2_S3_1.JPG,4,C1_P11,580,288,836,640,256,352,True
C1_P11_N2_S4_1.JPG,4,C1_P11,852,912,1068,1256,216,344,True
C1_P11_N1_S5_1.JPG,4,C1_P11,436,1220,604,1468,168,248,True
C2_P07_N1_S2_1.JPG,4,C2_P07,1968,984,2212,1400,244,416,False
C2_P07_N1_S4_1.JPG,4,C2_P07,748,580,904,832,156,252,False
C4_P07_N1_S4_2.JPG,4,C4_P07,1788,1144,1960,1424,172,280,True
C4_P07_N1_S4_2.JPG,4,C4_P07,1464,1152,1636,1432,172,280,True
C2_P07_N1_S6_2.JPG,4,C2_P07,504,328,608,480,104,152,False
C4_P07_N1_S4_1.JPG,4,C4_P07,1236,1168,1428,1460,192,292,True
C1_P04_N1_S5_2.JPG,4,C1_P04,288,1644,412,1848,124,204,True
C4_P05_N3_S2_1.JPG,4,C4_P05,736,232,924,552,188,320,True
C1_P11_N2_S4_3.JPG,4,C1_P11,612,812,812,1108,200,296,True
C1_P01_N3_S2_1.JPG,4,C1_P01,1484,1408,1892,2048,408,640,True
C1_P05_N4_S3_1.JPG,4,C1_P05,944,880,1156,1248,212,368,True
C2_P04_N2_S3_1.JPG,4,C2_P04,1984,1096,2156,1340,172,244,False
C1_P01_N2_S3_1.JPG,4,C1_P01,1816,1864,2128,2360,312,496,True
C2_P04_N3_S2_1.JPG,4,C2_P04,364,684,532,944,168,260,False
C2_P08_N2_S3_1.JPG,4,C2_P08,528,216,764,548,236,332,False
C2_P04_N1_S5_1.JPG,4,C2_P04,288,1240,408,1416,120,176,False
C2_P07_N1_S2_1.JPG,4,C2_P07,944,948,1188,1392,244,444,False
C2_P08_N1_S3_1.JPG,4,C2_P08,348,816,592,1180,244,364,False
C2_P09_N1_S7_1.JPG,4,C2_P09,740,392,840,556,100,164,False
C1_P12_N3_S3_1.JPG,4,C1_P12,120,1000,384,1388,264,388,True
C1_P05_N1_S5_1.JPG,4,C1_P05,1884,2124,2064,2408,180,284,True
C2_P07_N2_S2_1.JPG,4,C2_P07,1196,316,1456,732,260,416,False
C2_P04_N1_S4_1.JPG,4,C2_P04,484,1504,660,1728,176,224,False
C2_P04_N3_S3_1.JPG,4,C2_P04,684,680,872,960,188,280,False
C4_P05_N1_S5_1.JPG,4,C4_P05,856,956,1020,1204,164,248,True
C2_P07_N1_S6_2.JPG,4,C2_P07,396,324,500,476,104,152,False
C4_P06_N1_S3_1.JPG,4,C4_P06,648,1512,848,1832,200,320,True
C4_P04_N1_S4_1.JPG,4,C4_P04,1432,1624,1632,1924,200,300,True
C1_P01_N3_S3_1.JPG,4,C1_P01,1560,1156,1832,1604,272,448,True
C1_P05_N2_S4_2.JPG,4,C1_P05,2008,2028,2224,2372,216,344,True
C1_P05_N2_S4_2.JPG,4,C1_P05,2428,1992,2616,2360,188,368,True
C1_P08_N4_S4_1.JPG,4,C1_P08,2900,2148,3108,2420,208,272,True
C1_P01_N3_S3_1.JPG,4,C1_P01,1876,1160,2148,1608,272,448,True
C1_P08_N4_S4_1.JPG,4,C1_P08,2256,2096,2464,2436,208,340,True
C2_P04_N3_S3_1.JPG,4,C2_P04,1696,732,1884,1004,188,272,False
C2_P08_N1_S3_2.JPG,4,C2_P08,456,820,664,1140,208,320,False
C4_P04_N4_S2_1.JPG,4,C4_P04,1376,204,1604,560,228,356,True
C2_P09_N1_S7_1.JPG,4,C2_P09,840,396,940,560,100,164,False
C1_P11_N1_S4_1.JPG,4,C1_P11,1032,1444,1268,1812,236,368,True
C2_P04_N3_S3_1.JPG,4,C2_P04,2200,740,2360,1020,160,280,False
C1_P11_N2_S4_1.JPG,4,C1_P11,640,908,856,1252,216,344,True
C1_P12_N1_S4_1.JPG,4,C1_P12,292,1972,508,2320,216,348,True
C2_P07_N1_S3_1.JPG,4,C2_P07,1264,652,1448,952,184,300,False
C4_P07_N2_S3_2.JPG,4,C4_P07,1456,892,1636,1184,180,292,True
C2_P09_N1_S7_1.JPG,4,C2_P09,636,396,732,560,96,164,False
C4_P07_N3_S3_1.JPG,4,C4_P07,1636,272,1816,576,180,304,True
C1_P11_N2_S3_2.JPG,4,C1_P11,2248,876,2484,1220,236,344,True
C4_P07_N1_S4_2.JPG,4,C4_P07,1628,1152,1800,1432,172,280,True
C1_P12_N2_S5_1.JPG,4,C1_P12,1060,1196,1216,1484,156,288,True
C4_P07_N3_S3_2.JPG,4,C4_P07,1460,272,1648,568,188,296,True
C2_P04_N1_S5_1.JPG,4,C2_P04,68,1224,188,1420,120,196,False
C2_P09_N1_S7_2.JPG,4,C2_P09,436,340,532,496,96,156,False
C1_P09_N4_S3_1.JPG,4,C1_P09,972,120,1160,360,188,240,False
C2_P04_N2_S4_1.JPG,4,C2_P04,684,1088,836,1324,152,236,False
C1_P11_N1_S4_1.JPG,4,C1_P11,2080,1428,2316,1796,236,368,True
C2_P07_N1_S6_1.JPG,4,C2_P07,424,404,532,592,108,188,False
C2_P04_N3_S4_1.JPG,4,C2_P04,200,504,392,840,192,336,False
C1_P11_N1_S3_2.JPG,4,C1_P11,1096,1640,1332,2000,236,360,True
C1_P11_N2_S3_2.JPG,4,C1_P11,1072,888,1308,1232,236,344,True
C2_P04_N1_S4_1.JPG,4,C2_P04,644,1504,820,1728,176,224,False
C4_P07_N2_S3_2.JPG,4,C4_P07,1628,880,1808,1172,180,292,True
C1_P12_N4_S2_1.JPG,4,C1_P12,116,488,464,1008,348,520,True
C1_P05_N3_S3_1.JPG,4,C1_P05,2512,1520,2704,1908,192,388,True
C1_P04_N2_S3_1.JPG,4,C1_P04,668,1728,884,2080,216,352,True
C1_P05_N2_S4_1.JPG,4,C1_P05,596,1880,816,2232,220,352,True
C4_P07_N2_S3_2.JPG,4,C4_P07,1804,884,1984,1176,180,292,True
C1_P11_N1_S3_1.JPG,4,C1_P11,564,1780,816,2164,252,384,True
C4_P07_N3_S3_2.JPG,4,C4_P07,1816,264,2004,560,188,296,True
C4_P07_N2_S3_1.JPG,4,C4_P07,1456,808,1648,1104,192,296,True
C2_P04_N3_S2_1.JPG,4,C2_P04,536,696,704,956,168,260,False
C2_P04_N3_S2_1.JPG,4,C2_P04,700,688,868,948,168,260,False
C1_P12_N3_S2_1.JPG,4,C1_P12,524,1460,900,2004,376,544,True
C2_P07_N1_S2_1.JPG,4,C2_P07,1452,972,1696,1388,244,416,False
C1_P11_N2_S3_1.JPG,4,C1_P11,816,292,1072,644,256,352,True
C2_P07_N2_S3_1.JPG,4,C2_P07,912,164,1100,468,188,304,False
C2_P04_N2_S4_1.JPG,4,C2_P04,2040,1092,2192,1356,152,264,False
C1_P11_N2_S3_1.JPG,4,C1_P11,356,296,612,648,256,352,True
C1_P04_N1_S5_1.JPG,4,C1_P04,396,1640,560,1900,164,260,True
C2_P08_N2_S3_2.JPG,4,C2_P08,244,244,448,532,204,288,False
C2_P07_N2_S2_1.JPG,4,C2_P07,940,296,1200,744,260,448,False
C4_P07_N1_S4_2.JPG,4,C4_P07,1316,1144,1488,1424,172,280,True
C1_P12_N2_S3_1.JPG,4,C1_P12,1704,1836,1928,2292,224,456,True
C1_P05_N4_S3_1.JPG,4,C1_P05,2248,884,2444,1252,196,368,True
C1_P12_N2_S4_1.JPG,4,C1_P12,1396,1472,1580,1824,184,352,True
C1_P04_N1_S5_1.JPG,4,C1_P04,556,1644,720,1904,164,260,True
C1_P12_N4_S2_1.JPG,4,C1_P12,464,484,812,1004,348,520,True
C2_P04_N1_S5_1.JPG,4,C2_P04,1284,1244,1404,1420,120,176,False
C4_P05_N2_S4_1.JPG,4,C4_P05,772,688,948,988,176,300,True
C4_P04_N2_S4_1.JPG,4,C4_P04,1596,992,1808,1292,212,300,True
C1_P12_N1_S5_1.JPG,4,C1_P12,68,1676,240,1956,172,280,True
C1_P09_N3_S3_1.JPG,4,C1_P09,1284,476,1476,732,192,256,False
C1_P11_N1_S4_1.JPG,4,C1_P11,2312,1432,2548,1800,236,368,True
C1_P05_N4_S3_1.JPG,4,C1_P05,2040,892,2236,1260,196,368,True
C2_P08_N1_S6_1.JPG,4,C2_P08,260,356,380,536,120,180,False
C2_P07_N2_S4_1.JPG,4,C2_P07,888,92,1056,348,168,256,False
C1_P11_N2_S4_3.JPG,4,C1_P11,820,816,1020,1112,200,296,True
C4_P06_N1_S4_1.JPG,4,C4_P06,640,1292,828,1616,188,324,True
C2_P07_N1_S6_2.JPG,4,C2_P07,780,348,884,500,104,152,False
C2_P08_N1_S6_1.JPG,4,C2_P08,28,352,148,532,120,180,False
C2_P04_N3_S4_1.JPG,4,C2_P04,884,600,1068,876,184,276,False
C1_P04_N2_S4_1.JPG,4,C1_P04,300,1432,488,1756,188,324,True
C1_P01_N3_S2_1.JPG,4,C1_P01,2364,1464,2740,2092,376,628,True
C2_P08_N1_S6_2.JPG,4,C2_P08,260,420,376,588,116,168,False
C4_P07_N3_S3_1.JPG,4,C4_P07,1440,284,1620,588,180,304,True
C1_P05_N3_S4_1.JPG,4,C1_P05,556,1348,776,1720,220,372,True
C1_P05_N2_S4_1.JPG,4,C1_P05,1060,1880,1280,2232,220,352,True
C1_P05_N3_S4_1.JPG,4,C1_P05,996,1324,1216,1696,220,372,True
C2_P07_N2_S2_1.JPG,4,C2_P07,1972,324,2232,740,260,416,False
C2_P04_N3_S4_1.JPG,4,C2_P04,28,508,220,844,192,336,False
C1_P03_N1_S4_2.JPG,3,C1_P03,1864,1168,2004,1356,140,188,False
C1_P03_N1_S4_1.JPG,3,C1_P03,1980,1500,2148,1736,168,236,False
C1_P03_N1_S4_2.JPG,3,C1_P03,1592,1156,1732,1344,140,188,False
C4_P02_N3_S2_1.JPG,3,C4_P02,1764,1060,1944,1324,180,264,True
C1_P03_N3_S2_1.JPG,3,C1_P03,2320,568,2536,852,216,284,False
C2_P01_N1_S5_1.JPG,3,C2_P01,1008,1644,1112,1788,104,144,True
C4_P02_N4_S2_1.JPG,3,C4_P02,1884,316,2124,656,240,340,True
C1_P03_N3_S2_1.JPG,3,C1_P03,2532,576,2748,860,216,284,False
C2_P01_N3_S3_1.JPG,3,C2_P01,1688,1100,1840,1300,152,200,True
C1_P09_N4_S3_1.JPG,3,C1_P09,360,796,540,1040,180,244,False
C2_P01_N2_S4_1.JPG,3,C2_P01,1400,1496,1528,1672,128,176,True
C3_P05_N1_S5_1.JPG,3,C3_P05,2436,204,2616,472,180,268,True
C1_P03_N2_S3_1.JPG,3,C1_P03,2272,1232,2480,1496,208,264,False
C2_P01_N4_S2_1.JPG,3,C2_P01,1676,880,1852,1128,176,248,True
C1_P08_N1_S4_1.JPG,3,C1_P08,2268,156,2496,516,228,360,True
C1_P03_N2_S3_1.JPG,3,C1_P03,2060,1216,2268,1480,208,264,False
C2_P01_N1_S5_1.JPG,3,C2_P01,1100,1644,1204,1788,104,144,True
C4_P02_N2_S4_1.JPG,3,C4_P02,1960,1220,2124,1444,164,224,True
C4_P02_N3_S2_1.JPG,3,C4_P02,2128,1056,2308,1320,180,264,True
C1_P09_N3_S4_2.JPG,3,C1_P09,376,1100,548,1356,172,256,False
C2_P01_N3_S3_1.JPG,3,C2_P01,1424,1088,1576,1288,152,200,True
C4_P02_N2_S3_1.JPG,3,C4_P02,2080,1628,2268,1872,188,244,True
C1_P03_N2_S3_2.JPG,3,C1_P03,2476,1076,2672,1344,196,268,False
C1_P03_N1_S4_2.JPG,3,C1_P03,1724,1160,1864,1348,140,188,False
C3_P05_N1_S3_1.JPG,3,C3_P05,2452,432,2660,712,208,280,True
C1_P03_N1_S3_2.JPG,3,C1_P03,1940,1536,2116,1800,176,264,False
C4_P02_N4_S3_1.JPG,3,C4_P02,1972,328,2180,592,208,264,True
C1_P03_N1_S3_1.JPG,3,C1_P03,2456,1736,2660,1996,204,260,False
C1_P03_N2_S3_2.JPG,3,C1_P03,2072,1072,2268,1340,196,268,False
C4_P02_N2_S4_1.JPG,3,C4_P02,1808,1212,1972,1436,164,224,True
C3_P05_N1_S2_1.JPG,3,C3_P05,2844,428,3076,764,232,336,True
C2_P01_N1_S5_2.JPG,3,C2_P01,1140,1656,1244,1796,104,140,True
C3_P05_N1_S3_1.JPG,3,C3_P05,2668,436,2876,724,208,288,True
C1_P03_N3_S2_1.JPG,3,C1_P03,2116,560,2332,844,216,284,False
C2_P01_N1_S5_1.JPG,3,C2_P01,1192,1648,1296,1792,104,144,True
C1_P03_N1_S3_1.JPG,3,C1_P03,2248,1724,2452,1984,204,260,False
C4_P02_N2_S4_1.JPG,3,C4_P02,1652,1216,1804,1440,152,224,True
C2_P01_N2_S4_1.JPG,3,C2_P01,1280,1496,1408,1672,128,176,True
C4_P02_N4_S3_1.JPG,3,C4_P02,1784,324,1976,588,192,264,True
C3_P05_N1_S5_1.JPG,3,C3_P05,2256,200,2424,468,168,268,True
C4_P04_N5_S2_1.JPG,3,C4_P04,512,700,740,1048,228,348,True
C4_P02_N4_S3_1.JPG,3,C4_P02,2156,324,2364,588,208,264,True
C3_P05_N1_S4_1.JPG,3,C3_P05,2412,380,2596,652,184,272,True
C4_P02_N4_S2_1.JPG,3,C4_P02,2116,324,2356,664,240,340,True
C1_P03_N1_S4_1.JPG,3,C1_P03,2152,1508,2320,1744,168,236,False
C4_P02_N2_S3_1.JPG,3,C4_P02,1724,1632,1896,1876,172,244,True
C1_P03_N1_S3_2.JPG,3,C1_P03,2300,1540,2476,1804,176,264,False
C2_P01_N4_S2_1.JPG,3,C2_P01,1836,868,2012,1116,176,248,True
C2_P01_N1_S5_2.JPG,3,C2_P01,1052,1652,1156,1792,104,140,True
C1_P03_N1_S3_2.JPG,3,C1_P03,2128,1536,2304,1800,176,264,False
C4_P02_N4_S2_1.JPG,3,C4_P02,1632,316,1860,656,228,340,True
C2_P01_N3_S3_1.JPG,3,C2_P01,1556,1100,1708,1300,152,200,True
C1_P03_N1_S4_1.JPG,3,C1_P03,2316,1516,2484,1752,168,236,False
C2_P01_N2_S4_1.JPG,3,C2_P01,1180,1496,1308,1672,128,176,True
C1_P09_N3_S4_1.JPG,3,C1_P09,876,1264,1064,1556,188,292,False
C1_P03_N2_S3_1.JPG,3,C1_P03,2464,1232,2672,1496,208,264,False
C1_P03_N1_S3_1.JPG,3,C1_P03,2052,1712,2236,1972,184,260,False
C1_P09_N4_S4_1.JPG,3,C1_P09,748,912,928,1180,180,268,False
C1_P03_N2_S3_2.JPG,3,C1_P03,2272,1080,2468,1348,196,268,False
C3_P05_N1_S2_1.JPG,3,C3_P05,3092,436,3348,772,256,336,True
C1_P09_N2_S6_1.JPG,3,C1_P09,868,1564,1036,1804,168,240,False
C3_P05_N1_S4_1.JPG,3,C3_P05,2600,392,2804,664,204,272,True
C2_P01_N1_S5_2.JPG,3,C2_P01,1228,1656,1332,1796,104,140,True
C4_P02_N2_S3_1.JPG,3,C4_P02,1908,1628,2096,1872,188,244,True
C2_P01_N4_S2_1.JPG,3,C2_P01,2004,860,2180,1108,176,248,True
C4_P02_N3_S2_1.JPG,3,C4_P02,1948,1044,2128,1308,180,264,True
C1_P08_N1_S4_1.JPG,3,C1_P08,2464,164,2692,524,228,360,True
C1_P07_N2_S3_2.JPG,2,C1_P07,1220,472,1440,768,220,296,False
C3_P07_N1_S2_1.JPG,2,C3_P07,1120,436,1464,928,344,492,True
C1_P06_N1_S4_1.JPG,2,C1_P06,1000,776,1204,1036,204,260,True
C2_P02_N3_S2_1.JPG,2,C2_P02,1160,280,1404,628,244,348,True
C3_P02_N1_S4_1.JPG,2,C3_P02,1880,280,2080,568,200,288,True
C3_P03_N2_S3_1.JPG,2,C3_P03,756,372,1004,712,248,340,True
C4_P03_N2_S3_2.JPG,2,C4_P03,1804,288,1996,552,192,264,True
C2_P06_N1_S3_2.JPG,2,C2_P06,1572,136,1760,388,188,252,False
C2_P05_N2_S4_1.JPG,2,C2_P05,664,624,832,852,168,228,True
C1_P06_N1_S3_1.JPG,2,C1_P06,692,396,908,700,216,304,True
C1_P06_N1_S3_1.JPG,2,C1_P06,908,1124,1124,1428,216,304,True
C3_P04_N1_S5_1.JPG,2,C3_P04,704,96,888,376,184,280,True
C2_P06_N1_S3_1.JPG,2,C2_P06,1592,172,1788,416,196,244,False
C3_P07_N1_S2_1.JPG,2,C3_P07,2472,1528,2804,2008,332,480,True
C4_P03_N2_S4_1.JPG,2,C4_P03,856,56,1032,328,176,272,True
C4_P01_N2_S2_1.JPG,2,C4_P01,360,1008,580,1312,220,304,True
C2_P05_N2_S2_1.JPG,2,C2_P05,1520,64,1740,364,220,300,True
C1_P10_N1_S5_1.JPG,2,C1_P10,696,1560,836,1788,140,228,True
C4_P08_N2_S3_1.JPG,2,C4_P08,1876,708,2108,1068,232,360,False
C4_P03_N3_S3_2.JPG,2,C4_P03,2588,352,2780,640,192,288,True
C2_P02_N2_S4_1.JPG,2,C2_P02,772,1128,936,1380,164,252,True
C2_P02_N1_S5_1.JPG,2,C2_P02,408,920,528,1088,120,168,True
C3_P07_N1_S2_1.JPG,2,C3_P07,2124,460,2468,952,344,492,True
C2_P05_N1_S5_1.JPG,2,C2_P05,576,900,704,1076,128,176,True
C3_P07_N1_S4_1.JPG,2,C3_P07,832,40,1048,364,216,324,True
C2_P02_N1_S4_1.JPG,2,C2_P02,896,1104,1072,1356,176,252,True
C2_P02_N4_S2_1.JPG,2,C2_P02,720,308,948,640,228,332,True
C2_P05_N1_S3_1.JPG,2,C2_P05,1232,1268,1416,1528,184,260,True
C3_P07_N1_S4_1.JPG,2,C3_P07,1740,44,1956,368,216,324,True
C2_P05_N2_S3_1.JPG,2,C2_P05,1488,692,1708,992,220,300,True
C1_P06_N1_S3_1.JPG,2,C1_P06,2828,1132,3044,1436,216,304,True
C2_P05_N1_S5_1.JPG,2,C2_P05,928,544,1056,720,128,176,True
C2_P05_N1_S3_1.JPG,2,C2_P05,736,716,920,976,184,260,True
C1_P07_N2_S3_2.JPG,2,C1_P07,804,472,1024,768,220,296,False
C3_P03_N1_S2_1.JPG,2,C3_P03,2832,1408,3168,1856,336,448,True
C2_P02_N3_S2_1.JPG,2,C2_P02,732,876,960,1216,228,340,True
C3_P03_N1_S5_1.JPG,2,C3_P03,724,128,884,344,160,216,True
C4_P01_N2_S2_1.JPG,2,C4_P01,1628,348,1832,644,204,296,True
C4_P08_N1_S5_1.JPG,2,C4_P08,1276,1068,1408,1264,132,196,False
C1_P10_N2_S4_1.JPG,2,C1_P10,800,908,988,1164,188,256,True
C2_P02_N2_S2_1.JPG,2,C2_P02,1568,888,1788,1252,220,364,True
C4_P03_N2_S4_1.JPG,2,C4_P03,316,52,492,324,176,272,True
C2_P02_N3_S2_1.JPG,2,C2_P02,744,272,988,620,244,348,True
C4_P03_N2_S4_1.JPG,2,C4_P03,648,636,824,908,176,272,True
C3_P03_N2_S3_1.JPG,2,C3_P03,500,364,748,704,248,340,True
C3_P02_N1_S2_1.JPG,2,C3_P02,1520,464,1776,840,256,376,True
C2_P02_N1_S5_1.JPG,2,C2_P02,936,1208,1052,1376,116,168,True
C3_P02_N1_S2_1.JPG,2,C3_P02,700,1204,956,1580,256,376,True
C1_P06_N2_S3_3.JPG,2,C1_P06,708,392,928,720,220,328,True
C4_P03_N1_S4_1.JPG,2,C4_P03,1028,124,1196,352,168,228,True
C3_P03_N2_S4_1.JPG,2,C3_P03,108,220,316,476,208,256,True
C2_P05_N2_S4_1.JPG,2,C2_P05,504,136,672,364,168,228,True
C2_P05_N1_S4_1.JPG,2,C2_P05,944,1128,1100,1344,156,216,True
C1_P06_N2_S3_3.JPG,2,C1_P06,924,396,1144,724,220,328,True
C4_P03_N3_S3_1.JPG,2,C4_P03,1916,252,2128,568,212,316,True
C4_P01_N1_S3_1.JPG,2,C4_P01,676,260,860,532,184,272,True
C2_P02_N3_S2_1.JPG,2,C2_P02,980,284,1224,632,244,348,True
C3_P02_N2_S4_1.JPG,2,C3_P02,680,200,892,516,212,316,True
C3_P02_N1_S5_1.JPG,2,C3_P02,424,88,616,320,192,232,True
C4_P08_N2_S4_1.JPG,2,C4_P08,1072,636,1276,920,204,284,False
C4_P03_N1_S4_1.JPG,2,C4_P03,1812,652,1980,892,168,240,True
C2_P02_N2_S2_1.JPG,2,C2_P02,716,904,936,1268,220,364,True
C3_P03_N1_S5_1.JPG,2,C3_P03,484,124,644,340,160,216,True
C2_P05_N2_S3_2.JPG,2,C2_P05,1092,276,1272,532,180,256,True
C2_P06_N1_S3_1.JPG,2,C2_P06,1420,160,1616,404,196,244,False
C2_P02_N3_S2_1.JPG,2,C2_P02,1592,848,1820,1188,228,340,True
C4_P03_N3_S3_1.JPG,2,C4_P03,472,248,684,564,212,316,True
C3_P02_N2_S3_1.JPG,2,C3_P02,588,332,844,700,256,368,True
C4_P01_N1_S3_1.JPG,2,C4_P01,464,1556,652,1844,188,288,True
C1_P07_N1_S3_3.JPG,2,C1_P07,1552,324,1756,620,204,296,False
C1_P10_N2_S3_1.JPG,2,C1_P10,1100,1760,1360,2136,260,376,True
C3_P07_N1_S4_1.JPG,2,C3_P07,1512,44,1728,368,216,324,True
C4_P03_N1_S4_1.JPG,2,C4_P03,1036,1196,1204,1436,168,240,True
C1_P10_N2_S4_1.JPG,2,C1_P10,1152,904,1340,1160,188,256,True
C2_P05_N2_S4_1.JPG,2,C2_P05,968,628,1136,856,168,228,True
C2_P05_N2_S5_1.JPG,2,C2_P05,512,404,624,568,112,164,True
C3_P03_N2_S4_1.JPG,2,C3_P03,756,228,932,500,176,272,True
C1_P07_N2_S3_1.JPG,2,C1_P07,320,424,524,720,204,296,False
C1_P10_N2_S4_1.JPG,2,C1_P10,484,1420,672,1676,188,256,True
C1_P06_N2_S3_2.JPG,2,C1_P06,1408,96,1636,408,228,312,True
C2_P05_N2_S3_2.JPG,2,C2_P05,1616,304,1796,560,180,256,True
C4_P03_N2_S3_2.JPG,2,C4_P03,1600,904,1792,1168,192,264,True
C2_P02_N1_S3_1.JPG,2,C2_P02,1176,1436,1400,1804,224,368,True
C2_P06_N1_S2_1.JPG,2,C2_P06,1256,696,1440,952,184,256,False
C1_P07_N1_S3_1.JPG,2,C1_P07,1156,976,1360,1308,204,332,False
C3_P02_N1_S3_1.JPG,2,C3_P02,2448,376,2704,748,256,372,True
C1_P06_N1_S3_2.JPG,2,C1_P06,2116,448,2336,740,220,292,True
C4_P03_N2_S3_2.JPG,2,C4_P03,716,300,908,564,192,264,True
C3_P07_N2_S2_1.JPG,2,C3_P07,1512,412,1872,916,360,504,True
C3_P03_N1_S3_1.JPG,2,C3_P03,2604,1116,2884,1492,280,376,True
C2_P02_N4_S2_1.JPG,2,C2_P02,1364,308,1592,640,228,332,True
C2_P05_N2_S5_1.JPG,2,C2_P05,716,56,828,220,112,164,True
C3_P02_N1_S2_2.JPG,2,C3_P02,2324,1272,2592,1640,268,368,True
C4_P08_N1_S2_1.JPG,2,C4_P08,1496,1304,1752,1648,256,344,False
C1_P06_N1_S4_1.JPG,2,C1_P06,624,772,828,1032,204,260,True
C3_P03_N2_S3_1.JPG,2,C3_P03,1552,372,1800,712,248,340,True
C4_P01_N1_S3_1.JPG,2,C4_P01,1444,904,1632,1192,188,288,True
C2_P05_N2_S3_1.JPG,2,C2_P05,1116,668,1336,968,220,300,True
C4_P08_N1_S3_1.JPG,2,C4_P08,1400,1612,1624,1924,224,312,False
C2_P05_N1_S3_1.JPG,2,C2_P05,1244,744,1428,1004,184,260,True
C4_P08_N1_S4_1.JPG,2,C4_P08,1428,1224,1628,1508,200,284,False
C1_P06_N2_S3_3.JPG,2,C1_P06,480,396,700,724,220,328,True
C2_P02_N2_S3_1.JPG,2,C2_P02,728,1332,956,1664,228,332,True
C2_P02_N2_S3_1.JPG,2,C2_P02,772,764,988,1096,216,332,True
C2_P05_N1_S2_1.JPG,2,C2_P05,1060,852,1272,1140,212,288,True
C1_P10_N1_S5_1.JPG,2,C1_P10,548,1556,688,1784,140,228,True
C1_P10_N2_S3_1.JPG,2,C1_P10,1828,984,2088,1328,260,344,True
C4_P01_N1_S3_1.JPG,2,C4_P01,1636,1556,1832,1844,196,288,True
C1_P10_N2_S2_1.JPG,2,C1_P10,700,1200,988,1632,288,432,True
C3_P03_N2_S4_1.JPG,2,C3_P03,544,228,720,484,176,256,True
C4_P03_N1_S3_1.JPG,2,C4_P03,892,1448,1080,1724,188,276,True
C2_P06_N1_S2_1.JPG,2,C2_P06,588,672,772,928,184,256,False
C2_P02_N2_S4_1.JPG,2,C2_P02,948,700,1116,944,168,244,True
C1_P10_N3_S2_1.JPG,2,C1_P10,1148,1340,1428,1748,280,408,True
C3_P02_N2_S2_1.JPG,2,C3_P02,840,396,1108,752,268,356,True
C4_P01_N2_S4_1.JPG,2,C4_P01,140,656,316,908,176,252,True
C2_P05_N2_S3_2.JPG,2,C2_P05,924,808,1104,1064,180,256,True
C1_P06_N1_S3_2.JPG,2,C1_P06,1412,420,1632,712,220,292,True
C1_P06_N1_S3_2.JPG,2,C1_P06,708,1084,936,1388,228,304,True
C3_P03_N1_S4_1.JPG,2,C3_P03,288,836,504,1120,216,284,True
C4_P03_N2_S4_1.JPG,2,C4_P03,488,68,664,340,176,272,True
C1_P07_N1_S3_1.JPG,2,C1_P07,1388,356,1580,656,192,300,False
C1_P10_N3_S2_2.JPG,2,C1_P10,1388,440,1652,832,264,392,True
C1_P06_N2_S3_3.JPG,2,C1_P06,1144,408,1364,736,220,328,True
C1_P10_N3_S3_1.JPG,2,C1_P10,1212,964,1460,1340,248,376,True
C4_P03_N3_S3_1.JPG,2,C4_P03,728,256,940,572,212,316,True
C3_P03_N1_S2_2.JPG,2,C3_P03,812,456,1124,848,312,392,True
C3_P07_N1_S2_1.JPG,2,C3_P07,1788,456,2132,948,344,492,True
C3_P07_N2_S2_1.JPG,2,C3_P07,2568,412,2928,916,360,504,True
C3_P03_N1_S3_1.JPG,2,C3_P03,736,260,992,604,256,344,True
C2_P02_N1_S3_1.JPG,2,C2_P02,1748,1440,1972,1808,224,368,True
C2_P05_N3_S3_1.JPG,2,C2_P05,1108,72,1316,376,208,304,True
C3_P03_N1_S2_2.JPG,2,C3_P03,2296,1420,2644,1868,348,448,True
C2_P05_N1_S3_1.JPG,2,C2_P05,1424,756,1608,1016,184,260,True
C4_P08_N2_S2_1.JPG,2,C4_P08,1188,936,1420,1268,232,332,False
C2_P02_N2_S3_1.JPG,2,C2_P02,928,1332,1156,1664,228,332,True
C2_P05_N3_S3_1.JPG,2,C2_P05,1720,104,1928,408,208,304,True
C3_P03_N1_S4_1.JPG,2,C3_P03,704,856,904,1116,200,260,True
C3_P07_N1_S6_1.JPG,2,C3_P07,812,196,988,456,176,260,True
C3_P04_N1_S3_1.JPG,2,C3_P04,72,320,380,796,308,476,True
C4_P01_N1_S2_1.JPG,2,C4_P01,420,480,604,732,184,252,True
C2_P05_N1_S2_1.JPG,2,C2_P05,852,844,1064,1132,212,288,True
C2_P05_N2_S4_1.JPG,2,C2_P05,820,628,988,856,168,228,True
C4_P03_N2_S3_1.JPG,2,C4_P03,568,132,752,388,184,256,True
C3_P04_N1_S2_1.JPG,2,C3_P04,2016,456,2396,1040,380,584,True
C3_P03_N1_S3_1.JPG,2,C3_P03,1684,272,1940,616,256,344,True
C4_P08_N2_S2_1.JPG,2,C4_P08,1692,292,1940,640,248,348,False
C3_P02_N1_S5_1.JPG,2,C3_P02,1540,660,1704,892,164,232,True
C4_P08_N1_S4_1.JPG,2,C4_P08,1600,1232,1800,1516,200,284,False
C2_P05_N1_S4_1.JPG,2,C2_P05,524,1112,680,1328,156,216,True
C2_P05_N2_S3_1.JPG,2,C2_P05,1304,692,1524,992,220,300,True
C4_P03_N1_S4_1.JPG,2,C4_P03,1804,1192,1972,1432,168,240,True
C4_P01_N2_S2_1.JPG,2,C4_P01,1816,1048,2016,1348,200,300,True
C4_P08_N2_S3_1.JPG,2,C4_P08,816,4,1040,364,224,360,False
C4_P03_N1_S3_1.JPG,2,C4_P03,292,832,480,1088,188,256,True
C3_P02_N2_S4_1.JPG,2,C3_P02,36,196,248,512,212,316,True
C1_P07_N2_S3_1.JPG,2,C1_P07,100,404,304,700,204,296,False
C3_P02_N2_S4_1.JPG,2,C3_P02,464,204,676,520,212,316,True
C3_P02_N1_S2_1.JPG,2,C3_P02,2304,1220,2560,1596,256,376,True
C1_P06_N2_S3_2.JPG,2,C1_P06,912,88,1140,400,228,312,True
C3_P03_N2_S2_1.JPG,2,C3_P03,136,588,488,996,352,408,True
C3_P03_N1_S2_1.JPG,2,C3_P03,2532,1404,2868,1852,336,448,True
C2_P02_N1_S5_1.JPG,2,C2_P02,508,1216,624,1384,116,168,True
C4_P08_N1_S4_1.JPG,2,C4_P08,1488,676,1688,984,200,308,False
C4_P03_N1_S3_1.JPG,2,C4_P03,108,832,296,1088,188,256,True
C2_P02_N4_S2_1.JPG,2,C2_P02,1764,308,1992,640,228,332,True
C1_P06_N2_S3_2.JPG,2,C1_P06,1136,88,1364,400,228,312,True
C3_P03_N1_S2_1.JPG,2,C3_P03,760,1412,1096,1860,336,448,True
C3_P07_N1_S2_1.JPG,2,C3_P07,2144,1512,2476,1992,332,480,True
C4_P01_N1_S3_1.JPG,2,C4_P01,456,928,644,1208,188,280,True
C4_P08_N1_S3_1.JPG,2,C4_P08,1280,1008,1504,1320,224,312,False
C4_P03_N2_S3_2.JPG,2,C4_P03,2432,888,2624,1152,192,264,True
C3_P02_N2_S2_2.JPG,2,C3_P02,2812,560,3100,948,288,388,True
C3_P03_N1_S2_1.JPG,2,C3_P03,1092,1392,1428,1840,336,448,True
C3_P07_N2_S4_1.JPG,2,C3_P07,1932,148,2160,484,228,336,True
C3_P02_N1_S3_1.JPG,2,C3_P02,1088,1108,1348,1472,260,364,True
C2_P05_N2_S3_2.JPG,2,C2_P05,1436,812,1616,1068,180,256,True
C1_P10_N1_S4_1.JPG,2,C1_P10,832,1296,996,1544,164,248,True
C3_P02_N1_S5_1.JPG,2,C3_P02,1540,132,1704,364,164,232,True
C4_P08_N1_S3_1.JPG,2,C4_P08,1888,1012,2112,1324,224,312,False
C2_P05_N3_S3_2.JPG,2,C2_P05,1316,212,1500,456,184,244,True
C4_P01_N2_S2_1.JPG,2,C4_P01,0,352,204,644,204,292,True
C2_P06_N1_S2_1.JPG,2,C2_P06,196,112,380,368,184,256,False
C3_P07_N2_S4_1.JPG,2,C3_P07,2160,160,2388,496,228,336,True
C3_P02_N2_S3_1.JPG,2,C3_P02,1836,352,2092,720,256,368,True
C2_P02_N3_S2_1.JPG,2,C2_P02,1772,848,2000,1188,228,340,True
C3_P02_N1_S3_1.JPG,2,C3_P02,2484,1124,2744,1456,260,332,True
C4_P03_N1_S3_1.JPG,2,C4_P03,252,1432,440,1708,188,276,True
C1_P10_N2_S3_1.JPG,2,C1_P10,1584,984,1844,1328,260,344,True
C1_P06_N1_S4_1.JPG,2,C1_P06,1736,192,1940,452,204,260,True
C1_P07_N1_S3_2.JPG,2,C1_P07,1120,752,1324,1032,204,280,False
C2_P05_N2_S3_1.JPG,2,C2_P05,920,652,1140,952,220,300,True
C4_P03_N2_S3_2.JPG,2,C4_P03,332,296,524,560,192,264,True
C2_P06_N1_S2_1.JPG,2,C2_P06,1604,148,1788,404,184,256,False
C3_P04_N1_S4_1.JPG,2,C3_P04,412,60,652,412,240,352,True
C3_P02_N2_S3_1.JPG,2,C3_P02,836,336,1092,704,256,368,True
C2_P05_N2_S3_1.JPG,2,C2_P05,1336,36,1556,336,220,300,True
C3_P03_N1_S2_2.JPG,2,C3_P03,2280,484,2592,876,312,392,True
C3_P02_N1_S2_1.JPG,2,C3_P02,1864,1220,2120,1596,256,376,True
C3_P03_N2_S2_1.JPG,2,C3_P03,528,608,828,1016,300,408,True
C3_P03_N1_S5_1.JPG,2,C3_P03,344,632,496,848,152,216,True
C2_P05_N1_S2_1.JPG,2,C2_P05,1440,864,1652,1152,212,288,True
C3_P02_N1_S3_1.JPG,2,C3_P02,2704,1136,2964,1468,260,332,True
C1_P06_N1_S4_2.JPG,2,C1_P06,1304,232,1500,512,196,280,True
C2_P02_N3_S2_1.JPG,2,C2_P02,1788,280,2032,628,244,348,True
C2_P06_N1_S4_1.JPG,2,C2_P06,356,496,520,716,164,220,False
C3_P02_N1_S2_1.JPG,2,C3_P02,904,1208,1160,1584,256,376,True
C3_P07_N1_S6_1.JPG,2,C3_P07,1216,756,1392,1012,176,256,True
C4_P03_N1_S3_1.JPG,2,C4_P03,2000,1444,2188,1720,188,276,True
C1_P10_N2_S3_1.JPG,2,C1_P10,868,1740,1128,2116,260,376,True
C4_P03_N1_S4_1.JPG,2,C4_P03,1412,128,1580,356,168,228,True
C4_P03_N2_S3_2.JPG,2,C4_P03,2240,892,2432,1156,192,264,True
C1_P07_N1_S3_2.JPG,2,C1_P07,1788,752,1992,1032,204,280,False
C3_P07_N1_S6_1.JPG,2,C3_P07,856,780,1032,1028,176,248,True
C1_P07_N2_S3_3.JPG,2,C1_P07,1236,404,1448,680,212,276,False
C4_P03_N2_S4_1.JPG,2,C4_P03,1548,56,1724,328,176,272,True
C1_P06_N1_S5_1.JPG,2,C1_P06,1372,216,1528,400,156,184,True
C4_P03_N1_S3_1.JPG,2,C4_P03,1404,836,1592,1100,188,264,True
C2_P02_N2_S4_1.JPG,2,C2_P02,1240,704,1408,948,168,244,True
C3_P03_N1_S4_1.JPG,2,C3_P03,1844,884,2044,1144,200,260,True
C1_P07_N1_S3_2.JPG,2,C1_P07,428,1376,632,1656,204,280,False
C3_P03_N1_S4_1.JPG,2,C3_P03,1444,276,1640,524,196,248,True
C2_P06_N1_S3_2.JPG,2,C2_P06,1408,664,1596,916,188,252,False
C2_P05_N2_S5_1.JPG,2,C2_P05,960,416,1072,580,112,164,True
C2_P05_N2_S3_1.JPG,2,C2_P05,1536,60,1756,360,220,300,True
C1_P10_N3_S2_1.JPG,2,C1_P10,888,1324,1168,1732,280,408,True
C3_P04_N1_S4_1.JPG,2,C3_P04,164,44,404,396,240,352,True
C3_P07_N1_S6_1.JPG,2,C3_P07,640,196,816,456,176,260,True
C3_P03_N1_S3_1.JPG,2,C3_P03,2552,304,2808,648,256,344,True
C1_P10_N2_S4_1.JPG,2,C1_P10,964,1448,1152,1704,188,256,True
C3_P07_N1_S3_1.JPG,2,C3_P07,2048,344,2288,708,240,364,True
C4_P03_N2_S3_1.JPG,2,C4_P03,1852,132,2036,396,184,264,True
C3_P02_N1_S2_1.JPG,2,C3_P02,200,1212,456,1588,256,376,True
C4_P03_N2_S3_1.JPG,2,C4_P03,556,708,740,984,184,276,True
C4_P03_N1_S4_1.JPG,2,C4_P03,2004,1188,2172,1428,168,240,True
C3_P02_N1_S2_2.JPG,2,C3_P02,424,1248,692,1636,268,388,True
C1_P06_N2_S3_1.JPG,2,C1_P06,908,436,1156,756,248,320,True
C4_P03_N3_S3_1.JPG,2,C4_P03,936,252,1148,568,212,316,True
C2_P05_N2_S5_1.JPG,2,C2_P05,964,64,1076,228,112,164,True
C2_P02_N2_S4_1.JPG,2,C2_P02,1092,1128,1256,1380,164,252,True
C3_P07_N2_S4_1.JPG,2,C3_P07,1272,136,1500,472,228,336,True
C3_P07_N1_S2_1.JPG,2,C3_P07,1456,448,1800,940,344,492,True
C4_P08_N1_S4_1.JPG,2,C4_P08,852,1220,1052,1504,200,284,False
C2_P05_N2_S3_1.JPG,2,C2_P05,1744,68,1964,368,220,300,True
C1_P07_N2_S3_3.JPG,2,C1_P07,844,400,1056,676,212,276,False
C2_P06_N2_S4_1.JPG,2,C2_P06,1220,68,1400,312,180,244,False
C2_P05_N2_S2_1.JPG,2,C2_P05,1308,68,1528,368,220,300,True
C3_P02_N1_S5_1.JPG,2,C3_P02,1212,656,1376,888,164,232,True
C1_P07_N1_S3_3.JPG,2,C1_P07,1276,316,1480,612,204,296,False
C4_P03_N3_S3_2.JPG,2,C4_P03,88,356,280,644,192,288,True
C4_P08_N1_S2_1.JPG,2,C4_P08,1032,1288,1288,1632,256,344,False
C2_P02_N3_S3_1.JPG,2,C2_P02,1188,196,1408,516,220,320,True
C3_P04_N1_S3_1.JPG,2,C3_P04,1772,360,2060,824,288,464,True
C4_P03_N3_S3_2.JPG,2,C4_P03,2396,352,2588,640,192,288,True
C4_P08_N2_S2_1.JPG,2,C4_P08,1908,296,2156,644,248,348,False
C1_P06_N2_S3_1.JPG,2,C1_P06,704,412,952,732,248,320,True
C3_P02_N1_S2_1.JPG,2,C3_P02,2084,1216,2340,1592,256,376,True
C2_P05_N2_S2_1.JPG,2,C2_P05,1104,76,1324,376,220,300,True
C3_P03_N1_S2_1.JPG,2,C3_P03,1860,456,2144,868,284,412,True
C1_P07_N1_S3_3.JPG,2,C1_P07,1772,320,1976,616,204,296,False
C3_P03_N2_S3_1.JPG,2,C3_P03,1032,360,1280,700,248,340,True
C3_P07_N1_S4_1.JPG,2,C3_P07,1280,40,1496,364,216,324,True
C4_P08_N2_S3_1.JPG,2,C4_P08,740,684,972,1044,232,360,False
C1_P10_N2_S3_1.JPG,2,C1_P10,1576,1760,1836,2136,260,376,True
C3_P03_N1_S5_1.JPG,2,C3_P03,844,640,996,856,152,216,True
C4_P03_N2_S3_2.JPG,2,C4_P03,2036,896,2228,1160,192,264,True
C1_P06_N1_S3_2.JPG,2,C1_P06,920,1072,1148,1376,228,304,True
C1_P10_N1_S4_1.JPG,2,C1_P10,516,1296,680,1544,164,248,True
C1_P06_N2_S3_2.JPG,2,C1_P06,468,64,696,376,228,312,True
C1_P06_N2_S3_3.JPG,2,C1_P06,1368,408,1588,736,220,328,True
C3_P02_N1_S3_1.JPG,2,C3_P02,836,352,1092,724,256,372,True
C3_P03_N1_S4_1.JPG,2,C3_P03,276,228,472,476,196,248,True
C1_P07_N1_S3_1.JPG,2,C1_P07,960,972,1164,1304,204,332,False
C3_P04_N1_S5_1.JPG,2,C3_P04,72,64,268,360,196,296,True
C3_P02_N1_S4_1.JPG,2,C3_P02,1660,284,1860,572,200,288,True
C3_P07_N1_S5_1.JPG,2,C3_P07,2112,608,2288,880,176,272,True
C2_P05_N1_S4_1.JPG,2,C2_P05,1096,692,1252,912,156,220,True
C2_P02_N2_S3_1.JPG,2,C2_P02,1556,776,1772,1092,216,316,True
C4_P03_N1_S4_1.JPG,2,C4_P03,1476,656,1644,896,168,240,True
C4_P08_N3_S3_2.JPG,2,C4_P08,1684,420,1916,740,232,320,False
C3_P02_N2_S2_1.JPG,2,C3_P02,2100,416,2368,772,268,356,True
C4_P01_N1_S2_1.JPG,2,C4_P01,616,1136,800,1428,184,292,True
C2_P02_N2_S3_1.JPG,2,C2_P02,1712,1300,1912,1632,200,332,True
C1_P10_N3_S2_2.JPG,2,C1_P10,612,428,876,820,264,392,True
C4_P01_N2_S2_1.JPG,2,C4_P01,172,352,376,644,204,292,True
C3_P07_N1_S5_1.JPG,2,C3_P07,1592,616,1768,888,176,272,True
C3_P04_N1_S3_1.JPG,2,C3_P04,408,324,716,788,308,464,True
C3_P07_N2_S3_1.JPG,2,C3_P07,1856,136,2168,588,312,452,True
C3_P07_N1_S2_1.JPG,2,C3_P07,1464,1492,1796,1972,332,480,True
C2_P05_N2_S2_1.JPG,2,C2_P05,1696,688,1916,976,220,288,True
C4_P01_N2_S2_1.JPG,2,C4_P01,140,996,360,1300,220,304,True
C4_P03_N2_S3_2.JPG,2,C4_P03,104,888,296,1152,192,264,True
C3_P03_N1_S2_2.JPG,2,C3_P03,1868,468,2180,860,312,392,True
C4_P08_N1_S5_2.JPG,2,C4_P08,888,1052,1024,1256,136,204,False
C3_P03_N1_S2_1.JPG,2,C3_P03,420,420,704,832,284,412,True
C3_P02_N1_S2_1.JPG,2,C3_P02,2332,488,2588,864,256,376,True
C4_P03_N1_S4_1.JPG,2,C4_P03,464,1184,632,1424,168,240,True
C2_P05_N2_S4_1.JPG,2,C2_P05,1244,644,1412,872,168,228,True
C1_P06_N1_S3_1.JPG,2,C1_P06,1932,464,2148,768,216,304,True
C3_P02_N1_S2_1.JPG,2,C3_P02,2096,480,2352,856,256,376,True
C2_P05_N1_S5_1.JPG,2,C2_P05,1044,548,1172,724,128,176,True
C4_P01_N1_S3_1.JPG,2,C4_P01,248,1552,436,1840,188,288,True
C1_P10_N1_S4_1.JPG,2,C1_P10,1364,1288,1528,1536,164,248,True
C4_P03_N2_S4_1.JPG,2,C4_P03,872,644,1048,916,176,272,True
C4_P08_N2_S3_2.JPG,2,C4_P08,1856,904,2068,1212,212,308,False
C1_P07_N1_S3_1.JPG,2,C1_P07,500,980,704,1312,204,332,False
C4_P08_N1_S3_1.JPG,2,C4_P08,976,1612,1200,1924,224,312,False
C2_P05_N2_S3_2.JPG,2,C2_P05,744,264,924,520,180,256,True
C3_P07_N1_S4_1.JPG,2,C3_P07,1744,752,1960,1076,216,324,True
C2_P05_N3_S3_1.JPG,2,C2_P05,1312,88,1520,392,208,304,True
C1_P10_N3_S2_2.JPG,2,C1_P10,1656,448,1920,840,264,392,True
C1_P10_N3_S2_1.JPG,2,C1_P10,1148,520,1420,928,272,408,True
C3_P02_N2_S2_2.JPG,2,C3_P02,1004,508,1292,896,288,388,True
C1_P07_N1_S3_1.JPG,2,C1_P07,284,980,488,1312,204,332,False
C3_P03_N1_S4_1.JPG,2,C3_P03,496,244,692,492,196,248,True
C1_P06_N1_S3_2.JPG,2,C1_P06,504,1076,732,1380,228,304,True
C3_P04_N1_S4_1.JPG,2,C3_P04,1196,92,1416,444,220,352,True
C4_P01_N1_S3_1.JPG,2,C4_P01,652,920,840,1200,188,280,True
C4_P03_N1_S4_1.JPG,2,C4_P03,464,144,632,372,168,228,True
C2_P02_N1_S4_1.JPG,2,C2_P02,1056,1104,1212,1356,156,252,True
C3_P02_N2_S3_1.JPG,2,C3_P02,2520,356,2776,724,256,368,True
C1_P06_N1_S4_2.JPG,2,C1_P06,712,216,908,496,196,280,True
C1_P06_N2_S3_3.JPG,2,C1_P06,264,388,484,716,220,328,True
C2_P02_N2_S3_1.JPG,2,C2_P02,1332,1324,1560,1656,228,332,True
C2_P05_N2_S4_1.JPG,2,C2_P05,1284,168,1452,396,168,228,True
C1_P06_N1_S3_2.JPG,2,C1_P06,1008,388,1228,680,220,292,True
C2_P02_N1_S4_1.JPG,2,C2_P02,588,1092,764,1344,176,252,True
C1_P06_N1_S5_1.JPG,2,C1_P06,1124,668,1280,884,156,216,True
C4_P01_N1_S2_1.JPG,2,C4_P01,868,472,1052,736,184,264,True
C1_P06_N2_S3_2.JPG,2,C1_P06,228,68,456,380,228,312,True
C3_P02_N1_S4_1.JPG,2,C3_P02,1452,268,1652,576,200,308,True
C3_P02_N1_S5_1.JPG,2,C3_P02,1372,132,1536,364,164,232,True
C2_P02_N2_S4_1.JPG,2,C2_P02,1228,1124,1392,1376,164,252,True
C2_P02_N2_S2_1.JPG,2,C2_P02,1360,888,1580,1252,220,364,True
C4_P01_N1_S2_1.JPG,2,C4_P01,16,508,200,760,184,252,True
C2_P02_N3_S3_1.JPG,2,C2_P02,760,756,988,1080,228,324,True
C4_P01_N2_S4_1.JPG,2,C4_P01,704,656,888,908,184,252,True
C2_P05_N1_S5_1.JPG,2,C2_P05,568,540,696,716,128,176,True
C4_P01_N3_S3_1.JPG,2,C4_P01,40,388,236,660,196,272,True
C1_P07_N1_S3_1.JPG,2,C1_P07,2124,324,2328,656,204,332,False
C2_P02_N1_S3_1.JPG,2,C2_P02,1580,1444,1804,1812,224,368,True
C3_P02_N1_S2_1.JPG,2,C3_P02,1824,464,2080,840,256,376,True
C2_P05_N1_S3_1.JPG,2,C2_P05,1072,740,1256,1000,184,260,True
C3_P03_N1_S4_1.JPG,2,C3_P03,68,844,284,1128,216,284,True
C1_P06_N1_S5_1.JPG,2,C1_P06,656,668,812,884,156,216,True
C3_P02_N2_S2_1.JPG,2,C3_P02,1796,412,2064,768,268,356,True
C4_P03_N1_S3_1.JPG,2,C4_P03,1056,836,1244,1092,188,256,True
C1_P10_N2_S2_1.JPG,2,C1_P10,1760,1220,2048,1652,288,432,True
C3_P07_N1_S6_1.JPG,2,C3_P07,1588,748,1764,1004,176,256,True
C4_P01_N2_S4_1.JPG,2,C4_P01,324,664,500,916,176,252,True
C3_P03_N1_S4_1.JPG,2,C3_P03,1460,880,1660,1140,200,260,True
C4_P03_N1_S4_1.JPG,2,C4_P03,836,660,1004,888,168,228,True
C4_P03_N1_S3_1.JPG,2,C4_P03,904,244,1092,488,188,244,True
C4_P01_N2_S4_1.JPG,2,C4_P01,496,660,672,912,176,252,True
C4_P01_N2_S2_1.JPG,2,C4_P01,844,1028,1044,1328,200,300,True
C2_P02_N1_S5_1.JPG,2,C2_P02,820,1208,936,1376,116,168,True
C3_P02_N1_S4_1.JPG,2,C3_P02,1164,252,1364,560,200,308,True
C4_P08_N2_S3_1.JPG,2,C4_P08,1744,28,1968,388,224,360,False
C4_P01_N3_S3_1.JPG,2,C4_P01,436,392,632,664,196,272,True
C3_P03_N1_S4_1.JPG,2,C3_P03,980,264,1176,512,196,248,True
C1_P06_N1_S3_1.JPG,2,C1_P06,220,392,436,696,216,304,True
C4_P03_N1_S3_1.JPG,2,C4_P03,2220,1436,2408,1712,188,276,True
C4_P08_N1_S5_2.JPG,2,C4_P08,664,664,800,868,136,204,False
C1_P07_N2_S3_2.JPG,2,C1_P07,316,480,536,776,220,296,False
C4_P08_N1_S3_1.JPG,2,C4_P08,1676,1016,1900,1328,224,312,False
C2_P06_N1_S3_2.JPG,2,C2_P06,256,644,444,896,188,252,False
C3_P03_N1_S4_1.JPG,2,C3_P03,1856,292,2052,540,196,248,True
C4_P03_N2_S3_1.JPG,2,C4_P03,956,132,1140,388,184,256,True
C3_P03_N1_S5_1.JPG,2,C3_P03,152,632,304,848,152,216,True
C2_P05_N1_S3_1.JPG,2,C2_P05,1600,764,1784,1024,184,260,True
C4_P03_N3_S3_1.JPG,2,C4_P03,2612,228,2815,544,203,316,True
C2_P05_N1_S2_1.JPG,2,C2_P05,652,856,864,1144,212,288,True
C4_P03_N1_S4_1.JPG,2,C4_P03,1620,128,1788,356,168,228,True
C3_P03_N1_S4_1.JPG,2,C3_P03,1668,872,1868,1132,200,260,True
C2_P06_N1_S3_2.JPG,2,C2_P06,252,112,440,364,188,252,False
C1_P10_N3_S2_1.JPG,2,C1_P10,1968,492,2240,900,272,408,True
C3_P03_N1_S3_1.JPG,2,C3_P03,456,256,712,600,256,344,True
C3_P02_N1_S3_1.JPG,2,C3_P02,2220,372,2476,744,256,372,True
C3_P03_N1_S5_1.JPG,2,C3_P03,1440,152,1592,368,152,216,True
C1_P10_N2_S3_1.JPG,2,C1_P10,644,1016,904,1344,260,328,True
C4_P01_N1_S2_1.JPG,2,C4_P01,1036,1128,1220,1420,184,292,True
C4_P08_N1_S5_1.JPG,2,C4_P08,1016,1076,1148,1272,132,196,False
C1_P06_N1_S3_2.JPG,2,C1_P06,1376,1084,1604,1388,228,304,True
C3_P03_N1_S2_1.JPG,2,C3_P03,1536,448,1820,860,284,412,True
C1_P06_N1_S4_1.JPG,2,C1_P06,1468,176,1672,436,204,260,True
C2_P05_N2_S5_1.JPG,2,C2_P05,740,400,852,564,112,164,True
C3_P07_N2_S3_1.JPG,2,C3_P07,1248,132,1560,584,312,452,True
C2_P02_N1_S5_1.JPG,2,C2_P02,624,912,744,1080,120,168,True
C2_P02_N1_S4_1.JPG,2,C2_P02,716,1536,896,1788,180,252,True
C3_P03_N1_S2_2.JPG,2,C3_P03,1448,1424,1796,1872,348,448,True
C2_P02_N1_S5_1.JPG,2,C2_P02,844,912,964,1080,120,168,True
C3_P03_N1_S2_2.JPG,2,C3_P03,792,1420,1140,1868,348,448,True
C2_P02_N2_S2_1.JPG,2,C2_P02,1148,896,1368,1260,220,364,True
C4_P03_N2_S4_1.JPG,2,C4_P03,280,632,456,904,176,272,True
C2_P05_N1_S4_1.JPG,2,C2_P05,804,1112,960,1328,156,216,True
C3_P03_N2_S2_1.JPG,2,C3_P03,836,600,1136,1008,300,408,True
C2_P05_N1_S3_1.JPG,2,C2_P05,1568,1288,1752,1548,184,260,True
C2_P05_N1_S5_1.JPG,2,C2_P05,928,904,1056,1080,128,176,True
C4_P03_N1_S3_1.JPG,2,C4_P03,1112,248,1300,492,188,244,True
C3_P04_N1_S2_1.JPG,2,C3_P04,228,424,632,1008,404,584,True
C4_P08_N1_S2_1.JPG,2,C4_P08,1704,1308,1960,1652,256,344,False
C3_P03_N1_S4_1.JPG,2,C3_P03,1628,276,1824,524,196,248,True
C4_P08_N1_S5_1.JPG,2,C4_P08,652,668,784,880,132,212,False
C3_P07_N1_S4_1.JPG,2,C3_P07,864,740,1080,1064,216,324,True
C1_P10_N3_S3_1.JPG,2,C1_P10,964,960,1212,1336,248,376,True
C2_P05_N1_S2_1.JPG,2,C2_P05,1248,856,1460,1144,212,288,True
C3_P02_N1_S3_1.JPG,2,C3_P02,1088,340,1344,712,256,372,True
C3_P07_N1_S3_1.JPG,2,C3_P07,1356,1128,1592,1480,236,352,True
C3_P07_N1_S3_1.JPG,2,C3_P07,1828,1132,2064,1484,236,352,True
C4_P08_N1_S4_1.JPG,2,C4_P08,1228,1224,1428,1508,200,284,False
C4_P03_N1_S3_1.JPG,2,C4_P03,1588,836,1776,1100,188,264,True
C2_P05_N1_S4_1.JPG,2,C2_P05,804,672,960,892,156,220,True
C3_P02_N1_S4_1.JPG,2,C3_P02,1844,932,2044,1220,200,288,True
C2_P05_N2_S4_1.JPG,2,C2_P05,972,156,1140,384,168,228,True
C1_P06_N1_S5_1.JPG,2,C1_P06,1844,212,2000,428,156,216,True
C3_P04_N1_S3_2.JPG,2,C3_P04,576,208,920,716,344,508,True
C3_P02_N1_S2_1.JPG,2,C3_P02,1168,1220,1424,1596,256,376,True
C3_P07_N1_S3_1.JPG,2,C3_P07,2328,1148,2564,1500,236,352,True
C2_P02_N1_S3_1.JPG,2,C2_P02,964,1440,1188,1808,224,368,True
C4_P01_N2_S2_1.JPG,2,C4_P01,372,344,576,636,204,292,True
C4_P08_N1_S5_2.JPG,2,C4_P08,1032,1056,1168,1260,136,204,False
C1_P10_N1_S5_1.JPG,2,C1_P10,400,1108,556,1328,156,220,True
C1_P06_N1_S5_1.JPG,2,C1_P06,816,660,972,876,156,216,True
C2_P05_N2_S3_1.JPG,2,C2_P05,720,20,940,320,220,300,True
C4_P08_N1_S4_1.JPG,2,C4_P08,1296,676,1496,984,200,308,False
C3_P02_N2_S4_1.JPG,2,C3_P02,896,196,1108,512,212,316,True
C4_P03_N1_S4_1.JPG,2,C4_P03,496,664,664,892,168,228,True
C3_P07_N1_S5_1.JPG,2,C3_P07,1240,624,1416,896,176,272,True
C4_P08_N1_S4_1.JPG,2,C4_P08,1664,680,1864,988,200,308,False
C2_P02_N4_S2_1.JPG,2,C2_P02,1564,308,1792,640,228,332,True
C2_P02_N3_S3_1.JPG,2,C2_P02,1740,752,1948,1060,208,308,True
C1_P10_N2_S4_1.JPG,2,C1_P10,1316,1460,1504,1716,188,256,True
C1_P06_N1_S3_2.JPG,2,C1_P06,688,416,904,680,216,264,True
C2_P05_N1_S3_1.JPG,2,C2_P05,1060,1264,1244,1524,184,260,True
C3_P07_N1_S3_1.JPG,2,C3_P07,2316,348,2556,712,240,364,True
C2_P05_N1_S4_1.JPG,2,C2_P05,1244,692,1400,912,156,220,True
C2_P02_N2_S4_1.JPG,2,C2_P02,1400,704,1568,948,168,244,True
C4_P01_N1_S3_1.JPG,2,C4_P01,1872,904,2060,1192,188,288,True
C1_P10_N1_S5_1.JPG,2,C1_P10,976,1560,1116,1788,140,228,True
C2_P05_N2_S2_1.JPG,2,C2_P05,1116,680,1336,968,220,288,True
C4_P08_N2_S3_2.JPG,2,C4_P08,1712,288,1940,604,228,316,False
C1_P06_N1_S4_2.JPG,2,C1_P06,524,204,720,484,196,280,True
C4_P03_N1_S4_1.JPG,2,C4_P03,648,132,816,360,168,228,True
C3_P03_N1_S3_1.JPG,2,C3_P03,1016,1088,1296,1464,280,376,True
C1_P10_N1_S3_1.JPG,2,C1_P10,1204,1784,1448,2168,244,384,True
C3_P03_N1_S2_1.JPG,2,C3_P03,2256,1400,2592,1848,336,448,True
C4_P01_N2_S2_1.JPG,2,C4_P01,0,980,156,1308,156,328,True
C4_P03_N3_S3_2.JPG,2,C4_P03,2156,356,2348,644,192,288,True
C1_P10_N1_S4_1.JPG,2,C1_P10,996,1836,1160,2084,164,248,True
C3_P03_N1_S5_1.JPG,2,C3_P03,676,644,828,860,152,216,True
C2_P02_N3_S3_1.JPG,2,C2_P02,784,180,1004,512,220,332,True
C3_P04_N1_S2_1.JPG,2,C3_P04,3344,472,3724,1056,380,584,True
C1_P10_N1_S3_1.JPG,2,C1_P10,748,1792,992,2176,244,384,True
C1_P07_N2_S3_1.JPG,2,C1_P07,1244,428,1448,724,204,296,False
C4_P01_N1_S3_1.JPG,2,C4_P01,1660,908,1848,1196,188,288,True
C3_P03_N1_S3_1.JPG,2,C3_P03,1968,272,2224,616,256,344,True
C2_P05_N3_S3_1.JPG,2,C2_P05,688,64,896,368,208,304,True
C2_P02_N2_S3_1.JPG,2,C2_P02,964,768,1180,1084,216,316,True
C1_P07_N1_S3_1.JPG,2,C1_P07,1368,972,1572,1304,204,332,False
C1_P06_N1_S4_2.JPG,2,C1_P06,1512,252,1708,532,196,280,True
C3_P04_N1_S5_1.JPG,2,C3_P04,276,72,472,368,196,296,True
C4_P03_N1_S3_1.JPG,2,C4_P03,456,1432,644,1708,188,276,True
C4_P03_N1_S4_1.JPG,2,C4_P03,1168,652,1336,880,168,228,True
C4_P03_N2_S3_2.JPG,2,C4_P03,520,308,712,572,192,264,True
C1_P07_N1_S3_3.JPG,2,C1_P07,1080,324,1284,620,204,296,False
C1_P10_N2_S4_1.JPG,2,C1_P10,1332,900,1520,1156,188,256,True
C2_P02_N2_S3_1.JPG,2,C2_P02,1160,772,1376,1088,216,316,True
C4_P01_N1_S2_1.JPG,2,C4_P01,208,512,392,764,184,252,True
C1_P07_N1_S3_3.JPG,2,C1_P07,368,964,572,1260,204,296,False
C3_P03_N1_S3_1.JPG,2,C3_P03,2300,300,2556,644,256,344,True
C4_P01_N2_S2_1.JPG,2,C4_P01,1408,340,1612,636,204,296,True
C3_P07_N1_S4_1.JPG,2,C3_P07,1956,760,2172,1084,216,324,True
C3_P03_N2_S2_1.JPG,2,C3_P03,2640,624,2940,1032,300,408,True
C4_P03_N1_S3_1.JPG,2,C4_P03,716,244,904,488,188,244,True
C4_P03_N2_S4_1.JPG,2,C4_P03,2504,652,2680,924,176,272,True
C4_P03_N2_S4_1.JPG,2,C4_P03,1888,656,2064,928,176,272,True
C4_P08_N1_S5_1.JPG,2,C4_P08,616,1052,748,1248,132,196,False
C3_P02_N1_S5_1.JPG,2,C3_P02,244,100,436,332,192,232,True
C4_P08_N2_S4_1.JPG,2,C4_P08,1252,640,1456,924,204,284,False
C3_P02_N1_S4_1.JPG,2,C3_P02,1660,928,1860,1216,200,288,True
C3_P04_N1_S3_2.JPG,2,C3_P04,2400,276,2720,784,320,508,True
C4_P03_N1_S4_1.JPG,2,C4_P03,284,136,452,364,168,228,True
C1_P10_N1_S4_1.JPG,2,C1_P10,1348,1852,1512,2100,164,248,True
C3_P02_N1_S2_2.JPG,2,C3_P02,668,1272,936,1660,268,388,True
C4_P01_N1_S2_1.JPG,2,C4_P01,412,1144,596,1420,184,276,True
C1_P10_N3_S3_1.JPG,2,C1_P10,1700,200,1948,576,248,376,True
C1_P07_N2_S3_2.JPG,2,C1_P07,112,456,332,752,220,296,False
C4_P03_N1_S4_1.JPG,2,C4_P03,1640,656,1808,896,168,240,True
C3_P07_N1_S6_1.JPG,2,C3_P07,1040,764,1216,1012,176,248,True
C1_P06_N1_S4_1.JPG,2,C1_P06,1076,156,1280,416,204,260,True
C1_P07_N2_S3_3.JPG,2,C1_P07,1040,396,1252,672,212,276,False
C3_P02_N2_S2_2.JPG,2,C3_P02,1272,504,1560,892,288,388,True
C4_P03_N2_S3_2.JPG,2,C4_P03,732,912,924,1176,192,264,True
C4_P08_N1_S5_1.JPG,2,C4_P08,932,676,1064,888,132,212,False
C1_P07_N1_S3_3.JPG,2,C1_P07,164,956,368,1252,204,296,False
C1_P10_N2_S3_1.JPG,2,C1_P10,1840,1760,2100,2136,260,376,True
C3_P07_N1_S2_1.JPG,2,C3_P07,2816,1524,3148,2004,332,480,True
C1_P07_N1_S3_1.JPG,2,C1_P07,984,356,1176,656,192,300,False
C1_P10_N2_S4_1.JPG,2,C1_P10,636,1436,824,1692,188,256,True
C3_P07_N1_S5_1.JPG,2,C3_P07,1412,628,1588,900,176,272,True
C1_P06_N1_S4_2.JPG,2,C1_P06,896,216,1092,496,196,280,True
C4_P03_N2_S3_1.JPG,2,C4_P03,368,712,552,976,184,264,True
C2_P05_N1_S5_1.JPG,2,C2_P05,1040,904,1168,1080,128,176,True
C4_P08_N2_S4_1.JPG,2,C4_P08,884,24,1104,336,220,312,False
C2_P02_N2_S3_1.JPG,2,C2_P02,1348,772,1564,1088,216,316,True
C1_P10_N1_S4_1.JPG,2,C1_P10,1172,1840,1336,2088,164,248,True
C2_P06_N1_S3_2.JPG,2,C2_P06,428,644,616,896,188,252,False
C3_P07_N2_S2_1.JPG,2,C3_P07,1160,416,1520,920,360,504,True
C4_P08_N3_S3_2.JPG,2,C4_P08,1904,424,2136,744,232,320,False
C2_P06_N1_S3_1.JPG,2,C2_P06,1224,704,1420,948,196,244,False
C2_P02_N1_S4_1.JPG,2,C2_P02,556,1536,736,1788,180,252,True
C4_P03_N2_S3_1.JPG,2,C4_P03,396,136,580,392,184,256,True
C3_P07_N2_S4_1.JPG,2,C3_P07,1716,148,1944,484,228,336,True
C2_P05_N2_S4_1.JPG,2,C2_P05,1104,640,1272,868,168,228,True
C3_P03_N1_S2_1.JPG,2,C3_P03,768,428,1052,840,284,412,True
C1_P07_N1_S3_2.JPG,2,C1_P07,1292,1376,1496,1656,204,280,False
C3_P03_N1_S5_1.JPG,2,C3_P03,892,132,1052,348,160,216,True
C4_P01_N2_S4_1.JPG,2,C4_P01,152,116,324,360,172,244,True
C4_P01_N2_S2_1.JPG,2,C4_P01,584,356,788,648,204,292,True
C4_P03_N1_S3_1.JPG,2,C4_P03,56,1424,244,1700,188,276,True
C1_P06_N1_S5_1.JPG,2,C1_P06,1668,216,1824,400,156,184,True
C4_P01_N1_S2_1.JPG,2,C4_P01,824,1136,1008,1428,184,292,True
C2_P05_N2_S3_1.JPG,2,C2_P05,920,16,1140,316,220,300,True
C1_P10_N3_S2_1.JPG,2,C1_P10,1948,1360,2228,1768,280,408,True
C4_P08_N1_S3_1.JPG,2,C4_P08,796,1608,1020,1920,224,312,False
C2_P06_N1_S4_1.JPG,2,C2_P06,1332,44,1496,264,164,220,False
C4_P01_N1_S2_1.JPG,2,C4_P01,20,1136,216,1408,196,272,True
C2_P06_N1_S4_1.JPG,2,C2_P06,328,12,492,232,164,220,False
C4_P01_N2_S4_1.JPG,2,C4_P01,852,100,1036,360,184,260,True
C4_P03_N1_S3_1.JPG,2,C4_P03,484,840,672,1096,188,256,True
C1_P10_N3_S2_1.JPG,2,C1_P10,1424,1364,1704,1772,280,408,True
C2_P05_N2_S5_1.JPG,2,C2_P05,852,412,964,576,112,164,True
C2_P02_N1_S3_1.JPG,2,C2_P02,1368,1436,1592,1804,224,368,True
C2_P05_N3_S3_2.JPG,2,C2_P05,952,196,1136,440,184,244,True
C4_P03_N2_S4_1.JPG,2,C4_P03,1056,644,1232,916,176,272,True
C2_P05_N2_S2_1.JPG,2,C2_P05,700,64,920,364,220,300,True
C2_P02_N1_S5_1.JPG,2,C2_P02,724,1208,840,1376,116,168,True
C2_P06_N2_S4_2.JPG,2,C2_P06,468,80,636,312,168,232,False
C4_P08_N2_S3_1.JPG,2,C4_P08,1512,20,1736,380,224,360,False
C2_P02_N1_S4_1.JPG,2,C2_P02,1024,1528,1204,1780,180,252,True
C3_P02_N2_S4_1.JPG,2,C3_P02,256,192,468,508,212,316,True
C3_P03_N1_S4_1.JPG,2,C3_P03,904,864,1104,1124,200,260,True
C1_P07_N1_S3_2.JPG,2,C1_P07,2028,764,2232,1044,204,280,False
C3_P07_N1_S3_1.JPG,2,C3_P07,2588,1148,2824,1500,236,352,True
C2_P02_N1_S4_1.JPG,2,C2_P02,1168,1528,1348,1768,180,240,True
C2_P06_N1_S4_1.JPG,2,C2_P06,1492,44,1656,264,164,220,False
C2_P05_N1_S3_1.JPG,2,C2_P05,912,728,1096,988,184,260,True
C3_P07_N1_S3_1.JPG,2,C3_P07,1584,1136,1820,1488,236,352,True
C4_P08_N2_S3_1.JPG,2,C4_P08,1964,32,2188,392,224,360,False
C4_P03_N2_S3_2.JPG,2,C4_P03,908,300,1100,564,192,264,True
C2_P02_N3_S2_1.JPG,2,C2_P02,1592,272,1836,620,244,348,True
C3_P04_N1_S2_1.JPG,2,C3_P04,668,436,1072,1020,404,584,True
C3_P07_N2_S2_1.JPG,2,C3_P07,2936,408,3296,912,360,504,True
C3_P03_N1_S2_2.JPG,2,C3_P03,2900,1424,3248,1872,348,448,True
C3_P02_N2_S2_1.JPG,2,C3_P02,1376,424,1644,780,268,356,True
C1_P06_N1_S4_1.JPG,2,C1_P06,396,128,600,388,204,260,True
C3_P02_N1_S2_2.JPG,2,C3_P02,2104,1272,2372,1640,268,368,True
C2_P02_N3_S3_1.JPG,2,C2_P02,980,192,1200,512,220,320,True
C2_P05_N3_S3_2.JPG,2,C2_P05,1136,204,1320,448,184,244,True
C3_P02_N1_S3_1.JPG,2,C3_P02,1876,356,2132,728,256,372,True
C2_P05_N2_S2_1.JPG,2,C2_P05,1300,688,1520,976,220,288,True
C4_P01_N1_S3_1.JPG,2,C4_P01,900,268,1084,540,184,272,True
C1_P06_N1_S3_1.JPG,2,C1_P06,2160,460,2376,764,216,304,True
C3_P03_N1_S3_1.JPG,2,C3_P03,1592,1092,1872,1468,280,376,True
C4_P03_N2_S4_1.JPG,2,C4_P03,1044,52,1220,324,176,272,True
C2_P02_N1_S5_1.JPG,2,C2_P02,516,916,636,1084,120,168,True
C4_P01_N1_S2_1.JPG,2,C4_P01,644,468,828,732,184,264,True
C4_P03_N2_S4_1.JPG,2,C4_P03,2324,652,2500,924,176,272,True
C4_P08_N2_S3_1.JPG,2,C4_P08,1660,704,1892,1064,232,360,False
C4_P01_N1_S3_1.JPG,2,C4_P01,48,312,232,568,184,256,True
C4_P03_N1_S4_1.JPG,2,C4_P03,852,1196,1020,1436,168,240,True
C3_P07_N2_S3_1.JPG,2,C3_P07,1564,136,1876,588,312,452,True
C1_P06_N1_S5_1.JPG,2,C1_P06,636,200,792,384,156,184,True
C1_P06_N1_S3_2.JPG,2,C1_P06,1696,444,1916,736,220,292,True
C3_P03_N2_S2_1.JPG,2,C3_P03,1480,600,1780,1008,300,408,True
C1_P06_N2_S3_2.JPG,2,C1_P06,688,80,916,392,228,312,True
C2_P05_N1_S5_1.JPG,2,C2_P05,808,548,936,724,128,176,True
C1_P10_N1_S4_1.JPG,2,C1_P10,504,1820,668,2068,164,248,True
C2_P05_N2_S3_2.JPG,2,C2_P05,1264,296,1444,552,180,256,True
C1_P06_N1_S5_1.JPG,2,C1_P06,856,188,1012,372,156,184,True
C2_P05_N2_S4_1.JPG,2,C2_P05,816,144,984,372,168,228,True
C2_P05_N1_S5_1.JPG,2,C2_P05,444,532,572,708,128,176,True
C3_P03_N1_S4_1.JPG,2,C3_P03,1108,872,1308,1132,200,260,True
C3_P03_N1_S2_2.JPG,2,C3_P03,476,440,788,832,312,392,True
C3_P07_N2_S4_1.JPG,2,C3_P07,1492,144,1720,480,228,336,True
C1_P07_N1_S3_3.JPG,2,C1_P07,1996,316,2200,612,204,296,False
C2_P05_N2_S2_1.JPG,2,C2_P05,1728,64,1948,364,220,300,True
C1_P06_N1_S5_1.JPG,2,C1_P06,508,660,664,876,156,216,True
C3_P02_N2_S3_1.JPG,2,C3_P02,1076,348,1332,716,256,368,True
C1_P07_N1_S3_2.JPG,2,C1_P07,1320,740,1524,1020,204,280,False
C3_P04_N1_S2_1.JPG,2,C3_P04,1600,444,1980,1028,380,584,True
C1_P06_N1_S5_1.JPG,2,C1_P06,1012,188,1168,372,156,184,True
C4_P08_N1_S5_2.JPG,2,C4_P08,632,1052,768,1256,136,204,False
C4_P01_N2_S2_1.JPG,2,C4_P01,800,352,1004,644,204,292,True
C1_P10_N3_S2_1.JPG,2,C1_P10,652,1324,932,1732,280,408,True
C2_P05_N1_S4_1.JPG,2,C2_P05,948,680,1104,900,156,220,True
C1_P06_N1_S5_1.JPG,2,C1_P06,1156,204,1312,388,156,184,True
C1_P06_N1_S5_1.JPG,2,C1_P06,488,184,644,368,156,184,True
C4_P03_N2_S4_1.JPG,2,C4_P03,1920,64,2096,336,176,272,True
C4_P03_N2_S3_2.JPG,2,C4_P03,1428,304,1620,568,192,264,True
C3_P02_N2_S2_2.JPG,2,C3_P02,2552,548,2840,936,288,388,True
C2_P06_N1_S3_2.JPG,2,C2_P06,1392,132,1580,384,188,252,False
C4_P01_N1_S3_1.JPG,2,C4_P01,920,1564,1116,1852,196,288,True
C3_P03_N1_S5_1.JPG,2,C3_P03,1008,640,1160,856,152,216,True
C2_P02_N3_S3_1.JPG,2,C2_P02,1356,748,1584,1072,228,324,True
C2_P05_N2_S5_1.JPG,2,C2_P05,384,52,496,216,112,164,True
C2_P05_N3_S3_2.JPG,2,C2_P05,616,172,800,416,184,244,True
C3_P02_N1_S3_1.JPG,2,C3_P02,2240,1124,2500,1456,260,332,True
C4_P08_N2_S4_1.JPG,2,C4_P08,856,640,1060,924,204,284,False
C3_P02_N2_S2_2.JPG,2,C3_P02,2288,524,2576,912,288,388,True
C3_P02_N1_S2_2.JPG,2,C3_P02,1432,1280,1700,1668,268,388,True
C3_P07_N2_S2_1.JPG,2,C3_P07,1868,408,2228,912,360,504,True
C4_P03_N1_S3_1.JPG,2,C4_P03,680,832,868,1088,188,256,True
C4_P03_N1_S4_1.JPG,2,C4_P03,1792,128,1960,356,168,228,True
C4_P03_N2_S3_1.JPG,2,C4_P03,184,716,368,980,184,264,True
C2_P05_N3_S3_2.JPG,2,C2_P05,788,184,972,428,184,244,True
C4_P01_N1_S3_1.JPG,2,C4_P01,1836,1560,2032,1848,196,288,True
C4_P01_N3_S3_1.JPG,2,C4_P01,236,396,432,668,196,272,True
C4_P03_N1_S3_1.JPG,2,C4_P03,684,1448,872,1724,188,276,True
C3_P03_N1_S5_1.JPG,2,C3_P03,312,116,472,332,160,216,True
C3_P03_N2_S3_1.JPG,2,C3_P03,200,348,448,688,248,340,True
C4_P01_N1_S2_1.JPG,2,C4_P01,1640,1132,1824,1424,184,292,True
C4_P01_N2_S4_1.JPG,2,C4_P01,492,108,664,352,172,244,True
C1_P06_N1_S4_2.JPG,2,C1_P06,1108,224,1304,504,196,280,True
C3_P03_N1_S3_1.JPG,2,C3_P03,408,1084,688,1460,280,376,True
C4_P03_N2_S3_2.JPG,2,C4_P03,1804,900,1996,1164,192,264,True
C4_P03_N1_S4_1.JPG,2,C4_P03,300,1188,468,1428,168,240,True
C4_P01_N1_S3_1.JPG,2,C4_P01,1068,920,1256,1200,188,280,True
C3_P07_N1_S3_1.JPG,2,C3_P07,1544,344,1784,708,240,364,True
C3_P02_N1_S2_2.JPG,2,C3_P02,2364,504,2616,856,252,352,True
C3_P03_N1_S4_1.JPG,2,C3_P03,1192,260,1388,508,196,248,True
C3_P03_N1_S2_2.JPG,2,C3_P03,488,1416,836,1864,348,448,True
C2_P05_N1_S4_1.JPG,2,C2_P05,1080,1132,1236,1348,156,216,True
C3_P07_N1_S6_1.JPG,2,C3_P07,680,776,856,1024,176,248,True
C3_P07_N1_S2_1.JPG,2,C3_P07,2484,472,2828,964,344,492,True
C1_P07_N1_S3_2.JPG,2,C1_P07,1088,1372,1292,1652,204,280,False
C3_P02_N1_S2_2.JPG,2,C3_P02,164,1236,432,1624,268,388,True
C1_P07_N2_S3_1.JPG,2,C1_P07,820,424,1024,720,204,296,False
C1_P06_N1_S4_1.JPG,2,C1_P06,1928,192,2132,452,204,260,True
C1_P06_N1_S5_1.JPG,2,C1_P06,336,184,492,368,156,184,True
C3_P02_N1_S5_1.JPG,2,C3_P02,980,124,1144,356,164,232,True
C3_P07_N1_S4_1.JPG,2,C3_P07,1060,40,1276,364,216,324,True
C3_P04_N1_S5_1.JPG,2,C3_P04,896,104,1080,384,184,280,True
C3_P02_N1_S3_1.JPG,2,C3_P02,1628,360,1884,732,256,372,True
C3_P02_N1_S3_1.JPG,2,C3_P02,1312,1108,1572,1472,260,364,True
C1_P10_N3_S3_1.JPG,2,C1_P10,1436,196,1684,572,248,376,True
C3_P03_N2_S2_1.JPG,2,C3_P03,1156,596,1456,1004,300,408,True
C4_P03_N1_S3_1.JPG,2,C4_P03,472,240,660,484,188,244,True
C4_P03_N1_S4_1.JPG,2,C4_P03,856,128,1024,356,168,228,True
C2_P02_N2_S4_1.JPG,2,C2_P02,1368,1128,1532,1380,164,252,True
C3_P03_N1_S5_1.JPG,2,C3_P03,1276,140,1436,356,160,216,True
C2_P06_N1_S4_1.JPG,2,C2_P06,1200,504,1364,724,164,220,False
C1_P06_N1_S3_1.JPG,2,C1_P06,992,420,1208,724,216,304,True
C3_P02_N2_S3_1.JPG,2,C3_P02,2264,364,2520,732,256,368,True
C2_P05_N2_S2_1.JPG,2,C2_P05,916,64,1136,364,220,300,True
C1_P06_N1_S3_1.JPG,2,C1_P06,1736,448,1952,752,216,304,True
C1_P06_N2_S3_1.JPG,2,C1_P06,1128,424,1376,744,248,320,True
C4_P01_N2_S4_1.JPG,2,C4_P01,664,100,848,360,184,260,True
C4_P01_N1_S2_1.JPG,2,C4_P01,1368,464,1552,728,184,264,True
C3_P04_N1_S2_1.JPG,2,C3_P04,2460,456,2840,1040,380,584,True
C2_P02_N3_S3_1.JPG,2,C2_P02,1556,756,1764,1064,208,308,True
C1_P07_N1_S3_3.JPG,2,C1_P07,1060,964,1264,1260,204,296,False
C4_P03_N2_S3_1.JPG,2,C4_P03,1152,136,1336,392,184,256,True
C4_P08_N1_S3_1.JPG,2,C4_P08,1484,1016,1708,1328,224,312,False
C3_P04_N1_S5_1.JPG,2,C3_P04,1504,132,1680,404,176,272,True
C3_P07_N1_S4_1.JPG,2,C3_P07,1516,752,1732,1076,216,324,True
C2_P06_N1_S2_1.JPG,2,C2_P06,760,676,944,932,184,256,False
C1_P10_N2_S2_1.JPG,2,C1_P10,2052,1224,2340,1656,288,432,True
C3_P02_N1_S2_2.JPG,2,C3_P02,1508,484,1760,852,252,368,True
C4_P03_N3_S3_2.JPG,2,C4_P03,1904,352,2096,640,192,288,True
C3_P02_N1_S5_1.JPG,2,C3_P02,1204,124,1368,356,164,232,True
C2_P02_N3_S3_1.JPG,2,C2_P02,1576,192,1796,512,220,320,True
C1_P10_N2_S2_1.JPG,2,C1_P10,1208,1212,1496,1644,288,432,True
C4_P03_N2_S3_2.JPG,2,C4_P03,500,892,692,1156,192,264,True
C3_P03_N1_S2_1.JPG,2,C3_P03,116,436,400,848,284,412,True
C4_P03_N2_S3_1.JPG,2,C4_P03,1472,132,1656,388,184,256,True
C2_P05_N2_S2_1.JPG,2,C2_P05,912,676,1132,964,220,288,True
C1_P06_N1_S3_1.JPG,2,C1_P06,2420,452,2636,756,216,304,True
C2_P05_N2_S3_1.JPG,2,C2_P05,1120,40,1340,340,220,300,True
C2_P05_N1_S4_1.JPG,2,C2_P05,1228,1136,1384,1352,156,216,True
C2_P02_N3_S3_1.JPG,2,C2_P02,1380,192,1600,512,220,320,True
C3_P07_N1_S4_1.JPG,2,C3_P07,1308,748,1524,1072,216,324,True
C3_P02_N2_S3_1.JPG,2,C3_P02,1596,352,1852,720,256,368,True
C4_P01_N2_S2_1.JPG,2,C4_P01,1604,1048,1804,1348,200,300,True
C4_P03_N2_S4_1.JPG,2,C4_P03,1208,44,1384,316,176,272,True
C2_P05_N3_S3_1.JPG,2,C2_P05,904,60,1112,364,208,304,True
C3_P02_N2_S2_2.JPG,2,C3_P02,1564,520,1852,908,288,388,True
C2_P06_N1_S3_1.JPG,2,C2_P06,444,680,640,924,196,244,False
C2_P02_N2_S2_1.JPG,2,C2_P02,936,896,1156,1260,220,364,True
C4_P01_N1_S3_1.JPG,2,C4_P01,72,924,260,1204,188,280,True
C4_P03_N3_S3_2.JPG,2,C4_P03,496,340,688,628,192,288,True
C2_P06_N1_S4_1.JPG,2,C2_P06,1344,496,1508,716,164,220,False
C1_P06_N1_S4_1.JPG,2,C1_P06,1208,780,1412,1040,204,260,True
C3_P03_N1_S3_1.JPG,2,C3_P03,756,1076,1036,1452,280,376,True
C1_P06_N1_S3_2.JPG,2,C1_P06,1224,404,1444,696,220,292,True
C3_P02_N1_S3_1.JPG,2,C3_P02,1352,360,1608,732,256,372,True
C3_P03_N1_S3_1.JPG,2,C3_P03,1864,1092,2144,1468,280,376,True
C4_P03_N1_S3_1.JPG,2,C4_P03,1756,248,1944,492,188,244,True
C1_P06_N1_S3_1.JPG,2,C1_P06,1128,1132,1344,1436,216,304,True
C3_P07_N1_S2_1.JPG,2,C3_P07,1132,1492,1464,1972,332,480,True
C1_P06_N1_S4_1.JPG,2,C1_P06,412,764,616,1024,204,260,True
C2_P02_N1_S5_1.JPG,2,C2_P02,404,1212,520,1380,116,168,True
C4_P08_N2_S4_1.JPG,2,C4_P08,1884,636,2088,920,204,284,False
C1_P06_N1_S3_1.JPG,2,C1_P06,440,392,656,696,216,304,True
C2_P06_N1_S2_1.JPG,2,C2_P06,208,672,392,928,184,256,False
C2_P06_N1_S2_1.JPG,2,C2_P06,424,680,608,936,184,256,False
C3_P02_N1_S2_2.JPG,2,C3_P02,2100,512,2352,864,252,352,True
C2_P06_N1_S2_1.JPG,2,C2_P06,944,696,1128,952,184,256,False
C1_P06_N2_S3_1.JPG,2,C1_P06,1388,416,1636,736,248,320,True
C1_P10_N3_S2_2.JPG,2,C1_P10,1924,452,2188,844,264,392,True
C2_P02_N2_S4_1.JPG,2,C2_P02,1096,708,1264,952,168,244,True
C1_P10_N2_S3_1.JPG,2,C1_P10,1332,1764,1592,2140,260,376,True
C3_P02_N1_S4_1.JPG,2,C3_P02,488,244,688,552,200,308,True
C3_P03_N1_S2_2.JPG,2,C3_P03,108,1412,456,1860,348,448,True
C3_P03_N1_S3_1.JPG,2,C3_P03,1016,248,1272,592,256,344,True
C4_P03_N2_S3_1.JPG,2,C4_P03,1836,728,2020,1004,184,276,True
C3_P03_N1_S5_1.JPG,2,C3_P03,1060,136,1220,352,160,216,True
C3_P02_N1_S2_1.JPG,2,C3_P02,468,1208,724,1584,256,376,True
C1_P07_N1_S3_2.JPG,2,C1_P07,1592,744,1796,1024,204,280,False
C3_P03_N1_S5_1.JPG,2,C3_P03,504,640,656,856,152,216,True
C2_P05_N1_S5_1.JPG,2,C2_P05,472,900,600,1076,128,176,True
C1_P10_N1_S3_1.JPG,2,C1_P10,1696,1784,1940,2168,244,384,True
C3_P02_N1_S2_2.JPG,2,C3_P02,1848,496,2100,864,252,368,True
C1_P10_N3_S3_1.JPG,2,C1_P10,1680,976,1928,1352,248,376,True
C3_P07_N1_S6_1.JPG,2,C3_P07,1000,192,1176,452,176,260,True
C3_P02_N1_S3_1.JPG,2,C3_P02,596,1116,872,1480,276,364,True
C4_P01_N1_S3_1.JPG,2,C4_P01,248,300,432,556,184,256,True
C3_P07_N2_S4_1.JPG,2,C3_P07,2388,164,2616,500,228,336,True
C3_P03_N1_S3_1.JPG,2,C3_P03,1312,1096,1592,1472,280,376,True
C3_P07_N1_S5_1.JPG,2,C3_P07,1728,52,1904,324,176,272,True
C4_P03_N3_S3_2.JPG,2,C4_P03,292,352,484,640,192,288,True
C4_P08_N1_S3_1.JPG,2,C4_P08,1820,1620,2044,1932,224,312,False
C2_P05_N1_S3_1.JPG,2,C2_P05,1392,1276,1576,1536,184,260,True
C1_P10_N1_S5_1.JPG,2,C1_P10,1136,1572,1276,1800,140,228,True
C3_P03_N1_S2_1.JPG,2,C3_P03,1208,444,1492,856,284,412,True
C4_P08_N1_S5_2.JPG,2,C4_P08,1304,1068,1440,1272,136,204,False
C4_P03_N1_S3_1.JPG,2,C4_P03,1328,240,1516,484,188,244,True
C4_P03_N2_S4_1.JPG,2,C4_P03,2108,648,2284,920,176,272,True
C2_P02_N2_S2_1.JPG,2,C2_P02,1784,896,2004,1252,220,356,True
C1_P10_N3_S2_1.JPG,2,C1_P10,1692,500,1964,908,272,408,True
C2_P02_N2_S3_1.JPG,2,C2_P02,1532,1316,1732,1648,200,332,True
C1_P07_N2_S3_1.JPG,2,C1_P07,1036,420,1240,716,204,296,False
C4_P03_N3_S3_1.JPG,2,C4_P03,256,240,468,556,212,316,True
C2_P02_N1_S5_1.JPG,2,C2_P02,956,912,1076,1080,120,168,True
C3_P07_N1_S4_1.JPG,2,C3_P07,1088,756,1304,1080,216,324,True
C4_P03_N2_S4_1.JPG,2,C4_P03,668,68,844,340,176,272,True
C1_P10_N3_S3_1.JPG,2,C1_P10,460,192,708,568,248,376,True
C2_P02_N4_S2_1.JPG,2,C2_P02,940,316,1168,648,228,332,True
C2_P02_N1_S4_1.JPG,2,C2_P02,736,1100,912,1352,176,252,True
C2_P05_N2_S3_2.JPG,2,C2_P05,1080,816,1260,1072,180,256,True
C2_P05_N1_S3_1.JPG,2,C2_P05,724,1236,908,1496,184,260,True
C1_P06_N1_S4_1.JPG,2,C1_P06,812,788,1016,1048,204,260,True
C1_P06_N1_S4_1.JPG,2,C1_P06,2364,200,2568,460,204,260,True
C2_P06_N1_S4_1.JPG,2,C2_P06,508,492,672,712,164,220,False
C1_P10_N2_S3_1.JPG,2,C1_P10,1092,1008,1352,1352,260,344,True
C3_P07_N1_S6_1.JPG,2,C3_P07,1404,756,1580,1012,176,256,True
C4_P08_N2_S2_1.JPG,2,C4_P08,1632,940,1864,1272,232,332,False
C4_P08_N2_S2_1.JPG,2,C4_P08,1852,940,2084,1272,232,332,False
C2_P06_N1_S5_1.JPG,2,C2_P06,1096,452,1224,616,128,164,False
C2_P06_N1_S2_1.JPG,2,C2_P06,1448,704,1632,960,184,256,False
C4_P08_N1_S5_2.JPG,2,C4_P08,764,1052,900,1256,136,204,False
C4_P03_N2_S3_1.JPG,2,C4_P03,1668,136,1852,392,184,256,True
C1_P10_N1_S5_1.JPG,2,C1_P10,972,1100,1128,1328,156,228,True
C3_P03_N1_S5_1.JPG,2,C3_P03,1296,652,1448,868,152,216,True
C1_P07_N1_S3_1.JPG,2,C1_P07,1904,356,2096,656,192,300,False
C3_P02_N1_S2_2.JPG,2,C3_P02,968,484,1220,852,252,368,True
C3_P03_N1_S2_1.JPG,2,C3_P03,1732,1408,2068,1856,336,448,True
C3_P02_N1_S3_1.JPG,2,C3_P02,2724,368,2956,720,232,352,True
C4_P03_N1_S3_1.JPG,2,C4_P03,1768,832,1956,1096,188,264,True
C4_P03_N1_S4_1.JPG,2,C4_P03,1004,656,1172,884,168,228,True
C1_P06_N1_S4_1.JPG,2,C1_P06,1264,152,1468,412,204,260,True
C2_P05_N2_S4_1.JPG,2,C2_P05,660,132,828,360,168,228,True
C1_P10_N3_S2_1.JPG,2,C1_P10,1700,1364,1980,1772,280,408,True
C4_P08_N1_S5_1.JPG,2,C4_P08,1144,1068,1276,1264,132,196,False
C3_P03_N1_S2_1.JPG,2,C3_P03,444,1392,780,1840,336,448,True
C3_P04_N1_S4_1.JPG,2,C3_P04,1700,116,1908,468,208,352,True
C4_P03_N3_S3_2.JPG,2,C4_P03,756,360,948,648,192,288,True
C4_P03_N2_S3_1.JPG,2,C4_P03,772,132,956,388,184,256,True
C1_P06_N1_S3_1.JPG,2,C1_P06,472,1108,688,1412,216,304,True
C3_P02_N1_S4_1.JPG,2,C3_P02,716,256,916,564,200,308,True
C4_P03_N1_S4_1.JPG,2,C4_P03,1208,124,1376,352,168,228,True
C3_P02_N2_S3_1.JPG,2,C3_P02,1356,340,1612,708,256,368,True
C3_P07_N1_S3_1.JPG,2,C3_P07,1304,348,1544,712,240,364,True
C2_P05_N2_S5_1.JPG,2,C2_P05,500,56,612,220,112,164,True
C3_P07_N1_S6_1.JPG,2,C3_P07,1188,172,1364,432,176,260,True
C4_P03_N3_S3_1.JPG,2,C4_P03,2404,236,2616,552,212,316,True
C2_P05_N2_S2_1.JPG,2,C2_P05,1516,684,1736,972,220,288,True
C2_P02_N2_S4_1.JPG,2,C2_P02,640,680,808,948,168,268,True
C4_P03_N3_S3_1.JPG,2,C4_P03,40,244,252,560,212,316,True
C1_P07_N1_S3_3.JPG,2,C1_P07,1260,968,1464,1264,204,296,False
C3_P07_N1_S3_1.JPG,2,C3_P07,1800,344,2040,708,240,364,True
C3_P02_N1_S5_1.JPG,2,C3_P02,1388,648,1552,880,164,232,True
C2_P05_N2_S3_1.JPG,2,C2_P05,1700,688,1920,988,220,300,True
C3_P04_N1_S3_2.JPG,2,C3_P04,208,196,552,704,344,508,True
C4_P01_N1_S2_1.JPG,2,C4_P01,216,1144,400,1420,184,276,True
C2_P06_N1_S5_1.JPG,2,C2_P06,1328,88,1456,252,128,164,False
C1_P06_N1_S4_1.JPG,2,C1_P06,600,140,804,400,204,260,True
C1_P06_N1_S4_1.JPG,2,C1_P06,796,152,1000,412,204,260,True
C3_P02_N1_S4_1.JPG,2,C3_P02,1448,920,1648,1208,200,288,True
C2_P02_N2_S3_1.JPG,2,C2_P02,1736,788,1952,1104,216,316,True
C2_P02_N3_S2_1.JPG,2,C2_P02,1388,276,1632,624,244,348,True
C3_P07_N1_S5_1.JPG,2,C3_P07,1940,616,2116,888,176,272,True
C2_P05_N2_S5_1.JPG,2,C2_P05,400,412,512,576,112,164,True
C3_P03_N1_S2_2.JPG,2,C3_P03,1260,456,1572,848,312,392,True
C4_P08_N2_S3_2.JPG,2,C4_P08,1656,908,1868,1216,212,308,False
C4_P08_N1_S3_1.JPG,2,C4_P08,1612,1628,1836,1940,224,312,False
C2_P05_N2_S3_2.JPG,2,C2_P05,1592,820,1772,1076,180,256,True
C1_P10_N3_S3_1.JPG,2,C1_P10,1440,980,1688,1356,248,376,True
C4_P03_N2_S3_1.JPG,2,C4_P03,792,724,976,1000,184,276,True
C4_P03_N1_S3_1.JPG,2,C4_P03,68,236,256,480,188,244,True
C1_P07_N2_S3_2.JPG,2,C1_P07,1024,472,1244,768,220,296,False
C2_P05_N2_S3_2.JPG,2,C2_P05,748,792,928,1048,180,256,True
C4_P01_N1_S3_1.JPG,2,C4_P01,864,928,1052,1208,188,280,True
C4_P01_N2_S2_1.JPG,2,C4_P01,1016,348,1220,644,204,296,True
C4_P03_N2_S3_2.JPG,2,C4_P03,304,900,496,1164,192,264,True
C3_P02_N2_S2_2.JPG,2,C3_P02,1836,520,2124,908,288,388,True
C2_P06_N1_S3_1.JPG,2,C2_P06,952,688,1148,932,196,244,False
C4_P03_N1_S4_1.JPG,2,C4_P03,2372,1184,2540,1424,168,240,True
C1_P10_N1_S5_1.JPG,2,C1_P10,1120,1104,1276,1332,156,228,True
C1_P07_N1_S3_1.JPG,2,C1_P07,1196,360,1388,660,192,300,False
C4_P08_N2_S3_2.JPG,2,C4_P08,1024,884,1236,1192,212,308,False
C4_P01_N1_S3_1.JPG,2,C4_P01,260,928,448,1208,188,280,True
C4_P03_N1_S4_1.JPG,2,C4_P03,340,664,508,892,168,228,True
C1_P06_N1_S3_1.JPG,2,C1_P06,1212,432,1428,736,216,304,True
C4_P03_N1_S3_1.JPG,2,C4_P03,1556,244,1744,488,188,244,True
C1_P10_N1_S4_1.JPG,2,C1_P10,1180,1296,1344,1544,164,248,True
C1_P06_N1_S3_1.JPG,2,C1_P06,244,1100,460,1404,216,304,True
C2_P05_N1_S5_1.JPG,2,C2_P05,688,544,816,720,128,176,True
C1_P07_N1_S3_3.JPG,2,C1_P07,860,320,1064,616,204,296,False
C3_P03_N1_S2_2.JPG,2,C3_P03,1128,1420,1476,1868,348,448,True
C2_P05_N2_S3_1.JPG,2,C2_P05,720,648,940,948,220,300,True
C3_P04_N1_S2_1.JPG,2,C3_P04,2904,452,3284,1036,380,584,True
C2_P05_N2_S5_1.JPG,2,C2_P05,620,56,732,220,112,164,True
C1_P07_N1_S3_2.JPG,2,C1_P07,924,772,1128,1052,204,280,False
C2_P05_N3_S3_2.JPG,2,C2_P05,1500,216,1684,460,184,244,True
C1_P07_N1_S3_2.JPG,2,C1_P07,884,1360,1088,1640,204,280,False
C1_P06_N1_S3_2.JPG,2,C1_P06,1904,440,2124,732,220,292,True
C2_P02_N1_S3_1.JPG,2,C2_P02,764,1444,988,1812,224,368,True
C3_P02_N1_S3_1.JPG,2,C3_P02,1568,1108,1828,1472,260,364,True
C4_P03_N1_S3_1.JPG,2,C4_P03,2400,1432,2588,1708,188,276,True
C2_P05_N2_S2_1.JPG,2,C2_P05,712,680,932,968,220,288,True
C4_P08_N1_S5_1.JPG,2,C4_P08,888,1060,1020,1256,132,196,False
C2_P05_N2_S4_1.JPG,2,C2_P05,1120,164,1288,392,168,228,True
C1_P10_N2_S4_1.JPG,2,C1_P10,1148,1452,1336,1708,188,256,True
C4_P08_N2_S2_1.JPG,2,C4_P08,1396,932,1628,1264,232,332,False
C4_P03_N2_S3_2.JPG,2,C4_P03,160,300,352,564,192,264,True
C3_P03_N1_S2_1.JPG,2,C3_P03,88,1404,424,1852,336,448,True
C1_P06_N1_S3_2.JPG,2,C1_P06,272,1056,500,1360,228,304,True
C2_P02_N3_S2_1.JPG,2,C2_P02,1376,860,1604,1200,228,340,True
C3_P02_N2_S3_1.JPG,2,C3_P02,2740,372,2996,740,256,368,True
C4_P01_N2_S2_1.JPG,2,C4_P01,596,1012,816,1336,220,324,True
C4_P08_N1_S4_1.JPG,2,C4_P08,1840,668,2040,976,200,308,False
C1_P06_N2_S3_1.JPG,2,C1_P06,248,412,496,732,248,320,True
C4_P03_N2_S3_2.JPG,2,C4_P03,1092,300,1284,564,192,264,True
C4_P03_N3_S3_1.JPG,2,C4_P03,2164,252,2376,568,212,316,True
C1_P06_N1_S3_2.JPG,2,C1_P06,1136,1076,1364,1380,228,304,True
C1_P07_N1_S3_1.JPG,2,C1_P07,1680,348,1872,648,192,300,False
C4_P03_N1_S4_1.JPG,2,C4_P03,640,1188,808,1428,168,240,True
C1_P06_N1_S3_2.JPG,2,C1_P06,468,412,684,676,216,264,True
C1_P06_N1_S3_1.JPG,2,C1_P06,1440,440,1656,744,216,304,True
C3_P02_N1_S2_1.JPG,2,C3_P02,1436,1224,1692,1600,256,376,True
C3_P02_N1_S2_2.JPG,2,C3_P02,1184,1268,1452,1656,268,388,True
C3_P03_N2_S2_1.JPG,2,C3_P03,1792,608,2092,1016,300,408,True
C1_P07_N2_S3_3.JPG,2,C1_P07,368,400,580,676,212,276,False
C1_P10_N2_S4_1.JPG,2,C1_P10,464,908,652,1164,188,256,True
C4_P03_N1_S3_1.JPG,2,C4_P03,268,248,456,492,188,244,True
C4_P03_N1_S4_1.JPG,2,C4_P03,1624,1196,1792,1436,168,240,True
C2_P05_N1_S4_1.JPG,2,C2_P05,668,1112,824,1328,156,216,True
C4_P08_N1_S3_1.JPG,2,C4_P08,1204,1616,1428,1928,224,312,False
C3_P03_N1_S5_1.JPG,2,C3_P03,1464,656,1616,872,152,216,True
C3_P07_N1_S3_1.JPG,2,C3_P07,2084,1136,2320,1488,236,352,True
C2_P05_N2_S5_1.JPG,2,C2_P05,620,400,732,564,112,164,True
C4_P08_N2_S4_1.JPG,2,C4_P08,1660,636,1864,920,204,284,False
C3_P03_N1_S4_1.JPG,2,C3_P03,504,860,704,1120,200,260,True
C2_P05_N2_S3_2.JPG,2,C2_P05,1260,816,1440,1072,180,256,True
C4_P03_N1_S3_1.JPG,2,C4_P03,1760,1448,1948,1724,188,276,True
C2_P05_N1_S3_1.JPG,2,C2_P05,892,1248,1076,1508,184,260,True
C3_P02_N1_S4_1.JPG,2,C3_P02,280,244,480,552,200,308,True
C2_P05_N1_S4_1.JPG,2,C2_P05,520,668,676,888,156,220,True
C1_P06_N1_S5_1.JPG,2,C1_P06,356,660,512,876,156,216,True
C3_P03_N1_S2_2.JPG,2,C3_P03,2572,492,2884,884,312,392,True
C2_P02_N2_S4_1.JPG,2,C2_P02,796,708,964,952,168,244,True
C4_P03_N2_S3_1.JPG,2,C4_P03,232,132,416,388,184,256,True
C4_P08_N1_S5_2.JPG,2,C4_P08,1168,1068,1304,1272,136,204,False
C3_P03_N1_S2_2.JPG,2,C3_P03,1572,476,1884,868,312,392,True
C3_P04_N1_S3_2.JPG,2,C3_P04,2040,252,2360,760,320,508,True
C1_P06_N2_S3_1.JPG,2,C1_P06,464,404,712,724,248,320,True
C4_P01_N1_S2_1.JPG,2,C4_P01,1848,1128,2032,1428,184,300,True
C1_P10_N3_S2_1.JPG,2,C1_P10,644,512,916,920,272,408,True
C1_P06_N1_S5_1.JPG,2,C1_P06,964,664,1120,880,156,216,True
C1_P06_N1_S3_2.JPG,2,C1_P06,2384,448,2572,740,188,292,True
C3_P07_N1_S5_1.JPG,2,C3_P07,1756,620,1932,892,176,272,True
C1_P06_N1_S4_1.JPG,2,C1_P06,2120,196,2324,456,204,260,True
C1_P10_N1_S5_1.JPG,2,C1_P10,416,1540,556,1768,140,228,True
C4_P03_N2_S3_2.JPG,2,C4_P03,1612,304,1804,568,192,264,True
C3_P03_N1_S2_2.JPG,2,C3_P03,2624,1408,2972,1856,348,448,True
C2_P05_N1_S2_1.JPG,2,C2_P05,1644,864,1856,1152,212,288,True
C4_P01_N1_S3_1.JPG,2,C4_P01,700,1564,896,1852,196,288,True
C4_P08_N2_S4_1.JPG,2,C4_P08,1948,8,2168,320,220,312,False
C3_P02_N1_S2_2.JPG,2,C3_P02,1248,488,1500,856,252,368,True
C2_P02_N3_S2_1.JPG,2,C2_P02,952,864,1180,1204,228,340,True
C3_P02_N2_S4_1.JPG,2,C3_P02,1884,216,2096,532,212,316,True
C4_P01_N1_S2_1.JPG,2,C4_P01,1800,452,1984,720,184,268,True
C3_P03_N1_S3_1.JPG,2,C3_P03,2328,1116,2608,1492,280,376,True
C1_P10_N1_S4_1.JPG,2,C1_P10,680,1828,844,2076,164,248,True
C4_P03_N2_S4_1.JPG,2,C4_P03,464,632,640,904,176,272,True
C3_P03_N1_S4_1.JPG,2,C3_P03,768,240,964,488,196,248,True
C3_P03_N1_S2_1.JPG,2,C3_P03,1420,1400,1756,1848,336,448,True
C4_P03_N2_S3_1.JPG,2,C4_P03,2064,728,2248,1004,184,276,True
C3_P07_N1_S5_1.JPG,2,C3_P07,1552,56,1728,328,176,272,True
C2_P06_N2_S4_1.JPG,2,C2_P06,1396,72,1576,316,180,244,False
C3_P02_N1_S5_1.JPG,2,C3_P02,808,120,972,352,164,232,True
C3_P07_N2_S2_1.JPG,2,C3_P07,2216,420,2576,924,360,504,True
C4_P08_N3_S3_1.JPG,2,C4_P08,1928,264,2180,652,252,388,False
C4_P03_N1_S4_1.JPG,2,C4_P03,656,680,824,908,168,228,True
C1_P07_N2_S3_3.JPG,2,C1_P07,164,396,376,672,212,276,False
C3_P03_N1_S3_1.JPG,2,C3_P03,2860,1120,3140,1496,280,376,True
C1_P06_N1_S3_2.JPG,2,C1_P06,272,388,488,652,216,264,True
C4_P01_N1_S2_1.JPG,2,C4_P01,1112,464,1296,728,184,264,True
C3_P02_N1_S4_1.JPG,2,C3_P02,948,252,1148,560,200,308,True
C1_P10_N1_S3_1.JPG,2,C1_P10,1956,1792,2200,2176,244,384,True
C4_P08_N2_S3_2.JPG,2,C4_P08,1508,276,1736,592,228,316,False
C1_P10_N3_S2_2.JPG,2,C1_P10,880,432,1144,824,264,392,True
C4_P08_N1_S5_1.JPG,2,C4_P08,760,1056,892,1252,132,196,False
C4_P08_N2_S3_2.JPG,2,C4_P08,1920,280,2156,596,236,316,False
C3_P03_N1_S2_2.JPG,2,C3_P03,2944,484,3256,876,312,392,True
C1_P06_N1_S3_1.JPG,2,C1_P06,1392,1124,1608,1428,216,304,True
C3_P02_N1_S2_2.JPG,2,C3_P02,916,1276,1184,1664,268,388,True
C4_P08_N1_S2_1.JPG,2,C4_P08,1912,1304,2168,1648,256,344,False
C3_P03_N1_S2_2.JPG,2,C3_P03,160,456,472,848,312,392,True
C2_P05_N2_S3_2.JPG,2,C2_P05,1452,304,1632,560,180,256,True
C4_P08_N1_S4_1.JPG,2,C4_P08,1796,1224,1996,1508,200,284,False
C4_P03_N1_S3_1.JPG,2,C4_P03,868,836,1056,1092,188,256,True
C4_P03_N1_S3_1.JPG,2,C4_P03,1576,1452,1764,1728,188,276,True
C4_P08_N2_S3_2.JPG,2,C4_P08,800,888,1012,1196,212,308,False
C2_P06_N2_S3_1.JPG,2,C2_P06,940,164,1136,404,196,240,False
C4_P03_N1_S4_1.JPG,2,C4_P03,2200,1184,2368,1424,168,240,True
C3_P03_N2_S4_1.JPG,2,C3_P03,1152,236,1328,508,176,272,True
C1_P10_N2_S4_1.JPG,2,C1_P10,808,1440,996,1696,188,256,True
C3_P02_N1_S2_2.JPG,2,C3_P02,1860,1276,2128,1644,268,368,True
C4_P08_N1_S4_1.JPG,2,C4_P08,1036,1216,1236,1500,200,284,False
C1_P10_N3_S3_1.JPG,2,C1_P10,712,964,960,1340,248,376,True
C4_P01_N2_S2_1.JPG,2,C4_P01,1856,356,2060,652,204,296,True
C4_P01_N1_S3_1.JPG,2,C4_P01,56,1544,244,1832,188,288,True
C2_P02_N1_S4_1.JPG,2,C2_P02,1304,1524,1484,1764,180,240,True
C1_P07_N1_S3_3.JPG,2,C1_P07,852,964,1056,1260,204,296,False
C4_P08_N3_S3_1.JPG,2,C4_P08,1700,264,1952,652,252,388,False
C1_P10_N1_S5_1.JPG,2,C1_P10,840,1568,980,1796,140,228,True
C3_P04_N1_S4_1.JPG,2,C3_P04,1924,136,2132,456,208,320,True
C3_P02_N1_S2_2.JPG,2,C3_P02,632,476,924,844,292,368,True
C1_P10_N1_S5_1.JPG,2,C1_P10,664,1108,820,1328,156,220,True
C3_P04_N1_S3_2.JPG,2,C3_P04,1688,264,2008,772,320,508,True
C2_P02_N3_S3_1.JPG,2,C2_P02,1772,196,1992,516,220,320,True
C2_P02_N1_S4_1.JPG,2,C2_P02,1344,1108,1500,1360,156,252,True
C3_P02_N1_S2_1.JPG,2,C3_P02,1264,464,1520,840,256,376,True
C2_P05_N2_S4_1.JPG,2,C2_P05,512,628,680,856,168,228,True
C4_P01_N1_S2_1.JPG,2,C4_P01,1584,456,1768,724,184,268,True
C2_P06_N1_S2_1.JPG,2,C2_P06,1428,140,1612,396,184,256,False
C3_P03_N2_S3_1.JPG,2,C3_P03,1292,368,1540,708,248,340,True
C2_P02_N1_S4_1.JPG,2,C2_P02,1208,1104,1364,1356,156,252,True
C1_P06_N1_S3_1.JPG,2,C1_P06,692,1120,908,1424,216,304,True
C4_P03_N2_S3_1.JPG,2,C4_P03,2464,716,2648,992,184,276,True
C3_P03_N1_S2_1.JPG,2,C3_P03,2524,476,2808,888,284,412,True
C1_P06_N1_S5_1.JPG,2,C1_P06,1520,216,1676,400,156,184,True
C3_P03_N1_S4_1.JPG,2,C3_P03,68,244,276,476,208,232,True
C4_P08_N3_S3_2.JPG,2,C4_P08,1456,416,1688,736,232,320,False
C1_P06_N1_S4_1.JPG,2,C1_P06,1428,788,1632,1048,204,260,True
C3_P02_N2_S4_1.JPG,2,C3_P02,1688,216,1900,532,212,316,True
C2_P05_N2_S3_2.JPG,2,C2_P05,936,268,1116,524,180,256,True
C3_P02_N2_S4_1.JPG,2,C3_P02,1472,212,1684,528,212,316,True
C2_P06_N1_S3_1.JPG,2,C2_P06,1420,696,1616,940,196,244,False
C1_P10_N1_S4_1.JPG,2,C1_P10,832,1828,996,2076,164,248,True
C1_P06_N1_S3_1.JPG,2,C1_P06,2844,464,3060,768,216,304,True
C4_P01_N2_S4_1.JPG,2,C4_P01,324,112,496,356,172,244,True
C4_P03_N2_S3_1.JPG,2,C4_P03,980,716,1164,992,184,276,True
C4_P08_N2_S2_1.JPG,2,C4_P08,968,924,1200,1256,232,332,False
C1_P10_N3_S3_1.JPG,2,C1_P10,948,188,1196,564,248,376,True
C1_P10_N3_S3_1.JPG,2,C1_P10,500,924,748,1300,248,376,True
C4_P03_N2_S3_1.JPG,2,C4_P03,2272,732,2456,1008,184,276,True
C3_P03_N1_S2_2.JPG,2,C3_P03,1756,1404,2104,1852,348,448,True
C2_P05_N1_S5_1.JPG,2,C2_P05,812,900,940,1076,128,176,True
C2_P02_N3_S3_1.JPG,2,C2_P02,956,752,1184,1076,228,324,True
C4_P03_N3_S3_2.JPG,2,C4_P03,964,364,1156,652,192,288,True
C2_P05_N3_S3_1.JPG,2,C2_P05,1500,104,1708,408,208,304,True
C1_P10_N3_S2_2.JPG,2,C1_P10,1128,432,1392,824,264,392,True
C4_P08_N1_S2_1.JPG,2,C4_P08,796,1288,1052,1632,256,344,False
C1_P07_N1_S3_2.JPG,2,C1_P07,232,1368,436,1648,204,280,False
C3_P04_N1_S3_2.JPG,2,C3_P04,1340,248,1660,756,320,508,True
C3_P03_N1_S2_1.JPG,2,C3_P03,2228,464,2512,876,284,412,True
C2_P05_N1_S4_1.JPG,2,C2_P05,660,672,816,892,156,220,True
C4_P08_N2_S2_1.JPG,2,C4_P08,760,912,992,1244,232,332,False
C4_P08_N1_S2_1.JPG,2,C4_P08,1264,1300,1520,1644,256,344,False
C2_P05_N2_S5_1.JPG,2,C2_P05,852,56,964,220,112,164,True
C3_P07_N1_S2_1.JPG,2,C3_P07,1800,1504,2132,1984,332,480,True
C4_P03_N2_S4_1.JPG,2,C4_P03,1728,56,1904,328,176,272,True
C2_P06_N1_S5_1.JPG,2,C2_P06,1208,456,1336,620,128,164,False
C1_P10_N2_S3_1.JPG,2,C1_P10,636,1744,896,2120,260,376,True
C3_P03_N2_S2_1.JPG,2,C3_P03,2344,624,2644,1032,300,408,True
C3_P03_N2_S2_1.JPG,5,C3_P03,824,1572,1128,2020,304,448,True
C3_P04_N3_S2_1.JPG,5,C3_P04,3836,624,4244,1228,408,604,True
C3_P07_N1_S5_1.JPG,5,C3_P07,912,1156,1088,1428,176,272,True
C3_P03_N1_S3_1.JPG,5,C3_P03,988,1932,1268,2348,280,416,True
C3_P04_N2_S3_1.JPG,5,C3_P04,3028,1132,3332,1552,304,420,True
C3_P02_N3_S2_1.JPG,5,C3_P02,416,1464,716,1860,300,396,True
C3_P07_N1_S6_1.JPG,5,C3_P07,344,1332,520,1588,176,256,True
C2_P05_N1_S3_1.JPG,5,C2_P05,384,156,572,416,188,260,True
C3_P07_N2_S3_1.JPG,5,C3_P07,692,1052,1004,1504,312,452,True
C1_P10_N1_S5_1.JPG,5,C1_P10,436,644,576,860,140,216,True
C1_P10_N1_S3_1.JPG,5,C1_P10,596,1028,828,1392,232,364,True
C2_P02_N1_S2_1.JPG,5,C2_P02,528,1092,776,1432,248,340,True
C4_P03_N1_S4_1.JPG,5,C4_P03,504,1720,668,1976,164,256,True
C2_P06_N2_S4_2.JPG,5,C2_P06,500,548,672,760,172,212,False
C3_P03_N3_S2_1.JPG,5,C3_P03,1136,544,1452,984,316,440,True
C3_P03_N1_S4_1.JPG,5,C3_P03,716,1500,916,1780,200,280,True
C2_P06_N1_S5_1.JPG,5,C2_P06,684,800,812,964,128,164,False
C1_P07_N2_S3_3.JPG,5,C1_P07,400,1644,608,1952,208,308,False
C2_P06_N2_S4_1.JPG,5,C2_P06,440,584,620,828,180,244,False
C1_P10_N1_S3_1.JPG,5,C1_P10,820,1016,1052,1380,232,364,True
C3_P02_N4_S2_1.JPG,5,C3_P02,692,520,1036,960,344,440,True
C3_P03_N2_S4_1.JPG,5,C3_P03,772,852,948,1112,176,260,True
C3_P04_N1_S3_1.JPG,5,C3_P04,2660,1940,2920,2316,260,376,True
C4_P03_N2_S3_2.JPG,5,C4_P03,520,1504,712,1768,192,264,True
C2_P06_N1_S4_1.JPG,5,C2_P06,688,924,852,1144,164,220,False
C2_P06_N2_S4_2.JPG,5,C2_P06,672,548,832,760,160,212,False
C3_P03_N1_S5_1.JPG,5,C3_P03,500,1152,652,1376,152,224,True
C2_P02_N2_S2_1.JPG,5,C2_P02,460,284,676,640,216,356,True
C1_P06_N3_S3_1.JPG,5,C1_P06,664,824,884,1132,220,308,True
C2_P06_N2_S4_1.JPG,5,C2_P06,640,588,820,832,180,244,False
C3_P04_N2_S4_1.JPG,5,C3_P04,1956,740,2160,1048,204,308,True
C4_P03_N2_S3_2.JPG,5,C4_P03,336,1500,528,1764,192,264,True
C3_P04_N1_S4_1.JPG,5,C3_P04,2100,1276,2296,1544,196,268,True
C4_P03_N3_S3_2.JPG,5,C4_P03,352,992,544,1280,192,288,True
C1_P06_N1_S5_1.JPG,5,C1_P06,640,1632,796,1848,156,216,True
C4_P08_N1_S3_1.JPG,5,C4_P08,444,388,664,692,220,304,False
C3_P03_N2_S2_1.JPG,5,C3_P03,1180,1580,1484,2028,304,448,True
C4_P03_N3_S3_2.JPG,5,C4_P03,536,988,728,1276,192,288,True
C1_P10_N1_S4_1.JPG,5,C1_P10,548,744,708,1004,160,260,True
C3_P02_N3_S3_1.JPG,5,C3_P02,896,1132,1168,1500,272,368,True
C3_P07_N1_S4_1.JPG,5,C3_P07,468,1388,684,1712,216,324,True
C3_P03_N2_S3_1.JPG,5,C3_P03,1040,1168,1292,1544,252,376,True
C3_P03_N1_S4_1.JPG,5,C3_P03,488,1488,688,1768,200,280,True
C3_P07_N1_S3_1.JPG,5,C3_P07,876,1860,1124,2212,248,352,True
C4_P03_N2_S3_1.JPG,5,C4_P03,408,1300,580,1576,172,276,True
C2_P06_N3_S4_1.JPG,5,C2_P06,388,44,560,292,172,248,False
C2_P06_N1_S4_1.JPG,5,C2_P06,512,932,676,1152,164,220,False
C4_P08_N1_S4_1.JPG,5,C4_P08,520,128,712,404,192,276,False
C4_P08_N1_S5_2.JPG,5,C4_P08,404,268,548,476,144,208,False
C1_P10_N1_S2_1.JPG,5,C1_P10,556,1308,788,1680,232,372,True
C1_P07_N2_S3_1.JPG,5,C1_P07,356,1684,560,1980,204,296,False
C1_P10_N2_S4_1.JPG,5,C1_P10,484,364,680,608,196,244,True
C4_P03_N1_S4_1.JPG,5,C4_P03,676,1724,840,1980,164,256,True
C2_P06_N1_S3_2.JPG,5,C2_P06,632,1156,820,1408,188,252,False
C3_P03_N1_S5_1.JPG,5,C3_P03,684,1156,836,1380,152,224,True
C2_P02_N1_S4_1.JPG,5,C2_P02,432,644,596,904,164,260,True
C4_P01_N3_S3_1.JPG,5,C4_P01,252,1016,424,1284,172,268,True
C1_P06_N3_S3_2.JPG,5,C1_P06,644,1204,876,1536,232,332,True
C2_P06_N3_S3_1.JPG,5,C2_P06,608,120,784,352,176,232,False
C3_P03_N3_S2_1.JPG,5,C3_P03,784,548,1100,988,316,440,True
C4_P03_N2_S4_1.JPG,5,C4_P03,688,1200,864,1472,176,272,True
C3_P04_N1_S5_1.JPG,5,C3_P04,1660,1076,1832,1312,172,236,True
C3_P03_N2_S3_1.JPG,5,C3_P03,752,1164,1004,1540,252,376,True
C4_P03_N3_S3_1.JPG,5,C4_P03,316,884,528,1200,212,316,True
C4_P08_N1_S2_1.JPG,5,C4_P08,368,656,620,980,252,324,False
C1_P10_N1_S5_1.JPG,5,C1_P10,308,660,448,876,140,216,True
C2_P06_N1_S3_2.JPG,5,C2_P06,464,1160,652,1412,188,252,False
C2_P05_N1_S4_1.JPG,5,C2_P05,204,196,348,432,144,236,True
C1_P10_N1_S2_1.JPG,5,C1_P10,788,1300,1020,1672,232,372,True
C3_P02_N1_S5_1.JPG,5,C3_P02,272,1608,436,1836,164,228,True
C3_P07_N2_S2_1.JPG,5,C3_P07,540,1448,900,1952,360,504,True
C4_P03_N2_S3_1.JPG,5,C4_P03,592,1304,764,1580,172,276,True
C3_P02_N3_S2_2.JPG,5,C3_P02,752,1500,1072,1928,320,428,True
C1_P10_N2_S4_1.JPG,5,C1_P10,320,372,516,616,196,244,True
C3_P07_N3_S2_1.JPG,5,C3_P07,424,504,808,996,384,492,True
C4_P03_N2_S4_1.JPG,5,C4_P03,504,1196,680,1468,176,272,True
C2_P05_N1_S2_1.JPG,5,C2_P05,272,240,468,536,196,296,True
C2_P06_N3_S3_1.JPG,5,C2_P06,428,112,604,344,176,232,False
C3_P03_N1_S3_1.JPG,5,C3_P03,1280,1936,1592,2352,312,416,True
C3_P04_N2_S2_1.JPG,5,C3_P04,3692,1560,4080,2100,388,540,True
C2_P06_N1_S5_1.JPG,5,C2_P06,552,800,680,964,128,164,False
C3_P02_N2_S3_1.JPG,5,C3_P02,860,1840,1128,2176,268,336,True
C2_P02_N2_S4_1.JPG,5,C2_P02,452,216,624,496,172,280,True
C3_P07_N3_S3_1.JPG,5,C3_P07,392,184,788,680,396,496,True
C1_P10_N2_S3_1.JPG,5,C1_P10,468,252,696,576,228,324,True
C3_P07_N2_S4_1.JPG,5,C3_P07,852,816,1092,1152,240,336,True
C3_P02_N1_S4_1.JPG,5,C3_P02,268,2100,468,2408,200,308,True
C3_P03_N3_S3_1.JPG,5,C3_P03,900,196,1172,556,272,360,True
C2_P02_N1_S3_1.JPG,5,C2_P02,560,884,772,1196,212,312,True
C2_P06_N3_S4_1.JPG,5,C2_P06,584,60,756,308,172,248,False
C2_P06_N1_S3_1.JPG,5,C2_P06,468,1192,644,1436,176,244,False
C1_P10_N2_S2_1.JPG,5,C1_P10,804,384,1056,756,252,372,True
C3_P04_N1_S3_2.JPG,5,C3_P04,2980,1936,3272,2316,292,380,True
C1_P07_N2_S3_2.JPG,5,C1_P07,356,1736,576,2032,220,296,False
C3_P03_N3_S3_1.JPG,5,C3_P03,608,200,880,560,272,360,True
C4_P01_N2_S4_1.JPG,5,C4_P01,332,1220,504,1476,172,256,True
C3_P02_N2_S4_1.JPG,5,C3_P02,264,1484,500,1760,236,276,True
C2_P02_N2_S3_1.JPG,5,C2_P02,536,192,752,512,216,320,True
C2_P06_N1_S3_1.JPG,5,C2_P06,648,1196,824,1440,176,244,False
C1_P06_N2_S3_3.JPG,5,C1_P06,648,1780,900,2108,252,328,True
C1_P10_N1_S4_1.JPG,5,C1_P10,388,748,548,1008,160,260,True
C1_P10_N2_S2_1.JPG,5,C1_P10,552,420,804,792,252,372,True
C4_P08_N1_S5_1.JPG,5,C4_P08,408,288,540,496,132,208,False
C4_P03_N3_S3_1.JPG,5,C4_P03,520,892,732,1208,212,316,True
C1_P06_N2_S3_1.JPG,5,C1_P06,664,1844,888,2180,224,336,True
C3_P03_N2_S4_1.JPG,5,C3_P03,544,852,720,1112,176,260,True
C2_P05_N1_S5_1.JPG,5,C2_P05,180,140,308,320,128,180,True
C2_P06_N2_S3_1.JPG,5,C2_P06,660,680,856,920,196,240,False
C1_P06_N2_S3_2.JPG,5,C1_P06,664,1520,912,1848,248,328,True
C2_P02_N1_S5_1.JPG,5,C2_P02,280,604,388,772,108,168,True
C1_P10_N2_S3_1.JPG,5,C1_P10,688,244,916,568,228,324,True
C1_P06_N1_S4_2.JPG,5,C1_P06,860,1460,1056,1740,196,280,True
C1_P06_N1_S4_1.JPG,5,C1_P06,780,2036,984,2328,204,292,True
C2_P06_N2_S3_1.JPG,5,C2_P06,468,700,664,940,196,240,False
